 A1  380 NON-PR VOTERS ELECT  3  OUT OF 10  BY STV                         
  1    1 99  1 99 99 99 99  3 99  2 99
  1    2 99  1 99 99 99 99  2 99  3 99
  1    3 99  1 99 99 99 99  3 99  2 99
  1    4 99  1 99 99 99 99  3 99  2 99
  1    5  1  2 99 99  3 99 99 99 99 99
  1    6 99  2 99 99 99  3  1 99 99 99
  1    7 99  4  5 99 99 99  3  2  1 99
  1    8  3 99 99  2 99 99 99 99  1 99
  1    9  9  3 10  7  8  4  5  6  1  2
  1   10 99  3 99 99 99 99  2 99  1 99
  1   11 99 99 99 99 99 99  2  3  1 99
  1   12 99 99 99 99 99 99 99  2  1 99
  1   13  8  4  5  6  7  2  3  9  1 10
  1   14  5  4  7  8 10  9  3  2  1  6
  1   15 99 99 99 99 99 99  3  2  1 99
  1   16 99 99 99 99 99 99  3  2  1 99
  1   17 99 99 99 99 99 99  3  2  1 99
  1   18  2  9  3  4 10  8  5  7  1  6
  1   19  4  3 99 99  5 99  2 99  1 99
  1   20 99 99 99 99 99  2 99 99  1 99
  1   21 99 99 99 99 99 99  3  2  1 99
  1   22 99 99 99 99 99 99 99  2  1 99
  1   23 99  3  4 99 99 99 99 99  1  2
  1   24 99  3  4 99 99 99 99 99  1  2
  1   25 99 99  2  3 99 99  4 99  1 99
  1   26 99 99 99 99 99 99 99 99  1 99
  1   27 99 99 99 99 99  2  3 99  1 99
  1   28  3 99 99 99 99 99 99  2  1 99
  1   29 99  3 99  6 99  4  2  5  1 99
  1   30 99 99 99 99 99 99  2 99  1  3
  1   31  2  7  4  3 10  9  5  6  1  8
  1   32  2 99  3 99 99 99 99 99  1 99
  1   33 99 99 99 99 99  3 99  2  1 99
  1   34 99 99  3 99 99 99  4  2  1 99
  1   35  2 99  3 99 99 99 99 99  1 99
  1   36 99 99 99 99 99 99 99 99  1 99
  1   37  2 99  4 99 99 99  3  5  1 99
  1   38 99  2 99 99  5  4 99 99  1  3
  1   39 99 99 99 99 99 99  2 99  1 99
  1   40 99 99  3  2 99 99 99 99  1 99
  1   41  4 99  5  3 99 99 99  2  1  6
  1   42 99  2 99 99 99 99  3  4  1 99
  1   43 99  6  3 99 99  4  5  2  1 99
  1   44 99 99 99 99 99 99 99 99  1 99
  1   45 99  6  3 99 99  4  5  2  1 99
  1   46  4 99 99 99 99 99  3  2  1 99
  1   47  5  6  8  4  9  7  3 10  1  2
  1   48  3 99  2 99 99 99 99 99  1 99
  1   49  4 99 99 99 99 99  3 99  1  2
  1   50  3  4 99  2 99 99 99 99  1 99
  1   51 99  2  5 99 99 99  3  4  1 99
  1   52  4  5 99  2 99 99 99  3  1 99
  1   53  6  3  5 99 99 99  2 99  1  4
  1   54  4  8  3  2 10  7  5  6  1  9
  1   55  4  8  3  2 10  7  5  6  1  9
  1   56 99 99 99 99 99 99 99  2  1 99
  1   57  2 99 99 99 99 99 99 99  1 99
  1   58  4 99  5  2 99 99  6  3  1 99
  1   59  3 99 99  2 99 99 99 99  1 99
  1   60  8  5  4  9 10  3  6  2  1  7
  1   61 99 99 99  3 99 99 99  2  1 99
  1   62 99 99 99 99 99 99  2  3  1 99
  1   63 99 99 99  3 99 99 99  2  1 99
  1   64 99 99 99 99 99 99 99 99  1 99
  1   65  2 99  4  5 99 99 99  3  1 99
  1   66 99  2 99 99 99 99  3  4  1 99
  1   67  9  2  4  5  6  7  3  8  1 99
  1   68 99  2 99  4 99 99  3 99  1 99
  1   69 99  2 99 99 99  5  3  4  1  6
  1   70 99 99  3  2 99 99 99 99  1 99
  1   71  4 99  3 99 99 99  2 99  1 99
  1   72  1  3 99  4 99 99 99  5  2  6
  1   73  1 99 99  4 99 99 99  5  2  3
  1   74  1 99 99 99 99 99 99 99  2  3
  1   75  1  6 10  4  5  9  3  8  2  7
  1   76  1 99  3 99 99 99 99 99  2 99
  1   77  1 99  5 99 99  4  3 99  2 99
  1   78  1 99  4 99 99 99 99 99  2  3
  1   79  1 99  4  3 99 99 99  5  2  6
  1   80  1 99 99  3 99 99  4 99  2 99
  1   81  1  4  5  7 99 99  6  3  2  8
  1   82  1  4  5  7 99 99  6  3  2  8
  1   83  1 99  3 99 99 99 99 99  2 99
  1   84  1 99  3 99 99 99 99 99  2 99
  1   85  1 99  3 99 99 99 99 99  2 99
  1   86  1 99  6  5 99 99 99  4  2  3
  1   87  1 99  4 99  3 99 99 99  2 99
  1   88  1 99  4 99  3 99 99 99  2 99
  1   89  1 99  4 99  3 99 99 99  2 99
  1   90  1  6  4  7  8  9 10  3  2  5
  1   91  1 99 99  4 99 99 99 99  2  3
  1   92  1 99  6  4 99 99  5 99  2  3
  1   93 99  3 99 99 99  1 99 99  2 99
  1   94 99 99 99 99 99  1 99  4  2  3
  1   95  1  4 99 99  2 99  5 99  3  6
  1   96  1  4 99 99  2 99  5 99  3  6
  1   97  1  4 99 99  2 99  5 99  3  6
  1   98  1 99 99  4 99 99 99 99  3  2
  1   99  1 99 99 99 99 99 99 99  3  2
  1  100  1  4  5  6  7  8  9 10  3  2
  1  101  1  4 99 99 99 99 99 99  3  2
  1  102  1  4  5  6  7  8  9 10  3  2
  1  103 99  5  4 99 99 99  3 99  2  1
  1  104 99 99  6  3 99  5 99  4  2  1
  1  105  2 99 99 99 99 99 99 99  3  1
  1  106 99 99 99 99 99 99 99  3  2  1
  1  107 99 99 99 99 99 99 99  3  2  1
  1  108 99  3 99 99 99 99 99 99  2  1
  1  109  1 10  5  6  9  7  2  4  3  8
  1  110  1  7  6  9 10  5  2  4  3  8
  1  111  1 99  4 99 99 99  2 99  3 99
  1  112  1 99 99 99 99 99  2 99  3 99
  1  113  1 99 99 99 99 99  2 99  3 99
  1  114  1 99 99 99 99 99  2 99  3 99
  1  115  1  5  6 99 99  4  2 99  3 99
  1  116  1 99  4 99 99 99  2 99  3 99
  1  117 99 99 99 99 99  2  1 99  3 99
  1  118 99  3 99 99 99 99  1 99  2 99
  1  119 99 99 99 99 99 99  1  3  2 99
  1  120 99 99 99 99 99 99  1  3  2 99
  1  121  2 99  5  4 99 99  1  6  3  7
  1  122 99 99  3 99 99 99  1 99  2 99
  1  123 99 99  3 99 99 99  1 99  2 99
  1  124 99 99  3 99 99 99  1 99  2 99
  1  125 99 99  3 99 99 99  1 99  2 99
  1  126 99 99 99 99 99 99  1  3  2 99
  1  127 99 99 99 99 99  3  1  4  2 99
  1  128  3  8  4  1  5  6 10  2  9  7
  1  129  5  6 99  1  2 99  3  7 99  4
  1  130  4 99 99  1  2 99 99  3 99 99
  1  131  6  3  7  2 10  8  1  5  4  9
  1  132 99  1 99  4 99 99  3  5  2 99
  1  133 99  1 99  2 99 99 99  3 99 99
  1  134 99  1 99  2 99 99 99  3 99 99
  1  135 99  1 99  2 99 99 99  3 99 99
  1  136 99 99 99 99 99 99  1 99 99 99
  1  137 99 99 99 99 99  1  2 99 99 99
  1  138  1 99 99 99  3 99 99 99 99  2
  1  139  2 99 99 99 99 99 99 99 99  1
  1  140  2 99 99 99 99 99 99 99 99  1
  1  141 99 99 99 99 99 99 99 99 99  1
  1  142 99 99 99 99 99 99 99 99 99  1
  1  143 99 99 99 99  1 99 99 99 99  2
  1  144  1 99 99 99  2 99 99 99 99 99
  1  145  1 99 99 99  2 99 99 99 99 99
  1  146  1 99 99 99  3  2 99 99 99 99
  1  147  1 99 99 99 99 99 99 99 99 99
  1  148  1 99 99 99 99 99 99 99 99 99
  1  149  1 99 99 99 99 99 99 99 99 99
  1  150  1 99 99  2 99  5 99 99  3  4
  1  151  1 99 99  2  4 99 99 99 99  3
  1  152  1 99 99  2 99 99 99 99 99 99
  1  153  1 99 99  2 99 99 99 99 99 99
  1  154  1 99 99  2 99 99 99 99 99 99
  1  155  1 99 99  2  3 99 99 99 99 99
  1  156  1 99 99  3  2 99 99 99 99 99
  1  157  1  2 99  3 99 99 99 99 99 99
  1  158  3 99 99  1 99 99 99 99  2 99
  1  159  3 99 99  1 99 99 99 99 99  2
  1  160 99 99 99  1 99  3 99 99  2 99
  1  161 99 99 99  1 99  3 99 99  2 99
  1  162 99 99 99  1 99 99 99 99 99 99
  1  163 99 99 99  1 99 99 99 99 99 99
  1  164 99 99 99  1 99 99 99 99 99 99
  1  165 99  2 99  1 99 99  3 99 99 99
  1  166 99 99 99  1 99 99  3 99  2 99
  1  167  2 99 99  1 99 99 99 99  3 99
  1  168  2 99 99  1 99 99 99 99  3 99
  1  169 99 99 99  1  3 99 99 99 99  2
  1  170  4 99 99  1  2 99 99 99  3 99
  1  171  2 99 99  1  3 99 99 99 99 99
  1  172 99 99 99  1 99 99 99 99 99 99
  1  173 99 99 99  3 99  1  2 99 99  4
  1  174 99 99 99  2 99 99 99 99 99  1
  1  175  3 99 99  2 99 99 99 99 99  1
  1  176 99  1 99  2 99 99 99 99 99 99
  1  177  1 99  3  2 99  4 99 99 99  5
  1  178  1 99  4  2 99 99 99  5  3 99
  1  179  1 99  4  2 99 99 99  5  3 99
  1  180  1 99  4  2 99 99 99  5  3 99
  1  181  1 99  3  2  6  4 99  5 99 99
  1  182  1  5  6  3  2  8  7  9  4 10
  1  183  1  2  4  3 99 99 99 99 99 99
  1  184  1 99 99  2  3 99 99  4 99  5
  1  185  1 99 99  2 99 99  4  3 99 99
  1  186  1 99 99  2  3 99 99  5  4 99
  1  187  1 99 99  2 99 99 99  3 99 99
  1  188  1  2 99  3  4 99 99  5 99  6
  1  189 99  3 99 99 99 99 99  1  2 99
  1  190  3 99  2 99 99  4 99  1 99 99
  1  191  4  5  3 99 99 99 99  1 99  2
  1  192 99  2 99 99 99  3 99  1 99 99
  1  193  3  2  4  5 99 99 99  1 99 99
  1  194  3  2  4  5 99 99 99  1 99 99
  1  195 99  2 99 99 99 99 99  1 99 99
  1  196 99  2 99 99 99 99 99  1 99 99
  1  197 99  2 99 99 99  3 99  1 99 99
  1  198 99  2 99 99 99 99  3  1  4 99
  1  199  3 99  2 99 99  4 99  1 99 99
  1  200  2  6  5  4  8  9 10  1  3  7
  1  201 99  2  4 99 99 99  3  1 99 99
  1  202  2 99 99 99  3 99 99  1 99 99
  1  203 99 99 99 99 99 99  2  1 99 99
  1  204  3  4 99  6 99 99  5  1  2 99
  1  205  2 99 99 99 99 99  3  1  4 99
  1  206 99 99 99 99 99  4  3  1  5  2
  1  207 99 99 99 99 99  5  4  1  3  2
  1  208 99 99 99 99 99  5  2  1  3  4
  1  209  2 99 99 99 99 99  3  1  4 99
  1  210 99  3 99  2 99 99 99  1 99 99
  1  211 99 99 99 99 99 99  2  1  3 99
  1  212  3 99 99 99 99 99  2  1 99 99
  1  213  2  5  3  4  6 10  9  1  8  7
  1  214  2  5  3  4  6 10  9  1  8  7
  1  215 99  2 99 99 99 99  3  1  4 99
  1  216  3 99  2 99 99  4  6  1  5  7
  1  217  3 99  2 99 99  4  6  1  5  7
  1  218  2 99 99 99 99 99 99  1 99  3
  1  219  2 99 99 99 99 99 99  1 99  3
  1  220  1 99 99  3 99 99 99  2 99 99
  1  221  1  5  6  4  7  3 10  2  9  8
  1  222  1 99  3  4 99 99 99  2 99 99
  1  223  1  6  4  5  8  7  9  2  3 10
  1  224  1 99 99  3 99 99 99  2 99 99
  1  225  1 99 99 99 99 99 99  2  3  4
  1  226  1 99 99  3 99 99 99  2  4 99
  1  227  1 99 99  3 99 99 99  2  4 99
  1  228  1 99 99  3 99 99 99  2  4 99
  1  229  1 99  3 99 99 99 99  2  4 99
  1  230  1 99 99  3 99 99 99  2 99 99
  1  231  1 99 99  3 99 99 99  2 99 99
  1  232  3 99 99 99  1 99 99  2 99 99
  1  233 99 99 99 99 99  1 99  2  3 99
  1  234  1 99 99 99  2 99 99  3 99 99
  1  235  1 99 99 99  2 99 99  3 99 99
  1  236  1 99 99 99  2 99 99  3 99 99
  1  237  1 99 99 99  2 99 99  3 99 99
  1  238  1 99 99 99  2 99 99  3 99 99
  1  239  3 99  5 99  6  2 99  4 99  1
  1  240  3 99  5 99  6  2 99  4 99  1
  1  241  2 99 99 99 99 99  1  3  4  5
  1  242 99 99  3 99 99 99  1  2 99 99
  1  243  6  7 10  4  5  9  2  3  8  1
  1  244  5 99  6 99 99  1  2  3  4 99
  1  245  5 99  6 99 99  1  2  3  4 99
  1  246 99 99 99 99 99  1  2  3 99 99
  1  247 99 99 99 99 99  1  2  3 99 99
  1  248 99  1 99 99 99 99 99  2 99  3
  1  249 99  1 99  5 99 99  3  2  4 99
  1  250 99  1 99  5 99 99  3  2  4 99
  1  251 99  1 99 99 99 99 99  2 99 99
  1  252 99  1 99 99 99 99 99  2 99 99
  1  253 99  1 99 99 99 99  3  2 99 99
  1  254 99  1 99 99 99 99  3  2 99 99
  1  255 99  1 99 99 99 99  2  3  4 99
  1  256 99  1 99  4 99 99 99  2  3 99
  1  257 99  1 99 99 99 99  2  3  4 99
  1  258 99  1 99 99 99 99 99  2 99 99
  1  259 99  1 99 99 99 99 99  2 99 99
  1  260 99  1 99 99 99 99 99  2  3 99
  1  261 99  1 99 99 99 99 99  2 99 99
  1  262 99  1 99 99 99 99 99  2 99 99
  1  263 99  1 99 99 99 99 99  3  2 99
  1  264 10  1  9  8  7  5  3  4  2  6
  1  265 99  1 99 99 99 99  2  4  3  5
  1  266 99  1 99 99 99 99  2  4  3  5
  1  267 99  1 99 99 99 99 99  3  2 99
  1  268 99  2 99 99 99 99  1  4  3 99
  1  269  9  2  6 10  8  4  1  5  3  7
  1  270 99  2 99  5 99 99  1  4  3 99
  1  271 99 99  2  1 99  3 99 99 99 99
  1  272  3 99 99  1  2 99 99  4  5  6
  1  273 99 99  2  1 99 99 99  3 99 99
  1  274  3 99  2  1 99 99 99 99 99 99
  1  275 99 99  2  1 99  3 99 99 99 99
  1  276  3  4  2  1 10  8  9  7  5  6
  1  277  9  3  5  1  6  8  4 10  2  7
  1  278  4 99  3  1 99 99 99 99 99  2
  1  279  2 99  3  1 99 99 99 99 99 99
  1  280 99 99  2  1 99 99 99  3  4 99
  1  281  5  6  4  1  7 99 99 99  3  2
  1  282  6  7  4  1  9  8  2  5 10  3
  1  283  4 99  2  1 99 99 99  3 99  5
  1  284  3 99  5  4 99 99  1  6  7  2
  1  285  3  4  5  2  6  7  1  8  9 10
  1  286  3  7  6  2  5  8  9 10  4  1
  1  287  4  6  5  2 99 99 99 99  3  1
  1  288  3  1  6  5 99 99 99  7  2  4
  1  289  9  1  5  2 10  8  4  6  3  7
  1  290 99 99  1 99 99  2 99  3 99 99
  1  291 99 99  1 99 99  2 99  3 99 99
  1  292 99 99  1 99 99  2 99  3 99 99
  1  293 99 99  1 99 99  2 99  3 99 99
  1  294  2 99  1 99 99 99 99 99 99 99
  1  295  2 99  1 99 99 99 99 99 99 99
  1  296  2 99  1 99 99 99 99 99 99 99
  1  297  2 99  1 99 99 99 99 99 99 99
  1  298  2 99  1 99 99 99 99 99 99 99
  1  299  2 99  1 99 99 99 99 99 99 99
  1  300  2 99  1 99 99 99 99  3 99 99
  1  301  3 99  1  2 99 99 99 99  4 99
  1  302  2 99  1 99 99 99 99 99 99 99
  1  303  2 99  1 99 99 99 99 99 99 99
  1  304  2 99  1 99 99 99 99 99 99 99
  1  305  2  3  1  4  5  6  7  8  9 10
  1  306  2 99  1 99 99  3 99 99 99 99
  1  307 99 99  1 99 99 99 99  3  2 99
  1  308  3 99  1 99  4 99  2 99 99 99
  1  309  4  6  1  2  7  5 10  8  9  3
  1  310  2 99  1 99 99 99 99 99 99 99
  1  311  2 99  1 99 99 99 99 99 99 99
  1  312 99 99  1  2 99 99  4 99  3 99
  1  313 99 99  1 99  2 99 99  3 99 99
  1  314  2 99  1 99 99 99 99 99 99 99
  1  315  2 99  1 99 99 99 99 99 99 99
  1  316  2 99  1 99 99 99 99 99  3 99
  1  317  2 99  1 99 99 99 99 99  3 99
  1  318  2 99  1 99 99 99 99 99  3 99
  1  319  6  7  1  2  3  9 10  4  8  5
  1  320 99 99  1 99 99  2 99 99 99 99
  1  321  3 99  1  7  6 99  5  4  2 99
  1  322  2  4  1  5  3  7  6  9  8 10
  1  323 99  3  1 99 99 99  4  2 99 99
  1  324  1  2  3 10  7  8  4  5  6  9
  1  325 99  1  2 99 99 99 99 99  3 99
  1  326 99  1  2 99 99 99 99  5  3  4
  1  327  4  1  3 99  2 99 99 99 99 99
  1  328  3  1  2  4  8  9 10  7  5  6
  1  329 99  1  2 99 99 99 99  5  3  4
  1  330  1  6  2  5 99 99 99  4  3 99
  1  331  1 99  2 99 99 99 99 99 99 99
  1  332  1 99  2 99 99 99 99 99 99 99
  1  333  1 99  2 99 99 99 99 99 99 99
  1  334  1 99  2 99 99 99 99 99 99 99
  1  335  1  8  2  3  5  6 10  9  4  7
  1  336  1 10  2  3  6  5  7  4  8  9
  1  337  1 99  2 99 99 99 99 99 99 99
  1  338  1 99  2 99 99 99 99  3  4  5
  1  339  1 99  2  3 99 99 99 99 99 99
  1  340  1 99  2 99 99 99 99 99  3 99
  1  341  1 99  2 99 99 99 99 99 99 99
  1  342  1 99  2 99 99 99  4 99  3 99
  1  343  1 99  2 99 99 99  4 99  3 99
  1  344  1 99  2 99 99  3 99 99 99 99
  1  345  1  7  2  9 10  8  3  4  6  5
  1  346  1  5  2 99 99 99  3 99  4 99
  1  347  1  3  2 99 99 99  4 99  5 99
  1  348  1  3  2 99 99 99  4 99  5 99
  1  349  1 99  2 99 99 99 99 99  3 99
  1  350  1 99  2 99 99 99 99 99  3 99
  1  351  1 99  2 99 99 99 99 99  3 99
  1  352  1 99  2 99 99 99 99 99  3 99
  1  353  1 99  2 99 99 99  4 99  3 99
  1  354  1 99  2 99 99 99 99 99 99 99
  1  355  1 99  2 99 99 99 99 99  3 99
  1  356  1 99  2 99 99 99 99 99  3 99
  1  357  1 99  2 99 99 99 99 99  3 99
  1  358  1 99  2 99 99 99  5  6  3  4
  1  359  1 99  2 99  3 99 99 99  4 99
  1  360  1  3  2 99 99 99  4 99 99 99
  1  361  1  3  2 99 99 99  4 99 99 99
  1  362  1  3  2 99 99 99  4 99 99 99
  1  363  1 99  2 99 99 99  4 99  3 99
  1  364  1 99  2  4 99 99 99  3 99 99
  1  365  1 99  2  3 99 99 99 99 99 99
  1  366  1 99  2 99 99 99 99 99 99 99
  1  367  1 99  2 99  3 99 99 99 99 99
  1  368  1 99  2 99 99 99 99 99 99 99
  1  369  1 99  2 99 99 99 99 99  3 99
  1  370  1 99  2 99 99 99  3 99 99 99
  1  371  1 99  2  3 99 99 99 99  4 99
  1  372  1 99  2  3 99 99 99 99 99 99
  1  373  4 99  2  3 99  1 99 99 99 99
  1  374  1 99  3 99 99  2 99 99 99 99
  1  375  1 99  3 99 99 99 99 99 99  2
  1  376 99 99  2 99  3 99 99 99 99  1
  1  377  2  5  3  4  6  7 10  9  8  1
  1  378  2 99  3 99 99 99  1  5  4 99
  1  379  2 99  3 99 99 99  1  5  4 99
  1  380 99 99  2  3 99 99  1 99 99 99
