A10   83 UNION  VOTERS ELECT  3  OUT OF 19 (BY RAV)                        
 10    1 99 99  3 99 99 99 99 99 99 99 99 99  2 99 99 99 99  1 99
 10    2 99 99 99 99 99 99 99 99 99 99 99 99  2 99  4  3 99  1 99
 10    3  3 99  7 99 99 99  4 99 99 99 99 99  2  5 99  6 99  1 99
 10    4  3 99  9 99 99 99  7 99 99 99  8 99  2  4  5  6 99  1 10
 10    5  5 99 99 99 99 99  6 99 99  1 99 99  2  4 99 99 99 99  3
 10    6  3 99  5 99 99 99 99 99 99  4  1 99  2 99 99 99 99 99  6
 10    7  2 99 99 99 99 99  3 99 99 99 99 99  1 99 99  4 99 99 99
 10    8  3 99 99 99 99 99  2 99 99 99 99 99  1 99 99 99 99 99 99
 10    9  2 99 99 99 99 99 99 99 99 99 99 99  1 99 99 99 99  3 99
 10   10  3 99 99 99 99 99 99 99 99 99 99 99  1 99 99 99 99  2 99
 10   11  2 99 99 99 99 99 99 99 99 99  3 99  1 99 99 99 99 99 99
 10   12  3 99 99 99  1 99  4 99  5 99 99 99  2 99 99 99 99 99 99
 10   13  2 99 99 99 99 99 99 99 99 99 99 99  1 99 99 99 99 99 99
 10   14 99 99  3  6 99 99  2 99 99  4 99 99  1 99 99 99 99 99  5
 10   15 99 99 99 99 99 99  2 99 99 99 99 99  1 99 99 99 99 99  3
 10   16  3 99 99  2 99 99 99 99 99 99 99 99 99 99 99  1 99 99 99
 10   17  2 99 99 99 99 99 99 99 99 99 99 99 99 99 99  1  3 99 99
 10   18 99 99 99 99 99 99 99 99  3 99 99 99 99 99 99  1  2 99 99
 10   19 99 99 99  3 99  2 99 99 99 99 99 99 99 99 99  1 99 99 99
 10   20 99  5 99 99  3  1 99  2 99 99 99 99 99 99 99  4 99 99 99
 10   21 99 99 99  2 99 99 99 99 99 99 99 99 99 99 99  1 99 99 99
 10   22 99 99 99  3 99 99 99 99 99 99 99  2 99 99 99  1 99 99 99
 10   23 99 99 99 99 99 99 99 99 99 99 99 99 99 99 99  1  2 99 99
 10   24 99 99 99  4 99 99 99 99 99 99 99 99 99  2  3  1 99 99 99
 10   25 99 99 99 99 99 99 99 99  3 99  4 99 99  2 99  1 99 99 99
 10   26  3 10 11  4 14 15  5 12  9 13  2 17  6 16  8  1 19 18  7
 10   27  4 99 99 99 99  3  2 99 99 99 99 99 99 99 99  1 99  5 99
 10   28 99 99 99 99 99 99  4 99 99 99  1 99 99  3 99  2 99 99 99
 10   29 99 99 99 99 99 99  2 99 99 99 99 99 99  3 99  1 99 99 99
 10   30 18  6 17  3  7  8 19  9 12 14 13 10 15 16  1  2  4 11  5
 10   31 99  8 99  1 99  6 99  7 99  4 99  5 99 99 99  2 99  3 99
 10   32 14 12  3 11 10 13  6  4  1  5 15 19 17 16 18  9  2  7  8
 10   33 99 99  2 99 99 99 99  1 99 99 99 99 99 99 99 99 99 99 99
 10   34 99  3 99 99  1 99  2 99 99 99 99 99 99 99 99 99 99 99 99
 10   35 99 99 99 99 99 99  1 99 99 99 99 99 99 99  2 99 99 99  3
 10   36 99  1 99 99 99 99 99 99 99 99 99 99 99 99  2 99  3 99 99
 10   37 99 99 99 99 99 99 99 99  1 99 99 99 99 99 99 99  2 99 99
 10   38 99 99 99 99 99 99 99 99  3 99 99  1 99 99 99 99  2 99 99
 10   39 99 99 99 99 99 99 99 99  2 99 99  3 99 99 99 99  1 99 99
 10   40 99 99 99 99 99 99 99 99  2 99 99 99 99 99 99 99  1 99 99
 10   41 99 99 99 99 99 99 99 99 99 99 99 99 99 99 99 99  1 99 99
 10   42 99 99 99 99 99 99 99 99  3 99 99  2 99 99 99 99  1  4 99
 10   43 99  1 99 99 99 99 99 99 99  4 99 99 99 99  2 99 99 99  3
 10   44 99 99 99 99 99 99 99 99 99 99 99 99 99 99  2 99 99 99  1
 10   45 99 99 99 99 99 99 99 99 99  2 99 99 99 99 99 99 99 99  1
 10   46 99 99 99  2 99  1 99 99 99 99 99 99 99 99 99 99 99 99 99
 10   47 99 99 99 99 99 99 99 99  2 99 99  1 99 99 99 99 99 99 99
 10   48 99 99 99 99 99 99 99 99  2 99 99  1 99 99 99 99 99 99 99
 10   49 99  1 99 99 99 99 99 99 99 99 99 99 99 99 99 99 99 99 99
 10   50 99 99 99 99 99 99 99  1 99 99 99 99 99 99 99 99 99 99 99
 10   51 99 99 99  2 99  4  5 99 99 99 99 99 99  1 99  3  6 99 99
 10   52  5 10 19  6  9 18  7  8  1 14 17  3 13  2 16 12  4 15 11
 10   53 99 99 99  2 99  3 99 99 99 99 99 99 99  1 99 99 99 99 99
 10   54  3  7  4 12  5  2 14  8  6 11 16 13 15  1 17  9 18 10 19
 10   55 99 99 99  3 99 99  2 99 99 99 99 99 99  1 99 99 99 99 99
 10   56 99 99 99 99 99 99  3 99 99 99 99 99  2  1 99 99 99 99 99
 10   57  2 99 99 99 99 99 99 99 99 99 99 99 99  1  3 99 99 99 99
 10   58 99 99 99  3 99  2  5 99 99 99 99 99 99  1 99  6  4 99 99
 10   59 99 99 99  1 99  3 99 99 99 99 99 99 99  2 99 99 99 99 99
 10   60  5 99  4 99 99  6  7 99 99  1 99 99  3  2  8 99 99  9 99
 10   61  5 99 99 99 99 99  4 99 99 99 99 99  3  2 99 99 99  1 99
 10   62 99 99 99 99 99 99 99 99  2 99 99  3 99  4 99 99  1 99 99
 10   63 99 99 99 99 99  1 99 99 99 99 99 99 99  2 99 99 99 99 99
 10   64 99 99 99  2 99  1 99 99 99 99 99 99 99  3 99 99 99 99 99
 10   65 99 99 99 99 99  1 99 99 99 99 99 99 99  2 99 99 99 99 99
 10   66 99 99 99  3 99  1 99 99 99 99 99 99 99  2 99 99 99 99 99
 10   67 99 99 99  3 99  1 99 99 99 99 99 99 99  2 99 99 99 99 99
 10   68 99 99 99 99 99 99  4 99 99  3 99 99 99  2 99 99 99 99  1
 10   69 99 99 99 99 99 99 99 99 99 99 99  1 99  3 99 99  2 99 99
 10   70 99 99  3 99 99 99  2 99 99  4 99 99 99  5 99 99 99 99  1
 10   71 99 99 99 99 99 99  1 99 99 99 99 99 99  2 99  3 99 99 99
 10   72 99  6 99 99 99  4  1 99 99 99 99 99 99  2  3 99 99 99  5
 10   73  1 12  3 13 16 11  9 18 19  6  5 14  2  8 10 15 17  7  4
 10   74  1 99 99 99 99 99 99 99 99 99  2 99  4  3 99 99 99 99 99
 10   75  1 99 99 99 99 99 99 99 99 99 99 99 99  3 99  2 99 99 99
 10   76  1 99 99 99 99 99 99 99 99 99  3 99  2 99  4 99 99 99 99
 10   77  1 99 99  2 99 99 99 99 99 99 99  3 99 99 99 99 99 99 99
 10   78  1 99 99 99 99 99  2 99 99 99 99 99  3 99 99  5 99  4 99
 10   79  2 99  1 99 99 99  4 99 99 99 99 99  3 99 99 99 99  5 99
 10   80  2 99 99 99 99 99 99 99 99 99 99 99 99 99 99 99  1 99 99
 10   81  7  8  4 12  9 10  3 11  2  6 13  5 15 14 17 16  1 18 19
 10   82  2 99 99 99  4 99  1 99 99 99 99 99  3 99 99 99 99 99 99
 10   83  5  2 15 12  9 17  1 14 10 18  6 19  7 13  4 11  8 16  3
