A11  963 UNION  VOTERS ELECT  6  OUT OF 10  BY STV                         
 11    1 99  5 99  1  4 99 99 99  3  2
 11    2 99  4 99  1  5  6 99 99  3  2
 11    3  4  3 99  1 99 99 99 99  5  2
 11    4 99 99 99  1 99 99 99 99  3  2
 11    5 10  2  9  1  6  5  7  8  4  3
 11    6  6  1  7  2  5 10  9  8  4  3
 11    7  5 99 99 99  3  2 99 99  1  4
 11    8 99  2 99  5  4 99 99 99  1  3
 11    9  2  5 99 99  3 99  6 99  1  4
 11   10  2  5 99 99  3 99  6 99  1  4
 11   11 99 99 99 99 99 99 99 99  1 99
 11   12  2  4  7  9  3  8  6 10  1  5
 11   13 99 99 99 99  2 99 99 99  1 99
 11   14 99 99 99 99  2 99 99 99  1  3
 11   15 99 99 99 99  2 99 99 99  1 99
 11   16  2  5  7 10  3  8  6  9  1  4
 11   17  2  5 99 99  3 99  6 99  1  4
 11   18  5  4 99  3  2 99 99 99  1  6
 11   19  2 99 99 99  3 99 99 99  1 99
 11   20  2 99 99 99  3 99 99 99  1 99
 11   21  2 99 99 99  3 99 99 99  1 99
 11   22  2 99 99 99  3 99 99 99  1 99
 11   23  2 99 99 99  3 99 99 99  1 99
 11   24 99 99 99 99 99 99 99 99  1 99
 11   25 99  3 99  5  2 99 99 99  1  4
 11   26  3  2 99  5  4  6 99 99  1 99
 11   27 99  2 99 99  3 99 99 99  1 99
 11   28  2  4  7 99  3 99  6 99  1  5
 11   29 99  3  2 99 99 99 99 99  1 99
 11   30  4  9  8  7  3  2  6 10  1  5
 11   31  2  4 99  3  5 99 99 99  1 99
 11   32  2  4 99 99  3 99 99 99  1  5
 11   33  2  4 99 99  3 99 99 99  1  5
 11   34  2  4 99 99  3 99 99 99  1  5
 11   35  4  3 99 99  2 99 99 99  1 99
 11   36 99  3 99 99  2 99 99  4  1 99
 11   37 99  2 99  5  4 99 99  3  1  6
 11   38 99 99 99 99 99 99 99 99  1 99
 11   39  7  4  9  5  2 11 10  8  1  6
 11   40  4  5 99 99  3  2 99 99  1  6
 11   41 99  3 99 99  2 99 99 99  1 99
 11   42 99 99 99 99 99 99 99 99  1 99
 11   43 99 99 99 99 99 99 99 99  1 99
 11   44 99 99 99 99 99 99 99 99  1 99
 11   45 99 99 99 99  2 99 99 99  1 99
 11   46  4  2 99 99  3 99 99 99  1 99
 11   47  2 99 99 99  4  3  5  6  1 99
 11   48 99  3 99 99  2 99 99 99  1 99
 11   49  4  7  5  6  3  2  8 10  1  9
 11   50 99  3 99  2 99 99 99 99  1 99
 11   51  5  3 10  2  8  9  7  6  1  4
 11   52 99 99  5  6  2  3  4 99  1 99
 11   53 99 99 99 99 99 99 99 99  1  2
 11   54  1 99  2 99 99 99 99 99  3 99
 11   55  5  6  1 99 99 99 99  3  2  4
 11   56  2 99  1 99 99 99 99  4  3 99
 11   57 99 99  1 99 99 99 99  3  2 99
 11   58 99 99  1 99  3 99 99 99  2 99
 11   59 99 99  1 99 99  3 99 99  2 99
 11   60 99 99  1 99  3 99 99 99  2 99
 11   61  5  3  1 99 99 99  4 99  2 99
 11   62  5  6  1 99 99 99 99  3  2  4
 11   63  5  6  1 99 99 99 99  3  2  4
 11   64  2 99  1 99  5  4 99 99  3  6
 11   65  2 99  1 99 99 99 99 99  3 99
 11   66 99 99  1 99 99  3 99 99  2 99
 11   67  2  6  1 99  4  5 99 99  3 99
 11   68 99 99  1 99 99 99 99  4  2  3
 11   69  1  4 99  3  6 99 99 99  2  5
 11   70  1  4 99  6  3  5 99 99  2 99
 11   71  1 99 99 99  4  3 99 99  2 99
 11   72  1  4 99 99  3 99 99 99  2 99
 11   73  1  6 99  7  3  4 99 99  2  5
 11   74  1 99  5 99  4  3 99 99  2  6
 11   75  1  4  7 99  3 99  5 99  2  6
 11   76  1  4  7 99  3 99  5 99  2  6
 11   77  1  4 99 99  3 99 99 99  2 99
 11   78  1 99  4 99 99  5 99 99  2  3
 11   79  1  2  5  4 99 99 99 99  3 99
 11   80  2  1 99  6  5  4 99 99  3 99
 11   81 99  1 99  3 99 99 99 99  2 99
 11   82 99  1 99  3  4 99 99  5  2  6
 11   83 99  1 99 99  3 99 99 99  2 99
 11   84 99  1 99 99  3 99 99 99  2 99
 11   85  3  1 99 99 99 99 99 99  2 99
 11   86 99  1 99  3 99 99 99 99  2 99
 11   87  3  1 99 99 99 99 99 99  2 99
 11   88  3  1 99 99 99 99 99 99  2 99
 11   89  4  1 99 99  3  5  6 99  2 99
 11   90 99  1 99 99  3 99 99 99  2 99
 11   91 99  1 99 99  3 99 99 99  2 99
 11   92 99  1 99 99 99 99 99 99  2  3
 11   93  3  1 99 99 99 99 99 99  2 99
 11   94 99  1 99  3  4 99 99 99  2 99
 11   95 99  1 99  2  4  6 99 99  3  5
 11   96 99  1 99  2  5 99 99 99  3  4
 11   97 99  1 99  2  4 99 99  6  3  5
 11   98  6  7  1  2  5  8  9  4  3 10
 11   99 99  2 99  1 99 99 99 99  3 99
 11  100 99  2 99  1 99 99 99 99  3 99
 11  101  6  2 10  1  4  9  5  8  3  7
 11  102 99  1  6  3 99 99  5  4 99  2
 11  103  1  6  2 99 99 99 99  4  5  3
 11  104 99  4 99 99 99 99 99  2  3  1
 11  105 99 99 99  2 99 99 99  3 99  1
 11  106 99 99  4  5 99  6 99  2  3  1
 11  107  4  3 10  1  9  7  8  5  6  2
 11  108 99 99 99  1 99 99 99  3 99  2
 11  109 99 99 99 99 99 99 99  1 99 99
 11  110 99 99 99 99 99 99 99  1 99 99
 11  111 99 99 99 99 99 99 99  1 99 99
 11  112 99 99 99 99 99 99 99  1 99 99
 11  113 99 99 99 99 99 99 99  1 99 99
 11  114 99 99 99 99 99 99 99  1 99 99
 11  115 99 99 99 99 99 99 99  1 99 99
 11  116 99  2 99  4 99 99 99  1  3 99
 11  117 99 99 99 99 99  2 99  1 99 99
 11  118  5 99 99 99  4  2 99  1  3 99
 11  119 99 99 99 99 99  2 99  1 99 99
 11  120  2 99 99 99 99 99 99  1  3 99
 11  121 99 99 99 99 99 99 99  1 99 99
 11  122 99 99 99 99 99 99 99  1 99 99
 11  123 99 99 99 99 99 99 99  1 99 99
 11  124 99  2 99 99 99 99 99  1  3 99
 11  125 99 99 99 99 99 99 99  1 99 99
 11  126 99 99 99 99 99 99 99  1 99 99
 11  127 99 99 99 99 99 99 99  1 99 99
 11  128  3 99 99 99 99  2 99  1 99 99
 11  129  3 99 99 99 99  2 99  1  4 99
 11  130 99 99 99 99 99  2 99  1 99 99
 11  131 99 99 99 99 99  2 99  1 99 99
 11  132 99 99 99 99 99  2 99  1 99 99
 11  133 99 99 99 99 99  2  3  1 99 99
 11  134 99 99 99 99 99 99 99  1 99 99
 11  135 10  9  8  7  3  6  5  1  4  2
 11  136 99 99 99 99 99 99 99  1  3  2
 11  137  7  2  3  6  5  4  8  1 10  9
 11  138 99 99 99 99  2 99 99  1 99 99
 11  139  2 99 99 99  3  4 99  1 99 99
 11  140 99 99 99 99 99 99 99  1 99 99
 11  141 99 99 99  2  3 99 99  1  4 99
 11  142 99  3 99 99 99 99 99  1  4  2
 11  143 99 99 99  4 99 99 99  1  3  2
 11  144 99  3 99 99  2  6 99  1  5  4
 11  145 99  3  4 99 99  5 99  1  6  2
 11  146 99 99 99 99 99 99 99  1 99 99
 11  147 99 99 99 99 99 99 99  1 99 99
 11  148 99 99 99 99 99 99 99  1 99 99
 11  149 99 99 99 99 99 99 99  1 99 99
 11  150 99 99 99 99 99 99 99  1 99 99
 11  151 99 99 99 99 99 99 99  1 99 99
 11  152 99 99 99 99 99  2 99  1 99 99
 11  153 99 99 99 99 99  2 99  1 99 99
 11  154 99 99 99 99 99  2 99  1 99 99
 11  155 99  3  2  5  6 99 99  1 99  4
 11  156 99 99 99 99 99 99 99  1 99 99
 11  157 99 99 99 99 99 99 99  1 99 99
 11  158 99  4  2 99 99 99 99  1  3 99
 11  159 99 99 99 99 99 99 99  1 99 99
 11  160 99 99 99 99 99  3 99  1  2 99
 11  161 99 99 99 99 99 99 99  1 99 99
 11  162 99 99 99 99 99 99 99  1 99 99
 11  163  2  3 99 99 99  4 99  1  5  6
 11  164 99 99 99 99 99 99 99  1 99 99
 11  165  2  6  9  7  3  4 10  1  5  8
 11  166 99 99 99 99 99 99 99  1 99 99
 11  167 99 99 99 99 99 99 99  1 99 99
 11  168 99 99 99 99  3 99 99  1  2 99
 11  169 99 99 99 99 99 99 99  1 99 99
 11  170 99 99 99 99 99 99 99  1 99 99
 11  171 99 99 99 99 99 99 99  1  2  3
 11  172 99 99 99 99 99 99 99  1 99 99
 11  173 99 99 99 99 99 99 99  1 99 99
 11  174 99 99 99 99 99 99 99  1 99 99
 11  175 99 99 99 99 99 99 99  1 99 99
 11  176 99 99 99 99 99 99 99  1 99 99
 11  177 99 99 99 99  3 99  2  1 99 99
 11  178 99 99 99 99 99 99 99  1 99 99
 11  179 99 99 99 99 99 99 99  1 99 99
 11  180 99 99 99 99 99 99 99  1 99 99
 11  181 99 99 99 99 99 99 99  1 99 99
 11  182 99 99 99 99 99 99 99  1 99 99
 11  183 99  3  5 99 99 99 99  1  2  4
 11  184  2 99 99 99 99 99  3  1 99 99
 11  185  8  7  6  2  3  5  4  1  9 10
 11  186  4  5  6  7  8  9 10  1  2  3
 11  187  4  5  6  7  8  9 10  1  2  3
 11  188  4  5  6  7  8  9 10  1  2  3
 11  189  2 99 99 99 99 99  3  1 99 99
 11  190  2 99 99 99  3 99 99  1 99 99
 11  191  2 99 99 99  3 99 99  1 99 99
 11  192 99 99 99 99 99  2 99  1 99 99
 11  193 99 99 99 99 99  2 99  1 99 99
 11  194 99 99 99 99 99  2 99  1 99 99
 11  195  4 99 99  6  5  2 99  1  3 99
 11  196 99 99 99 99  2 99  3  1 99 99
 11  197  2 99 99 99  3 99 99  1 99 99
 11  198  3 99  4 99  2  5 99  1 99 99
 11  199 99 99 99 99  3 99 99  1 99  2
 11  200 99 99 99 99 99  2 99  1 99 99
 11  201 99  3 99  4 99 99 99  1  2 99
 11  202 99  2 99 99 99 99  3  1 99 99
 11  203  5  6  8  7  4  2  9  1  3 10
 11  204  4  5 10  6  9  2  3  1  8  7
 11  205  2 99 99 99 99 99 99  1 99  3
 11  206 99 99 99 99 99 99 99  1 99 99
 11  207  2 99 99 99  5  4 99  1 99  3
 11  208 99 99 99 99 99  2 99  1 99 99
 11  209 99 99 99 99 99  2 99  1 99 99
 11  210 99  2 99 99 99 99 99  1  3 99
 11  211 99  2 99 99 99 99 99  1  3 99
 11  212  2 99 99 99 99 99 99  1 99 99
 11  213 99 99 99 99 99  2 99  1 99 99
 11  214 99 99 99 99  2  4 99  1  3 99
 11  215  4 99  3 99 99 99  5  1  6  2
 11  216 99  2 99 99  4  3 99  1 99 99
 11  217  4 99  2 99 99  3  5  1 99  6
 11  218 99 99 99 99 99 99 99  1 99 99
 11  219 99 99 99 99 99 99 99  1 99 99
 11  220 99 99 99 99 99 99 99  1 99 99
 11  221 99  6  1  5  4 99 99  2 99  3
 11  222  2  5  1 99  6 99  4  3 99 99
 11  223  2  4  1 99 99 99 99  3  6  5
 11  224  2  4  1 99 99 99 99  3  5  6
 11  225  2  4  1 99 99 99 99  3  5  6
 11  226  2  4  1 99 99 99 99  3  6  5
 11  227  1  4  2 99  5 99 99  3 99  6
 11  228  1 99 99 99 99 99 99  2  3 99
 11  229 99  2  1  3 99 99 99  4 99 99
 11  230 99 99  4  1 99  5  6  2 99  3
 11  231  3  1  5 99 99 99  6  2  4 99
 11  232  2  1 99 99 99 99  4  3 99 99
 11  233  2  1 99 99 99 99  4  3 99 99
 11  234  2  1 99 99 99 99  4  3 99 99
 11  235 99  1 99 99  4 99 99  2  3 99
 11  236 99  5 99 99  4  3  2  6 99  1
 11  237  2  4 10  9  7  6  3  8  5  1
 11  238  3  1 99  2 99  6  5 99 99  4
 11  239  1  2  9  6  8  5  4 10  7  3
 11  240  3  4 99 99  5  6  1 99  2 99
 11  241  2 99 99 99 99 99  1 99 99 99
 11  242  4 99  5 99  3  2  1 99  6 99
 11  243 99 99 99 99 99 99  1 99 99 99
 11  244 99  4  5  6 99 99  1  2 99  3
 11  245  2 99 99 99 99 99  1 99 99 99
 11  246 99 99 99 99 99 99  1 99 99 99
 11  247  2 99 99 99 99  3  1 99 99  4
 11  248  2  5 99  4 99 99  1  3 99  6
 11  249  2 99 99 99 99 99  1 99 99  3
 11  250 99 99 99 99 99 99  1 99 99 99
 11  251 99  2 99 99 99 99  1 99 99  3
 11  252  2  7  3  4  8  5  1  6  9 10
 11  253  3  8  9  7  2  6  1  4  5 10
 11  254  4 99 99 99  2 99  1 99 99  3
 11  255  3 99 99 99 99  2  1 99 99 99
 11  256 99 99 99 99 99 99  1 99 99 99
 11  257 99 99 99 99 99 99  1 99 99 99
 11  258  2 99 99 99 99  3  1 99 99 99
 11  259  3 99 99 99 99  2  1 99 99 99
 11  260 99  2  3  4 99 99  1  5 99  6
 11  261  2  4  3 99 99  5  1 99  6 99
 11  262  2  5 99 99  4  3  1 99 99 99
 11  263  7  6  8  3  9 10  1  4  5  2
 11  264 99 99 99 99  2 99  1 99 99 99
 11  265 99 99 99  3  2 99  1 99 99 99
 11  266 99 99 99 99 99 99  1 99 99 99
 11  267  2 99  3 99 99 99  1 99 99 99
 11  268 99 99 99  3 99 99  1 99 99  2
 11  269  3  9  4 10  5  2  1  6  8  7
 11  270  9  8  7  6  5  2  1 10  4  3
 11  271  1 99  4 99 99  3  2 99 99 99
 11  272  1 99  4 99 99  3  2 99 99 99
 11  273  1 99  4 99 99  3  2 99 99 99
 11  274  1 99 99 99  6  3  2 99  4  5
 11  275  1  4 99 99 99  3  2 99 99 99
 11  276  1  4 99 99 99  3  2 99 99 99
 11  277  1 99 99 99 99 99  2 99 99 99
 11  278  1 99 99 99 99 99  2 99 99 99
 11  279  1 99 99 99 99 99  2 99 99 99
 11  280  1 99 99 99 99 99  2 99 99 99
 11  281  1 99 99 99 99 99  2 99 99 99
 11  282  1 99 99 99 99 99  2 99 99 99
 11  283  1 99 99 99 99 99  2 99 99 99
 11  284  1 99 99 99 99 99  2 99 99 99
 11  285  1  5 99  3  4 99  2  6 99 99
 11  286  1 99 99 99 99 99  2 99 99 99
 11  287  1  9 10  8  4  3  2  7  6  5
 11  288  1 99 99 99 99  3  2 99 99 99
 11  289  1 99 99 99 99 99  2 99 99 99
 11  290  1 99  3  4 99 99  2 99 99 99
 11  291  1 99 99 99 99  3  2 99 99 99
 11  292  1 99 99 99 99 99  2 99 99 99
 11  293  1 99 99 99 99 99  2 99 99 99
 11  294  1 99 99 99 99 99  2 99 99 99
 11  295  1  4  3 99 99  6  2 99 99  5
 11  296  1 99 99 99 99 99  2 99 99 99
 11  297  1 99 99 99 99  3  2 99 99 99
 11  298 99 99  1 99 99 99  2 99 99  3
 11  299  6  7  1 99  3  4  2 99  5  8
 11  300  2 10  1  9  8  6  3  4  7  5
 11  301 99 99  1 99 99 99  2  4 99  3
 11  302  2 99  1 99 99 99  3 99 99 99
 11  303  1 99  4 99  6  3  2 99  5 99
 11  304  1 99 99 99 99 99  2 99 99 99
 11  305  1  5  6  3  8  9  2  7 10  4
 11  306  1 99 99 99 99  3  2 99 99 99
 11  307  1 99 99 99 99  3  2 99 99 99
 11  308  1 99 99 99 99  3  2 99 99 99
 11  309  1 99 99 99 99  3  2 99 99 99
 11  310  1  4 99 99 99  3  2 99 99 99
 11  311  1 99 99  4 99  3  2 99 99 99
 11  312  1 99 99 99 99  3  2 99 99 99
 11  313  1 99 99 99  4  6  2 99  5  3
 11  314  1 99 99  4 99  3  2 99 99 99
 11  315  1  6  5  4 99  3  2 99 99 99
 11  316  1 99 99 99 99  3  2 99 99 99
 11  317  1  5  4 99 99  3  2  6 99 99
 11  318  1 99 99 99 99 99  2 99 99 99
 11  319  1 99 99 99 99 99  2 99 99 99
 11  320  1 99 99 99 99 99  2 99 99 99
 11  321  1 99 99 99 99 99  2 99 99 99
 11  322  1 99 99 99 99 99  2 99 99 99
 11  323  1 99 99 99 99 99  2 99 99 99
 11  324  1 99 99 99 99 99  2 99 99 99
 11  325  1  6 99 99  4  3  2 99 99  5
 11  326  1 99 99 99 99 99  2 99 99 99
 11  327  1 99 99 99 99 99  2 99 99 99
 11  328  1 99 99 99 99 99  2 99 99 99
 11  329  1 99 99 99 99  3  2 99 99 99
 11  330  1 99 99 99 99 99  2 99 99 99
 11  331  1 99 99 99 99 99  2 99 99 99
 11  332  1 99 99 99 99 99  2 99 99 99
 11  333  1 99 99 99 99 99  2 99 99 99
 11  334  1 99 99 99 99  3  2 99 99 99
 11  335  1 99 99 99 99 99  2 99 99 99
 11  336  1 99 99 99 99 99  2 99 99 99
 11  337  1 99 99 99 99 99  2 99 99 99
 11  338  1 99  4 99 99  3  2 99 99 99
 11  339  1 99  4 99 99  3  2 99 99 99
 11  340  1 99  4 99 99  3  2 99 99 99
 11  341  1 99 99 99 99 99  2 99 99 99
 11  342  1 99 99 99 99 99  2 99 99 99
 11  343  1 99 99 99 99 99  2 99 99 99
 11  344  1 99 99 99 99 99  2 99 99 99
 11  345  1 99 99 99 99 99  2 99 99 99
 11  346  1 99 99 99 99 99  2 99 99 99
 11  347  1 99 99 99 99 99  2 99 99 99
 11  348  1 99 99 99 99  3  2 99 99 99
 11  349  1 99 99 99 99 99  2 99 99 99
 11  350  1 99 99 99 99 99  2 99 99 99
 11  351  2  3  1 99 99 99  4 99 99 99
 11  352 99  1  3  5 99 99  2  6 99  4
 11  353  2  1 99 99  6  5  3 99  4 99
 11  354  7  8  1  2  9 10  3  4  6  5
 11  355  1  3  6  2  5  7  4  8  9 10
 11  356 99  2 99  3 99  4 99 99  5  1
 11  357 99 99 99 99 99  2 99  4  3  1
 11  358  2  6 99 99  4  3  5 99 99  1
 11  359  5 99  6 99  3  1  7  4  2 99
 11  360 99 99 99 99 99  1 99  2 99 99
 11  361 99 99 99 99 99  1 99  2 99 99
 11  362 99 99 99 99 99  1 99  2 99 99
 11  363  2 99 99 99 99  1  3 99 99 99
 11  364  3 99 99 99 99  1  2 99 99 99
 11  365  2 99 99 99 99  1  3 99 99 99
 11  366 10  9  8  6  7  1  2  3  5  4
 11  367  5  2  3  4 99  1 99 99  6 99
 11  368  2  3 99  4 99  1  6 99  5 99
 11  369  3 99 99  4  6  1  2 99 99  5
 11  370  3 99  6 99  5  1  2 99  4 99
 11  371 99 99 99  3 99  1 99  2 99 99
 11  372  2  6  9  8  5  1  3 10  4  7
 11  373  2 99 99  6  7  1  3 99  5  4
 11  374  4 99  3 99 99  1 99  2 99 99
 11  375  2 99 99 99  3  1 99 99 99 99
 11  376  4  5  2 99  6  1 99 99  3 99
 11  377 99 99  1 99 99  2  3 99 99 99
 11  378  4 10  1  9  3  2  8  7  5  6
 11  379  2 99  1 99  4  3 99 99  5 99
 11  380  2  8  1  9  4  3 10  7  5  6
 11  381  1 99 99 99  3  2 99 99  4 99
 11  382  1  6 99 99  3  2 99  5  4 99
 11  383  1 99 99 99 99  2  3 99 99 99
 11  384  1 99 99 99 99  2  3 99 99 99
 11  385  1 99 99 99 99  2  3 99 99 99
 11  386  1 99 99 99  3  2 99 99  4 99
 11  387  1 99  4 99  6  2  3 99 99  5
 11  388  1 99 99  4 99  2  3  6  5 99
 11  389  1 99 99 99 99  2  3 99 99 99
 11  390  1 99  2 99  4  3 99  6  5 99
 11  391  1 99  4 99 99  2  3 99 99 99
 11  392  1 99  4 99 99  2  3 99 99 99
 11  393  1 99  4 99 99  2  3 99 99 99
 11  394  1 99 99 99 99  2 99 99 99 99
 11  395  1  5  6  7  8  2  3 99  4 99
 11  396  1  4 99 99 99  2  3 99  6  5
 11  397  1 99  6  3 99  2 99  4 99  5
 11  398  1  6 99  5  3  2  4 99 99 99
 11  399  1  5  4  6 99  2  3 99 99 99
 11  400  1 99 99 99 99  2  3 99 99 99
 11  401  1 99 99 99 99  2  3 99 99 99
 11  402  1 99 99 99 99  2  3 99 99 99
 11  403  1 99 99 99 99  2  3 99 99 99
 11  404  1 99 99 99 99  2  3 99 99 99
 11  405  1  4 99 99 99  2  3 99 99 99
 11  406  1  6  7  8  9  2  3 10  4  5
 11  407  1  6  7  8  9  2  3 10  5  4
 11  408  1  6  7  8  9  2  3 10  5  4
 11  409  1  5 99 99  6  2  3 99 99  4
 11  410  1 99  4 99  5  2  3 99 99  6
 11  411  1 99 99 99 99  2  3 99 99 99
 11  412  1 99 99 99 99  2  3 99 99 99
 11  413  1 99  6  5 99  2  3 99  4 99
 11  414  1 99 99 99 99  2  3 99 99 99
 11  415  1 99 99 99 99  2  3 99 99 99
 11  416  1 99 99 99 99  2  3 99 99 99
 11  417  1 99 99 99 99  2  3 99 99 99
 11  418  1  5  6  8 10  2  3  9  7  4
 11  419  1 99 99 99 99  2  3 99 99 99
 11  420  1  5  6  4  3  2  7  8  9 10
 11  421  1 99 99 99 99  2  3 99 99 99
 11  422  1 99  4 99 99  2  3 99 99 99
 11  423  1 99 99 99 99  2  3 99 99 99
 11  424  1 99  4 99 99  2  3 99  5  6
 11  425  1 99 99 99 99  2  3 99 99 99
 11  426  1 99 99 99 99  2 99 99  3 99
 11  427  1 99 99 99  3  2 99 99 99 99
 11  428  1 99 99 99 99  2  3 99 99 99
 11  429  1 99 99 99 99  2  3 99 99 99
 11  430  1 99 99 99 99  2  3 99 99 99
 11  431  1 99 99 99 99  2  3 99 99 99
 11  432  1 99 99 99 99  2 99 99 99 99
 11  433  1 99 99 99  5  2  3 99  4 99
 11  434  1 99 99 99 99  2 99 99  3 99
 11  435  1 99 99 99 99  2 99 99 99 99
 11  436  1 99 99 99  6  2  3 99  5  4
 11  437  1 99  2 99 99  3 99 99 99 99
 11  438  1 99  4 99 99  2  3 99 99 99
 11  439  1 99  6 99  3  2 99 99  4  5
 11  440  1  4 99 99  5  2  3 99 99  6
 11  441  1 99 99 99 99  2  3 99 99 99
 11  442  1 99 99 99 99  2  3 99 99 99
 11  443  1 99 99 99 99  2 99  5  3  4
 11  444  1  4  5  6 99  2  3 99 99 99
 11  445  1  2  3 99  6  4 99 99  5 99
 11  446  2  3  1  6  7  4  8  9  5 10
 11  447 99  1  2 99 99  3 99  4  6  5
 11  448 99  1 99 99 99  2  3 99 99  4
 11  449 99 99 99  1 99  2 99 99 99  3
 11  450 99 99 99  1 99  2 99 99  3 99
 11  451  5  6  4  1  7  2 10  3  8  9
 11  452 99  1  3  4  5 99 99  6  7  2
 11  453 10  9  1  4  3  8  5  6  7  2
 11  454  3  4  1  5  6  7  8  9 10  2
 11  455  1 99 99 99  3 99 99 99 99  2
 11  456  2 99 99 99  3 99 99 99  4  1
 11  457 10  9  8  7  2  6  5  4  3  1
 11  458  4 99 99 99  2  5 99 99  3  1
 11  459 99 99 99 99  2 99 99 99  3  1
 11  460 99 99 99 99  2 99 99 99 99  1
 11  461  6  3  7 10  2  9  5  8  4  1
 11  462  9  5 10  2  3  7  8  6  4  1
 11  463 99 99 99 99  2 99 99 99 99  1
 11  464 99 99 99 99  2 99 99 99  3  1
 11  465  3 99 99 99  2 99 99 99  4  1
 11  466 99 99 99 99  2 99 99 99 99  1
 11  467 99 99 99  3  2 99 99 99 99  1
 11  468 99 99  5  2  3  4 99 99 99  1
 11  469 99 99 99  3  2 99 99 99 99  1
 11  470  2 99 99 99  3 99 99 99 99  1
 11  471 99 99 99  2  3 99 99 99 99  1
 11  472 99 99 99  2  3 99 99 99 99  1
 11  473  2 99  3 99  4 99  5  6 99  1
 11  474  2 99  3 99  4 99  5  6 99  1
 11  475  2  3 99  6  4 99 99 99  5  1
 11  476 99 99 99  2  3 99 99 99  4  1
 11  477 99  2 99  4  3 99 99 99 99  1
 11  478 99  3 99 99  2 99 99 99  4  1
 11  479  2  9  1  3  5  6  7  8 10  4
 11  480 99 99 99 99  1 99 99 99 99  2
 11  481 99 99 99 99  1 99 99 99 99  2
 11  482 99 99 99 99  1 99 99 99 99  2
 11  483 99 99 99 99  1  2 99 99 99 99
 11  484 99  3 99 99  1 99 99 99  2 99
 11  485 99  2 99 99  1 99 99 99  3 99
 11  486 99  2 99 99  1 99 99 99  3 99
 11  487 10  3  9  2  1  8  7  4  5  6
 11  488 99 99 99 99  1 99 99 99 99 99
 11  489 99  2 99 99  1 99 99 99 99 99
 11  490 99 99 99 99  1  2 99 99 99  3
 11  491 99 99 99 99  1 99 99 99 99 99
 11  492 99 99 99  3  1 99 99 99  2  4
 11  493 99  2 99 99  1 99 99 99  3 99
 11  494 99 99 99 99  1 99 99 99 99 99
 11  495  4  5  6 99  1 99 99 99  3  2
 11  496 99  4 99 99  1 99 99 99  3  2
 11  497  3  6  2  5  1  9  7  8 10  4
 11  498  3 99 99 99  1 99 99 99  2 99
 11  499  9  8  7  6  1  5  4  2  4  3
 11  500  4 99  6 99  1  3 99  5  2 99
 11  501 99 99 99 99  1  2 99 99  3 99
 11  502 99  3 99 99  1 99 99 99  2 99
 11  503  2  6  4 99  1  3 99  5 99 99
 11  504 99  4 99 99  1 99 99 99  2  3
 11  505  2  6 99 99  1  5 99 99  3  4
 11  506  3  2  6 99  1  5  4 99 99 99
 11  507  6  3 99 99  1  5 99 99  2  4
 11  508  4 99 99 99  1  2 99 99  3 99
 11  509  3 99 99 99  1  4 99 99  2 99
 11  510 99  2 99  4  1 99 99 99 99  3
 11  511 99  3 99 99  1 99 99 99  2 99
 11  512 99 99 99 99  1 99 99 99 99 99
 11  513 99 99 99 99  1 99 99 99  2 99
 11  514 99  3 99 99  1 99 99 99  2  4
 11  515 99  4 99 99  1 99 99 99  2  3
 11  516  5  4 99  6  1 99 99 99  2  3
 11  517 99  3 99  5  1 99 99 99  4  2
 11  518 99  2 99  3  1  6 99 99  5  4
 11  519 99 99 99 99  1 99  2 99 99  3
 11  520  3  2 99 99  1 99 99 99  4 99
 11  521  2  3 99 99  1 99 99 99 99 99
 11  522 99  2  6  5  1 99 99  4  3 99
 11  523  5  2 99 99  1 99 99  3  4 99
 11  524 99  3 99 99  1 99 99 99  2 99
 11  525 99  3 99 99  1 99 99  2 99 99
 11  526 99 99 99 99  1 99 99 99 99 99
 11  527 99 99 99 99  1 99 99 99 99 99
 11  528 99 99 99 99  1 99 99 99 99 99
 11  529 99 99 99 99  1 99 99 99 99 99
 11  530 99 99 99 99  1 99 99 99 99  2
 11  531 99  4 99 99  1 99 99  3 99  2
 11  532 99 99 99 99  1 99 99 99 99  2
 11  533 99 99 99 99  1 99 99 99 99  2
 11  534 99 99 99 99  1 99 99 99 99  2
 11  535 99 99 99 99  1 99 99 99 99  2
 11  536 99 99 99 99  1 99 99 99 99  2
 11  537 99 99 99 99  1 99 99 99 99  2
 11  538  1  5  6  7  2  4  8  9  3 10
 11  539  1 10  9  8  2  3  7  6  4  5
 11  540  1  6 99 99  2  3  5 99  4 99
 11  541  1 99 99  6  2  3  5 99  4 99
 11  542  1 99 99 99  2  3 99 99 99 99
 11  543  1 99 99 99  2  3  4 99 99 99
 11  544  1 99  5 99  2  3 99 99  4 99
 11  545  1 99 99 99  2 99  3 99 99 99
 11  546  1  5  6  7  2  3  8  9  4 10
 11  547  1 99 99 99  2  3 99 99  4 99
 11  548  1 99 99 99  2  3 99 99 99 99
 11  549  1  5 99 99  2  3 99 99  4  6
 11  550  1 99 99 99  2 99 99  3 99 99
 11  551  1  6 99 99  2  3 99  5  4 99
 11  552 99 99  1 99  2  3 99 99 99 99
 11  553 99 99  1  4  2 99 99 99  3 99
 11  554  2 99  1 99  3 99 99 99 99 99
 11  555  2 99  1 99  3 99 99 99 99 99
 11  556 99  5  1  6  2  3 99 99  4 99
 11  557  5  6  1 99  2  3 99 99  4 99
 11  558 99 99  1 99  2 99 99 99 99 99
 11  559  2 99  1 99  3  5 99 99  4 99
 11  560  2 99  1 99  3  4 99 99  5 99
 11  561  4 99  1 99  2  3 99 99  5  6
 11  562 99 99  1 99  2  3 99 99 99 99
 11  563  5  6  1 99  2  4 99 99  3 99
 11  564 99 99  1 99  2 99 99 99 99 99
 11  565 99 99  1 99  2 99 99 99 99 99
 11  566  5 10  1  9  2  3  8  4  7  6
 11  567 99  9  1  8  2  3  7  6  4  5
 11  568  2 99  1 99  3  4 99 99  5 99
 11  569  5  3  1  9  2  8 10  4  7  6
 11  570  1  2 99  6  3 99  4 99 99  5
 11  571  3  2  1  6  4  5  8  7  9 10
 11  572 99  2  1 99  3 99 99 99 99 99
 11  573  5  1 99 99  2  6 99 99  3  4
 11  574  2  1 99 99  3 99 99 99  4 99
 11  575 99  1 99 99  2 99 99  3  4 99
 11  576 99  1 99 99  2 99 99 99  3 99
 11  577 99  1 99  4  2 99 99 99  3 99
 11  578 99  1 99 99  2 99 99 99 99 99
 11  579  2  1 99 99  3 99 99  4  5 99
 11  580 99  1 99  3  2 99 99 99 99  4
 11  581  4  1 99  2  3 99 99 99 99 99
 11  582 99  1 99  2  3 99 99  6  4  5
 11  583 99  1 99  2  3 99 99  6  4  5
 11  584  2  1 99  3  4 99 99 99 99 99
 11  585  1  2  3  4  5  6  7  8  9 10
 11  586  1 99 99  2  3 99 99 99 99 99
 11  587  9  2 10  1  3  8  7  6  4  5
 11  588 99 99 99  1  2 99 99 99  3 99
 11  589  4  6 99  1  2 99 99 99  5  3
 11  590 99 99 99  1  2 99 99 99 99  3
 11  591 99 99 99  1  2 99 99 99  3 99
 11  592  3  6  7  1  2  4  8  9  5 10
 11  593  4  5  6  1  2  3  7  8  9 10
 11  594  2 99 99  1  3 99  4 99  6  5
 11  595  2 99 99  1  3 99  4 99  5  6
 11  596  4  5  6  1  2  7  8 10  3  9
 11  597  4  6  2 99  1  5 99 99  3 99
 11  598 99 99 99 99 99 99 99  1 99 99
 11  599  2 99 99  6  5  3 99 99  4  1
 11  600  2 99 99 99  6  3  4  5 99  1
 11  601  1 99 99 99 99 99 99 99 99  2
 11  602 99 99 99  1 99 99 99 99 99 99
 11  603 99 99 99  1 99 99 99 99 99 99
 11  604 99 99 99  1 99 99 99 99 99 99
 11  605 99 99 99  1 99 99 99 99 99 99
 11  606 99 99 99  1 99 99 99 99 99 99
 11  607 99 99 99  1 99 99 99 99 99 99
 11  608 99 99 99  1 99 99 99 99 99 99
 11  609 99 99 99  1 99 99 99 99 99 99
 11  610 99 99 99  1 99 99 99 99 99 99
 11  611 99 99 99  1 99 99 99 99 99 99
 11  612 99 99 99  1 99 99 99 99 99 99
 11  613 99 99 99  1 99 99 99 99 99 99
 11  614 99 99 99  1 99 99 99 99 99 99
 11  615 99 99 99  1 99 99 99 99 99 99
 11  616 99 99 99  1 99 99 99 99 99 99
 11  617 99 99 99  1 99 99 99 99 99 99
 11  618 99 99 99  1 99 99 99 99 99 99
 11  619 99 99 99  1 99 99 99 99 99 99
 11  620 99 99 99  1 99 99 99 99 99 99
 11  621 99 99 99  1 99 99 99 99 99 99
 11  622 99 99 99  1 99 99 99 99 99 99
 11  623 99 99 99  1 99 99 99 99 99 99
 11  624 99 99 99  1 99 99 99 99 99 99
 11  625 99 99 99  1 99 99 99 99 99 99
 11  626 99 99 99  1 99 99 99 99 99 99
 11  627 99 99 99  1 99 99 99 99 99 99
 11  628 99 99 99  1 99 99 99 99 99 99
 11  629 99 99 99  1 99 99 99 99 99 99
 11  630 99 99 99  1 99 99 99 99 99 99
 11  631 99 99 99  1 99 99 99 99 99 99
 11  632 99 99 99  1 99 99 99 99 99 99
 11  633 99 99 99  1 99 99 99 99 99 99
 11  634 99 99 99  1 99 99 99 99 99 99
 11  635  1  3  2 99 99 99 99 99 99 99
 11  636  1  2  3 99 99 99 99 99 99 99
 11  637  1  2  3 99 99 99 99 99 99 99
 11  638  1  2 99 99 99 99 99 99 99 99
 11  639  3  2  1 99 99 99 99 99 99 99
 11  640  3  2  1 99 99 99 99 99 99 99
 11  641  2  3  1 99 99 99 99 99 99 99
 11  642  1  2  3 99 99 99 99 99 99 99
 11  643  1  2 99 99 99 99 99 99 99 99
 11  644 99  1 99 99 99 99 99 99 99 99
 11  645  3  6  1 99 99  4 99  5 99  2
 11  646 99 99  1 99 99 99 99 99 99  2
 11  647  2  7  1  6  5  4  8  9  3 10
 11  648 99  5  1  4 99 99  3 99  2  6
 11  649 99  5  1  4 99 99  3 99  2  6
 11  650  5  6  1 99 99 99 99  3  2  4
 11  651  5  6  1 99 99 99 99  3  2  4
 11  652  5  6  1 99 99 99 99  3  2  4
 11  653  5  6  1 99 99 99 99  3  2  4
 11  654  3 99  1 99 99 99 99  2 99 99
 11  655  2  4  1 99 99 99 99  3  6  5
 11  656  3  6  1 99 99  5  4  2 99 99
 11  657 99 99  1 99 99 99  2 99 99 99
 11  658  2 99  1 99 99 99  3 99 99 99
 11  659  4  8  1  7  3  2  6  5 10  9
 11  660  2  4  1 99  6  3 99 99  5 99
 11  661 99  4  1 99  2 99  3  6  5 99
 11  662  4 99  1 99  2  3 99 99  5 99
 11  663  4 99  1 99  2  3 99 99  5 99
 11  664 99 99  1  6  2  3 99 99  5  4
 11  665  3 99  1 99  2  5  4 99 99 99
 11  666  2 99  1 99  3  5  4  6 99 99
 11  667  8  7  1  6  2  4  5  9  3 10
 11  668  5 10  1  9  2  3  7  8  4  6
 11  669  2 99  1  3  6 99  4 99  5 99
 11  670  2 99  1  3  6  4 99 99 99  5
 11  671 99  2  1  4  3 99 99  5 99  6
 11  672  2  3  1 10  8  4  7  9  6  5
 11  673 99  2  1 99 99 99  3  4  5  6
 11  674  9  2  1  8  7  6  5 10  3  4
 11  675  2  3  1  4 99 99 99  5  6 99
 11  676 99 99  1 99 99 99 99 99 99 99
 11  677 99 99  1 99 99 99 99 99 99 99
 11  678 99 99  1 99 99 99 99 99 99 99
 11  679 99 99  1 99 99 99 99 99 99 99
 11  680 99 99  1 99 99 99 99 99 99 99
 11  681 99 99  1 99 99 99 99 99 99 99
 11  682 99 99  1 99 99 99 99 99 99 99
 11  683 99 99  1 99 99 99 99 99 99 99
 11  684 99 99  1 99 99 99 99 99 99 99
 11  685 99 99  1 99 99 99 99 99 99 99
 11  686 99 99  1 99 99 99 99 99 99 99
 11  687 99 99  1 99 99 99 99 99 99 99
 11  688 99 99  1 99 99 99 99 99 99 99
 11  689 99 99  1 99 99 99 99 99 99 99
 11  690 99 99  1 99 99 99 99 99 99 99
 11  691 99 99  1 99 99 99 99 99 99 99
 11  692 99 99  1 99 99 99 99 99 99 99
 11  693 99 99  1 99 99 99 99 99 99 99
 11  694 99 99  1 99 99 99 99 99 99 99
 11  695 99 99  1 99 99 99 99 99 99 99
 11  696 99 99  1 99 99 99 99 99 99 99
 11  697 99 99  1 99 99 99 99 99 99 99
 11  698  2 99  1 99 99 99 99 99 99 99
 11  699 99 99  1 99 99 99 99 99 99 99
 11  700 99 99  1 99 99 99 99 99 99 99
 11  701 99 99  1 99 99 99 99 99 99 99
 11  702 99 99  1 99 99 99 99 99 99 99
 11  703  2 99  1 99 99 99 99 99  3 99
 11  704  2 99  1 99 99 99 99 99 99 99
 11  705 99 99  1 99 99 99 99 99 99 99
 11  706 99 99  1 99 99 99 99 99 99 99
 11  707 99 99  1 99 99 99 99 99 99 99
 11  708 99 99  1 99 99 99 99 99 99 99
 11  709 99 99  1 99 99 99 99 99 99 99
 11  710  2 99  1 99 99 99 99 99 99 99
 11  711 99 99  1 99 99 99 99 99 99 99
 11  712 99 99  1 99 99 99 99 99 99 99
 11  713 99 99  1 99 99 99 99 99 99 99
 11  714 99 99  1 99 99 99 99 99 99 99
 11  715 99 99  1 99 99 99 99 99 99 99
 11  716 99 99  1 99 99 99 99 99 99 99
 11  717 99 99  1 99 99 99 99 99 99 99
 11  718 99 99  1 99 99 99 99 99 99 99
 11  719 99 99  1 99 99 99 99 99 99 99
 11  720 99 99  1 99 99 99 99 99 99 99
 11  721 99 99  1 99 99 99 99 99 99 99
 11  722 99 99  1 99 99 99 99 99 99 99
 11  723 99 99  1 99 99 99 99 99 99 99
 11  724 99 99  1 99 99 99 99 99 99 99
 11  725 99 99  1 99 99 99 99 99 99 99
 11  726 99 99  1 99 99 99 99 99 99 99
 11  727 99 99  1 99 99 99 99 99 99 99
 11  728 99 99  1 99 99 99 99 99 99 99
 11  729 99 99  1 99 99 99 99 99 99 99
 11  730 99 99  1 99 99 99 99 99 99 99
 11  731 99 99  1 99 99 99 99 99 99 99
 11  732 99 99  1 99 99 99 99 99 99 99
 11  733 99 99  1 99 99 99 99 99 99 99
 11  734 99 99  1 99 99 99 99 99 99 99
 11  735 99 99  1 99 99 99 99 99 99 99
 11  736 99 99  1 99 99 99 99 99 99 99
 11  737 99 99  1 99 99 99 99 99 99 99
 11  738 99 99  1 99 99 99 99 99 99 99
 11  739 99 99  1 99 99 99 99 99 99 99
 11  740 99 99  1 99 99 99 99 99 99 99
 11  741 99 99  1 99 99 99 99 99 99 99
 11  742 99 99  1 99 99 99 99 99 99 99
 11  743 99 99  1 99 99 99 99 99 99 99
 11  744 99 99  1 99 99 99 99 99 99 99
 11  745 99 99  1 99 99 99 99 99 99 99
 11  746 99 99  1 99 99 99 99 99 99 99
 11  747 99 99  1 99 99 99 99 99 99 99
 11  748 99 99  1 99 99 99 99 99 99 99
 11  749 99 99  1 99 99 99 99 99 99 99
 11  750 99 99  1 99 99 99 99 99 99 99
 11  751 99 99  1 99 99 99 99 99 99 99
 11  752 99 99  1 99 99 99 99 99 99 99
 11  753 99 99  1 99 99 99 99 99 99 99
 11  754 99 99  1 99 99 99 99 99 99 99
 11  755 99 99  1 99 99 99 99 99 99 99
 11  756 99 99  1 99 99 99 99 99 99 99
 11  757 99 99  1 99 99 99 99 99 99 99
 11  758 99 99  1 99 99 99 99 99 99 99
 11  759 99 99  1 99 99 99 99 99 99 99
 11  760  2  2  1  2  2  2  2  2  2  2
 11  761 99 99  1 99 99 99 99 99 99 99
 11  762 99 99  1 99 99 99 99 99 99 99
 11  763 99 99  1 99 99 99 99 99 99 99
 11  764 99 99  1 99 99 99 99 99 99 99
 11  765 99 99  1 99 99 99 99 99 99 99
 11  766 99 99  1 99 99 99 99 99 99 99
 11  767  2 99  1 99 99 99 99 99 99 99
 11  768 99 99  1 99 99 99 99 99 99 99
 11  769 99 99  1 99 99 99 99 99 99 99
 11  770 99 99  1 99 99 99 99 99 99 99
 11  771 99 99  1 99 99 99 99 99 99 99
 11  772 99 99  1 99 99 99 99 99 99 99
 11  773 99 99  1 99 99 99 99 99 99 99
 11  774 99 99  1 99 99 99 99 99 99 99
 11  775 99 99  1 99 99 99 99 99 99 99
 11  776 99 99  1 99 99 99 99 99 99 99
 11  777 99 99  1 99 99 99 99 99 99 99
 11  778 99 99  1 99 99 99 99 99 99 99
 11  779 99 99  1 99 99 99 99 99 99 99
 11  780 99 99  1 99 99 99 99 99 99 99
 11  781 99 99  1 99 99 99 99 99 99 99
 11  782 99 99  1 99 99 99 99 99 99 99
 11  783  1  2  6 99  5  4  3 99 99 99
 11  784  1 99 99  6 99  5  2 99  4  3
 11  785  1 99 99 99 99 99 99 99 99 99
 11  786 99 99 99 99 99 99 99  1 99 99
 11  787  1  7  6  5  4  3  8  9  2 10
 11  788  1  5 99  4  6  3 99 99  2 99
 11  789  1 99  2 99 99 99 99 99  3 99
 11  790  1  3  4  5  6 99 99 99 99  2
 11  791  1 99 99 99 99  3  2 99 99 99
 11  792  1 99 99 99 99  3  2 99 99 99
 11  793  1 99 99 99 99  3  2 99 99 99
 11  794  1 99 99 99 99  3  2 99 99 99
 11  795  1 99 99 99 99  3  2 99 99 99
 11  796  1 99  2 99  5 99  3  6 99  4
 11  797  1 99  3  4  5  6  2  7  8  9
 11  798  1 99 99 99 99  3  2 99 99 99
 11  799  1 99 99 99 99  3  2 99 99 99
 11  800  1 99 99 99 99  3  2 99 99 99
 11  801  1  3 99  6  5  4  2 99 99 99
 11  802  1  4  5 99 99  3  2 99 99 99
 11  803  1 99 99 99 99  3  2 99 99 99
 11  804  1 99 99 99 99  3  2 99 99 99
 11  805  1 99  5  4 99 99  2  3 99  6
 11  806  1 99 99 99 99  3  2 99 99 99
 11  807  1 99 99 99 99  3  2 99 99 99
 11  808  1  8  4  7  9  3  2 10  6  5
 11  809  1  8  4  7  9  3  2 10  6  5
 11  810  1  5  4  6 99  3  2 99 99 99
 11  811  1 99 99 99 99  2  3 99 99 99
 11  812  1 99 99 99 99  2  3 99 99 99
 11  813  1 99 99 99 99  2  3 99 99 99
 11  814  1 99 99 99  4  2  5  6  3  7
 11  815  1  3 99 99 99  2 99 99 99 99
 11  816  1 99  6 99  5  2  3 99  4 99
 11  817  1  5  2 99  4  3 99 99 99 99
 11  818  1  6  7 10  3  2  8  9  4  5
 11  819  1  5  9 10  4  2  6  8  3  7
 11  820  1 99 99 99 99  2  3 99 99 99
 11  821  1 99 99 99 99  2  3 99 99 99
 11  822  1 99 99 99 99  2  3 99 99 99
 11  823  1 99 99 99 99  2  3 99 99 99
 11  824  1  9  8  7  6  2  3 10  5  4
 11  825  1 99 99 99 99  2  3  4 99 99
 11  826  1 99 99 99 99  2  3 99 99 99
 11  827  1  4 99  6 99  2  3 99 99  5
 11  828  1 99 99 99  2  4 99 99  3 99
 11  829  1 99 99 99  2 99 99 99  3 99
 11  830  1 99 99 99  2  3 99 99 99 99
 11  831  1 99 99 99  2  3 99 99 99 99
 11  832  1  3  5  2  6  7  4  9  8 10
 11  833  1  2 99 99 99  4  3 99 99 99
 11  834  1  2  6 99  3  4  5 99 99 99
 11  835  1  2 99 99 99  3  4 99 99 99
 11  836  1 99 99 99 99 99 99 99 99 99
 11  837  1 99 99 99 99 99 99 99 99 99
 11  838  1 99 99 99 99 99 99 99 99 99
 11  839  1 99 99 99 99 99 99 99 99 99
 11  840  1 99 99 99 99 99 99 99 99 99
 11  841  1 99 99 99 99 99 99 99 99 99
 11  842  1 99 99 99 99 99 99 99 99 99
 11  843  1 99 99 99 99 99 99 99 99 99
 11  844  1 99 99 99 99 99 99 99 99 99
 11  845  1 99 99 99 99 99 99 99 99 99
 11  846  1 99 99 99 99 99 99 99 99 99
 11  847  1 99 99 99 99 99 99 99 99 99
 11  848  1 99 99 99 99 99 99 99 99 99
 11  849  1 99 99 99 99 99 99 99 99 99
 11  850  1 99 99 99 99 99 99 99 99 99
 11  851  1 99 99 99 99 99 99 99 99 99
 11  852  1 99 99 99 99 99 99 99 99 99
 11  853  1 99 99 99 99 99 99 99 99 99
 11  854  1 99 99 99 99 99 99 99 99 99
 11  855  1 99 99 99 99 99 99 99 99 99
 11  856  1 99 99 99 99 99 99 99 99 99
 11  857  1 99 99 99 99 99 99 99 99 99
 11  858  1 99 99 99 99 99 99 99 99 99
 11  859  1 99 99 99 99 99 99 99 99 99
 11  860  1 99 99 99 99 99 99 99 99 99
 11  861  1 99 99 99 99 99 99 99 99 99
 11  862  1 99 99 99 99 99 99 99 99 99
 11  863  1 99 99 99 99 99 99 99 99 99
 11  864  1 99 99 99 99 99 99 99 99 99
 11  865  1 99 99 99 99 99 99 99 99 99
 11  866  1 99 99 99 99 99 99 99 99 99
 11  867  1 99 99 99 99 99 99 99 99 99
 11  868  1 99 99 99 99 99 99 99 99 99
 11  869  1 99 99 99 99 99 99 99 99 99
 11  870  1 99 99 99 99 99 99 99 99 99
 11  871  1 99 99 99 99 99 99 99 99 99
 11  872  1 99 99 99 99 99 99 99 99 99
 11  873  1 99 99 99 99 99 99 99 99 99
 11  874  1 99 99 99 99 99 99 99 99 99
 11  875  1 99 99 99 99 99 99 99 99 99
 11  876  1 99 99 99 99 99 99 99 99 99
 11  877  1 99 99 99 99 99 99 99 99 99
 11  878  1 99 99 99 99 99 99 99 99 99
 11  879  1 99 99 99 99 99 99 99 99 99
 11  880  1 99 99 99 99 99 99 99 99 99
 11  881  1 99 99 99 99 99 99 99 99 99
 11  882  1 99 99 99 99 99 99 99 99 99
 11  883  1 99 99 99 99 99 99 99 99 99
 11  884  1 99 99 99 99 99 99 99 99 99
 11  885  1 99 99 99 99 99 99 99 99 99
 11  886  1 99 99 99 99 99 99 99 99 99
 11  887  1 99 99 99 99 99 99 99 99 99
 11  888  1 99 99 99 99 99 99 99 99 99
 11  889  1 99 99 99 99 99 99 99 99 99
 11  890  1 99 99 99 99 99 99 99 99 99
 11  891  1 99 99 99 99 99 99 99 99 99
 11  892  1 99 99 99 99 99 99 99 99 99
 11  893  1 99 99 99 99 99 99 99 99 99
 11  894  1 99 99 99 99 99 99 99 99 99
 11  895  1 99 99 99 99 99 99 99 99 99
 11  896  1 99 99 99 99 99 99 99 99 99
 11  897  1 99 99 99 99 99 99 99 99 99
 11  898  1 99 99 99 99 99 99 99 99 99
 11  899  1 99 99 99 99 99 99 99 99 99
 11  900  1 99 99 99 99 99 99 99 99 99
 11  901  1 99 99 99 99 99 99 99 99 99
 11  902  1 99 99 99 99 99 99 99 99 99
 11  903  1 99 99 99 99 99 99 99 99 99
 11  904  1 99 99 99 99 99 99 99 99 99
 11  905  1 99 99 99 99 99 99 99 99 99
 11  906  1 99 99 99 99 99 99 99 99 99
 11  907  1 99 99 99 99 99 99 99 99 99
 11  908  1 99 99 99 99 99 99 99 99 99
 11  909  1 99 99 99 99 99 99 99 99 99
 11  910  1 99 99 99 99 99 99 99 99 99
 11  911  1 99 99 99 99 99 99 99 99 99
 11  912  1 99 99 99 99 99 99 99 99 99
 11  913  1 99 99 99 99 99 99 99 99 99
 11  914  1 99 99 99 99 99 99 99 99 99
 11  915  1 99 99 99 99 99 99 99 99 99
 11  916  1 99 99 99 99 99 99 99 99 99
 11  917  1 99 99 99 99 99 99 99 99 99
 11  918  1 99 99 99 99 99 99 99 99 99
 11  919  1 99 99 99 99 99 99 99 99 99
 11  920  1 99 99 99 99 99 99 99 99 99
 11  921  1 99 99 99 99 99 99 99 99 99
 11  922  1 99 99 99 99 99 99 99 99 99
 11  923  1 99 99 99 99 99 99 99 99 99
 11  924 99 99 99 99 99 99 99 99 99  1
 11  925 99 99 99 99 99 99 99 99 99  1
 11  926 99 99 99 99 99 99 99 99 99  1
 11  927 99 99 99 99 99 99 99 99 99  1
 11  928 99 99 99 99 99 99 99 99 99  1
 11  929 99 99 99 99 99 99 99 99 99  1
 11  930 99 99 99 99 99 99 99 99 99  1
 11  931 99  3 99  2 99 99 99 99 99  1
 11  932 99 99 99 99 99 99 99 99 99  1
 11  933 99  3 99  2 99 99 99 99 99  1
 11  934 99 99 99  2 99 99 99 99 99  1
 11  935 99 99 99  2 99 99 99 99 99  1
 11  936 99 99 99 99 99 99 99 99 99  1
 11  937 99 99 99 99 99 99 99 99 99  1
 11  938 99 99 99 99 99 99 99 99 99  1
 11  939 99 99 99 99 99 99 99 99 99  1
 11  940 99 99 99 99 99 99 99 99 99  1
 11  941 99 99 99 99 99 99 99 99 99  1
 11  942 99  3 99  2 99 99 99 99 99  1
 11  943 99 99 99 99 99 99 99 99 99  1
 11  944 99 99 99 99 99 99 99 99 99  1
 11  945 99 99 99 99 99 99 99 99 99  1
 11  946 99 99 99 99 99 99 99 99 99  1
 11  947 99 99 99 99 99 99 99 99 99  1
 11  948 99 99 99 99 99 99 99 99 99  1
 11  949  2 99 99  1 99 99 99 99 99  3
 11  950 99 99 99  1 99 99 99 99 99  2
 11  951 99 99 99  1 99 99 99 99 99  2
 11  952 99  2  1  3 99 99 99 99 99  4
 11  953 99  4  1 99  5 99 99 99  3  2
 11  954  1  3  6  8  7 10  9  5  4  2
 11  955  1  4  6  7  5 99 99 99  3  2
 11  956  1 99  6 99 99  5  4 99  3  2
 11  957 10  9  8  7  4  3  6  5  2  1
 11  958 99  4 99 99  3  6  5 99  2  1
 11  959 99 99 99  3 99 99 99 99  2  1
 11  960 99 99 99  3 99 99 99 99  2  1
 11  961  3 99 99  4  5  6 99 99  2  1
 11  962 99  4 99  2 99 99 99 99  3  1
 11  963  4 99 99  3 99 99 99 99  2  1
