A12   76 UNION  VOTERS ELECT  2  OUT OF 20 (BY RAV)                        
 12    1 99 99 99 99 99 99 99 99  1 99 99 99 99 99 99 99 99 99  2 99
 12    2 99  2 99 99 99 99 99 99 99 99 99 99 99  3 99 99 99 99  1 99
 12    3 99  3 99 99 99 99 99 99  1 99 99 99  2 99 99 99 99 99 99 99
 12    4 99  3 99 99  1 99 99 99 99 99 99 99  2 99 99 99 99 99 99 99
 12    5 99  3  2 99  4 99  5 99 99  6 99 99 99 99 99  1 99 99 99 99
 12    6 99  4 99 99 99 99  1  2 99 99  3 99 99 99 99 99 99 99 99 99
 12    7 99  2 99 99  1 99 99 99 99 99 99 99  3 99 99 99 99 99 99 99
 12    8  5  4  6  8  7  9 10  1  3  2 99 99 99 99 99 99 99 99 99 99
 12    9 99  1 99 99  4 99 99 99  2 99 99 99  3 99 99 99 99 99 99 99
 12   10 99  1 99 99 99 99 99 99 99 99 99 99 99 99 99 99 99 99 99 99
 12   11 99  1 99 99 99 99 99 99 99 99 99 99 99 99 99 99 99 99 99 99
 12   12 99 99 99 99 99 99 99 99  1 99 99 99  2 99 99 99 99 99 99 99
 12   13 99 99 99 99  2 99 99 99 99 99 99 99  1 99 99 99 99 99 99 99
 12   14 99 99 99 99  2 99 99 99  3 99 99 99  1 99 99 99 99 99 99 99
 12   15 99 99 99 99 99 99 99 99 99 99 99 99 99  1  3  2 99 99 99 99
 12   16 99 99 99 99  3 99  2  1  4 99  5 99 99 99 99 99 99 99 99 99
 12   17 99 99 99 99 99 99  1  2  3 99 99 99 99 99 99 99 99 99 99 99
 12   18 99 99 99 99 99 99  1  2 99 99  3 99 99 99 99 99 99 99 99 99
 12   19  1 99 99  2 99 99 99  3 99 99 99 99 99 99 99 99 99 99 99 99
 12   20  1 99 99  2 99 99 99 99 99 99 99 99 99 99 99 99 99 99 99 99
 12   21  1 99 99 99 99 99 99 99 99 99 99 99 99 99 99 99 99 99 99 99
 12   22  2 99 99  3 99 99 99 99 99 99 99 99 99 99 99 99 99 99 99  1
 12   23 99 99 99 99 99 99 99  2 99 99  1 99 99 99 99 99 99 99 99 99
 12   24 99 99 99 99 99 99 99 99 99 99 99 99 99 99  1 99 99 99 99 99
 12   25 99 99 99 99 99 99 99 99  1 99 99 99 99 99 99 99 99 99 99 99
 12   26 99 99 99 99 99 99 99 99  1 99 99 99 99 99 99 99 99 99 99 99
 12   27 99 99 99 99 99  3 99 99 99 99 99  2 99 99 99  1  4 99 99 99
 12   28 99  4 99 99  2 99 99 99  5 99 99  3  1 99 99 99 99 99  6 99
 12   29 12 19 11 17  3  9 15  4 10  3  2  6  8 18 16 13  7 14  1  5
 12   30 99  2 99 99 99 99 99 99 99 99 99 99  1 99 99 99 99 99  3 99
 12   31 99  4 99 99  2 99 99 99  5 99 99 99  1 99 99 99 99 99  3  6
 12   32 99 99 99 99  2 99 99 99 99 99 99 99  1 99 99 99 99 99  3  4
 12   33 99 99 99 99 99 99  1  2 99 99  3 99 99 99 99 99 99 99  4 99
 12   34 99 99 99 99 99 99  2  1 99 99  4 99 99 99 99 99 99 99  3 99
 12   35 99 99  1 99 99 99 99 99  3 99 99 99 99 99 99 99 99 99  2 99
 12   36 99  4 99 99 99 99 99 99  2  1 99 99 99 99 99 99 99 99  3 99
 12   37 99 99 99 99 99  3 99 99 99 99 99  1 99 99 99  2 99  4  5 99
 12   38  3 99 99 99 99 99 99 99 99 99 99  1 99 99  2 99 99 99 99 99
 12   39 99 99 99 99 99  3  7 99 99 99 99  1  8 99  2  5 99 99  4  6
 12   40 99 99 99 99 99 99 99 99  2 99 99  1 99 99 99 99 99 99 99 99
 12   41 99 99 99 99 99  1 99 99 99 99 99  4 99 99  3 99  2 99 99 99
 12   42 99 99 99 99 99 99 99 99 99 99 99  2 99  1 99 99 99 99 99 99
 12   43 99 99 99 99 99  4 99 99 99 99 99  3 99  1  2 99 99 99 99 99
 12   44  2 99 99  1 99 99 99 99  4 99 99  3 99 99 99 99 99 99 99 99
 12   45  1 99 99  2 99  3 99 99 99 99 99  5 99 99  6 99  4 99 99 99
 12   46 99 99 99 99 99 99 99 99 99 99 99  2 99 99  3  1 99 99 99 99
 12   47 99 99 99 99 99 99 99 99 99 99 99 99 99 99 99 99 99  1 99  2
 12   48 99 99 99 99 99 99 99 99 99 99 99 99 99 99 99 99 99  1 99 99
 12   49 99 99 99 99 99 99 99 99 99 99 99 99 99 99 99 99 99  1 99  2
 12   50 99 99 99 99 99 99  5  4  6 99 99 99 99 99 99 99 99  1  2  3
 12   51  3  7 99  4 99 99  8 99  2 99  9 99 99 99 99 99 99  1  5  6
 12   52 11  3 20  6 19 17  7 12  2  8  5 10 14 16  9 15 18  1  4 13
 12   53 99 99 99 99  4 99 99 99  3 99 99 99 99 99 99 99 99  1 99  2
 12   54 16  9 10 15  4  5 14 12  3 17  7 13  8 18  6 99 11  1  2 19
 12   55 99 99 99 99 99 99 99 99  4 99 99 99 99 99 99 99 99  1  2  3
 12   56 99 99 99 99 99 99 99 99  3  4 99 99 99 99 99 99 99  1  2 99
 12   57  7 99 99 99 99 99  3 99  2 99  5 99  6 99 99 99 99  1 99  4
 12   58 99 99 99 99 99 99 99 99  2 99 99 99 99 99 99 99 99  1 99  3
 12   59  2 99 99 99 99 99 99 99  3 99 99 99 99 99 99 99 99  1  4  5
 12   60  9 99  5 99 12  6 99 99  8  3 99 13 99 10  4 99 11  1  7  2
 12   61 99  6 99 99 99 99  5 99  1 99 99 99 99 99 99 99 99  2  4  3
 12   62 13 12 17  6 16  7  3 20  8 19  5 14 18  4 11  9 15  2 10  1
 12   63  7 14 20  5 15 18  8 11  6 13  2 10 19  3 12 16 17  4  9  1
 12   64 99 99 99 99 99 99  1  2 99 99  3 99 99 99 99 99 99  4 99 99
 12   65 99 99 99 99 99 99  1  2 99 99 99 99 99 99 99 99 99  3  4 99
 12   66 99  3 99 99 99 99 99 99 99 99 99 99 99 99 99  1 99  2  4 99
 12   67  2 99 99 99 99 99 99 99 99 99 99 99 99 99 99  1 99  3 99 99
 12   68 99  1 99 99  2 99 99 99 99 99 99 99 99 99 99 99 99  3 99 99
 12   69  7 99 99 99 99 99  6 99  1 99 99  4 99 99  5 99 99  3  2 99
 12   70 99 99 99 99 99 99 99 99  1 99 99 99 99 99 99 99 99  3  2 99
 12   71  2 99 99 99 99 99 99 99 99 99 99 99 99 99 99 99 99  3  1 99
 12   72 99 99 99 99 99 99 99 99  2  3 99 99 99 99 99 99 99  4  1 99
 12   73 99 99 99 99  5 99  8 99  2 99 99  7 99 99 99  6 99  3  1  4
 12   74 18 17 16 15 14 13 12 11 10 19  9  8  7  6  5  4  2  3  1 20
 12   75  2 99 99 99 99 99 99 99 99 99 99  1 99 99 99 99 99 99 99 99
 12   76  2 99 99 99 99 99 99 99 99 99 99  1 99 99  3 99 99 99 99 99
