A13  104 UNION  VOTERS ELECT  2  OUT OF 26 (BY RAV)                        
 13    1  6 99 99 99 99 99  3 99  2 99  1 99 99 99 99 99 99 99 99 99 99  5 99 99  4 99
 13    2 99 99 99 99 99 99 99 99 99 99 99 99 99 99 99 99 99 99  1 99  3  2 99 99 99 99
 13    3 99 99 99 99 99 99 99 99 99 99 99 99 99 99 99 99 99 99  1 99  4  2 99  3 99 99
 13    4 99 99 99 99 99 99  2 99 99 99 99 99 99 99 99 99 99 99  1 99 99 99 99 99 99 99
 13    5 99 99 99 99  5 99 99 99  2 99 99 99 99  4 99 99 99 99 99  3 99 99 99 99 99  1
 13    6 99 99 99 99 99  1 99 99  3 99 99 99  4 99 99 99 99 99 99 99  2 99 99 99 99 99
 13    7 99 99 99 99 99 99  2 99  3 99 99 99 99 99 99 99 99 99 99 99 99 99 99 99  1 99
 13    8 99 99 99 99 99 99 99 99  2 99 99  1  3 99 99 99 99 99 99 99 99 99 99 99 99 99
 13    9  9 14 99 10  1 99  8 99 11 99  2 99 99  5 99  3 99  7 99  6 99 12 99  4 99 13
 13   10 10 11 23  6 12 16 19 21  2 17  1 18 20  9 22 14  5 24 13  3 15  4  8  7 25 26
 13   11  5 99 99 99 99 99 99 99  4 99  1 99 99 99 99  6 99 99 99  2 99 99 99  3 99 99
 13   12  9 99  5 99  6 99 99 99  7 99 99 10 99  2  3 99 99  4 99 99  8 99 99 99 99  1
 13   13  5  6  1  7 10  9 11  8  4  2  3 13 12 99 99 99 99 99 99 99 99 99 99 99 99 99
 13   14 99 99 99 99 99 99 99 99  2  1 99 99 99 99 99 99 99 99 99 99 99 99 99  3 99 99
 13   15 99 99  4 99 99 99  3 99  6  1 99 99 99 99 99  5 99 99 99 99 99 99 99 99 99  2
 13   16 99 99 99 99 99  1  4 99  5 99  3 99 99 99 99 99 99 99  2 99  6 99 99 99 99 99
 13   17 99 99 99 99  4  8 99  5  3 99  6 99  7 99 99  9 99 99  2  1 10 99 99 99 99 99
 13   18  6  7  8  9 10  2 15 17 18 20 22 24 25  5  4 11 12 13  1 14  3 16 19 21 23 26
 13   19 99 99 99 99 99  5  3 99  4 99  2 99 99 99 99 99 99 99  1 99 99  6 99 99 99 99
 13   20  1 99  5  6  7  8 99 99 99 99 99 99 99  4 99 99 99 99 99  2 99  9 10 99  3 99
 13   21 99  1  2 99 99 99 99 99 99 99 99 99 99 99  3 99 99 99 99 99 99 99 99 99 99  4
 13   22 99 99  2 99 99 99 99 99 99 99 99 99 99 99  3 99  1 99 99 99 99 99 99 99 99  4
 13   23 99 99 99 99 99 99  2 99 99 99  4 99 99 99 99 99 99 99 99 99 99 99 99  3  1 99
 13   24 99 99 99 99 99 99  3 99 99 99  1 99 99 99 99 99 99 99 99  2 99 99 99 99 99 99
 13   25 99 99 99 99 99 99 99 99 99 99  1 99 99 99 99 99 99 99 99 99 99 99 99 99 99 99
 13   26 99 99 99 99 99 99 99 99 99 99  1 99 99 99 99 99 99 99 99 99 99 99 99 99  2 99
 13   27 99 99 99 99 99 99 99 99 99 99  1 99 99 99 99 99 99 99 99 99 99 99 99 99 99 99
 13   28 99 99 99  3 99 99 99 99 99 99  1 99 99 99 99 99 99 99 99 99 99 99 99 99  2 99
 13   29 99 99 99 99 99 99 99 99 99 99 99  2 99 99 99 99 99 99 99 99 99 99 99 99 99  1
 13   30 99 99 99  1 99 99 99 99 99 99 99  2 99 99 99 99 99 99 99 99  3 99 99 99 99 99
 13   31 99 99 99 99 99 99 99 99 99 99 99  1 99 99 99 99 99 99 99 99 99 99 99  2 99 99
 13   32 99 99 99 99 99  1 99 99 99 99 99 99 99 99 99 99 99 99 99 99  2 99 99 99  3 99
 13   33 99 99 99 99 99 99  1 99 99 99 99 99 99 99 99 99 99 99 99 99 99 99 99 99  2 99
 13   34 99 99 99 99 99 99 99 99 99 99 99 99 99 99 99  3  2 99 99 99 99 99 99 99  1 99
 13   35 99 99 99 99 99 99 99 99 99 99 99 99 99 99 99 99 99 99 99  1 99 99 99  2 99  4
 13   36 99 99 99 99 99 99 99 99 99 99 99 99 99 99 99 99 99 99 99 99  1  2 99 99 99 99
 13   37 99 99 99 99 99 99 99 99 99 99 99 99 99  3 99 99 99  2 99 99 99  4 99  1 99 99
 13   38  1 99 99 99 99 99 99 99 99 99 99 99 99 99 99 99 99 99 99 99 99 99 99 99 99 99
 13   39 99 99  3  5 99 99 99 99 99  4  1 99 99 99 99 99 99 99  6 99 99 99 99 99 99  2
 13   40 99 99 99  2 99 99  3 99 99  4 99  1 99 13 99  5 99  6  7 12 99  8 99  9 10 11
 13   41 99 99 99  1 99 99 99 99 99  4 99  3 99 99 99 99 99 99 99  2 99 99 99 99 99 99
 13   42 99 99 99 99 99 99 99 99 99  2 99  4 99 99 99 99  3 99 99 99 99 99 99 99 99  1
 13   43  9 99 99  7 99  8 99 99 99  2 99  4 99 99 99  6 99 10 99  1 99  3 99 99 99  5
 13   44 99 99 99 99 99 99  5 99 99  1 99  2 99 99 99 99 99 99 99 99 99 99 99  3 99  4
 13   45 99 99 99 99 99  1 99 99 99 99 99 99 99 99 99 99 99 99  4 99  2  3 99 99 99 99
 13   46 99 99 99 99 99  3  1 99 99 99 99 99 99 99 99 99 99 99  2 99 99 99 99 99  4 99
 13   47 99 99  3 99  1 99 99 99 99 99 99 99 99 99 99 99 99 99  2 99 99 99 99 99 99 99
 13   48 99 99 99 99 99 99  3 99 99 99 99 99 99 99 99 99 99 99  2 99 99  1 99 99 99 99
 13   49 99 99 99 99 99  6 99 99 99 99  4 99 99 99 99 99 99 99  1  2  5 99 99  3 99 99
 13   50 99 99 99 99 99 99  3 99 99 99 99 99  1 99 99 99 99 99 99  2 99 99 99 99 99 99
 13   51 99 99 99 99 99 99 99 99 99 99 99 99  1  3 99 99 99 99 99 99 99 99 99  2 99 99
 13   52 99 99 99 99 99 99 99 99  3 99  2 99  1 99 99 99 99 99 99 99 99 99 99 99 99 99
 13   53 99  7 99 99 99  2 99 99  9 99  8 99  1 99 99 99 99  6  5 10  3  4 99 99 99 99
 13   54 99 99 99 99 99  2 99  3 99 99 99 99  1 99 99 99 99 99 99 99 99 99 99 99 99 99
 13   55 99 99 99 99 99 99 99 99 99 99  2 99  1 99 99 99 99 99 99 99 99 99 99 99 99 99
 13   56 99 99 99 99 99 99 99 99 99 99 99 99  1 99 99 99 99 99 99 99 99 99 99 99 99 99
 13   57 99 99 99 99 99 99 99 99 99 99  3 99  1 99 99 99 99 99 99  2 99 99 99 99 99 99
 13   58 99 99 99 99 99 99 99 99 99 99  2 99  1 99 99 99 99 99 99 99  3 99 99 99 99 99
 13   59 12 11 19 14 13  4  2 16 15 18  5 17  1  6 10 20 24 25  3 26  8 22 23  9 21  7
 13   60 10  2 99 99  7 99  9 11 99  3 99  4  1 13 99 14 99 99  6  5 99 99  8 99 99 12
 13   61 99  3 99 99 99 99 99 99 99 99 99 99  1 99  4 99 99  5 99  2 99 99 99 99 99 99
 13   62 99  6  5 99 99 99 99  3 99 10 99 99  2 99  4 99  7  9 99  1 99 99 99 99 99  8
 13   63 99 99 99 99 99 99 99 99 99 99 99 99  2 99 99 99 99 99 99  1 99 99 99 99 99 99
 13   64 99 99  3 99 99 99 99 99 99 99 99 99  2 99  4 99 99 99 99  1 99 99 99 99 99 99
 13   65 99  6  4 99 99 99 99  3 99 99 99 99  2 99  1 99 99 99 99  5 99 99 99 99 99 99
 13   66 99  4  5 99 99 99 99 99 99 99 99 99  3 99  6 99 99  1 99 99 99 99  2 99 99 99
 13   67 99  1  5 99 99 99 99 99 99 99 99 99  2 99  4 99 99 99 99  3 99 99 99 99 99 99
 13   68  7 16 25  6 15 26 13  5 14 12 21 22  4 17  2 18  8 11 23 24  1  9 20 19  3 10
 13   69 99 99 99 99 99 99  2 99 99 99  1 99  3 99 99 99 99 99 99 99 99 99 99 99 99 99
 13   70 99 99 99 99 99  3 99 99 99 99  1 99  2 99 99 99 99 99 99 99 99 99 99 99 99 99
 13   71 99 99 99 99 99 99 99 99 99 99  1 99  3 99 99 99 99 99 99 99 99  2 99 99 99 99
 13   72 99 99 99 99 99 99 99 99 99 99  1 99  3 99 99 99 99 99 99  2 99 99 99 99 99 99
 13   73  4 99 99  6 99 99 99 99 99 99  1 99  8  7 99  5 99 99 99  2 99 99 99  3 99 99
 13   74 99  7  3 99 99 99 99  1 99 99 99 99  5 99  4 99  9  6 99  2 99 99  8 99 99 99
 13   75 99 99  1 99 99 99 99 99 99 99 99 99  4 99 99 99 99  3 99  2 99 99 99 99 99 99
 13   76 99 99  1 99  7  5  6  4 99 99 99 99  3 99 99 99 99 99 99  2 99 99 99 99 99 99
 13   77 99 99 99 99 99 99 99 99 99  1 99 99  2 99 99 99 99 99  3  4 99 99 99 99 99 99
 13   78 99 99 99 99 99 99  4 99 99  1 99 99  2 99 99 99 99 99  3 99 99 99 99 99 99 99
 13   79 99 99 99 99  5 99  4 99 99  1 99 99  3 99  6  7  8  9 10 99 99 99 99 99 99  2
 13   80 99 99 99 99 99 99 99  1 99 99  2 99  5  6  7 99 99 99  4  3 99 99 99 99 99 99
 13   81  8  9 10 11 12  1 13 14 15 16  3 17  4 18 19 20 21 22  2 23  5  6 24 25  7 26
 13   82  8 16 25 24  4 17 99 21 13  9  2 22 10  7 14 18 19 15  1 23 20  3 12 11  6  5
 13   83 99 99 99 99 99 99 99 99  1 99 99 99 99 99 99 99 99 99 99 99 99 99 99 99 99 99
 13   84 99 99 99 99 99 99 99 99  1 99  3 99 99 99 99 99 99 99 99 99 99 99 99 99  2 99
 13   85 99 99 99 99 99 99  2 99  1 99 99 99 99 99 99 99 99 99  3 99 99 99 99 99 99 99
 13   86 99 99 99 99 99 99 99 99  1 99 99  3 99 99 99 99 99 99 99 99 99  2 99 99 99 99
 13   87 99 99 99 99 99 99 99 99  1 99  3 99 99 99 99 99 99 99 99 99 99 99 99 99  2 99
 13   88 99 99 99 99 99 99  2 99  1 99 99 99 99 99 99 99 99 99 99 99 99 99 99 99  3 99
 13   89 99 99 99 99 99 99  4 99  1 99 99 99  6  3 99 99 99 99 99  2  5 99 99 99 99 99
 13   90 99 99 99 99 99 99 99 99  1 99  5 99 99  3 99  4 99 99 99  2 99 99 99  6 99 99
 13   91 99 99 99 99  3 99 99 99  1 99 99 99  2 99 99 99 99 99 99 99 99 99 99 99 99 99
 13   92 99 99 99 99 99 99 99 99  1 99  2 99  3 99 99 99 99 99  4 99 99 99 99 99 99 99
 13   93 99 99  7 99  5  6 99 99  1 99  2 99  3 99 99 99 99  8 99  9 99 10 99  4 99 99
 13   94 99 99 99 99  3 99 99 99  1 99 99 99  2 99 99 99 99  4 99 99 99 99  5 99 99 99
 13   95 99 99 99 99 99 99 99 99  2 99 99 99 99 99  3 99 99 99 99  1 99 99 99 99 99 99
 13   96 99 99  3 99 99 99 99 99  2 99 99 99 99 99 99 99 99 99 99  1 99 99 99 99 99 99
 13   97  1 99 99 99  2 99 99 99  3 99 99 99 99 99 99 99 99 99 99 99 99 99 99 99 99 99
 13   98 99 99 99 99 99 99 99 99  2 99 99 99  4  1 99 99 99 99 99  3 99 99 99 99 99 99
 13   99  6 99  7 99  4 99 99 99  3 99 99  5 99 99 99  1 99 99  8  2 99 99 99 99 99 99
 13  100 99 99  9 99  8  7 99 99  6 99 99  5 99  2 99  1 99 99 99  3 99 99 99  4 99 99
 13  101 99 99 99 99 99 99 99 99  2 99 99  3 99 99 99 99 99 99 99 99 99 99 99 99  1 99
 13  102 99 99 99 99 99  4 99  2  3 99 99 99 99 99 99 99 99 99 99  1 99 99 99 99 99 99
 13  103 99 99  5 99 99 99 99 99  4 99 99 99 99 99 99 99 99 99 99  3  1  2 99 99 99 99
 13  104 99 99 99 99 99 99 99 99 99 99 99 99 99 99 99 99 99 99  1 99  2 99 99 99 99 99
