A14   73 UNION  VOTERS ELECT  2  OUT OF 17 (BY RAV)                        
 14    1  1 99  2 99 99 99 99 99 99  4 99 99  3  5 99 99 99
 14    2 17  1 11  4  5  8  7 10  9 16  2  3 12 13 14  6 15
 14    3 99  1 99 99 99  3 99 99 99  2 99 99 99 99 99 99 99
 14    4 99  1 99 99 99  4 99 99 99  2  5  6 99  7 99  3 99
 14    5 99  1  3 99 99 99 99 99 99 99 99 99 99  2 99 99 99
 14    6  2  1  7  3  4  6 11 14 15 12  5 13  8 16 17  9 10
 14    7 16  1 17  8  6 14  4  9  7  2 11 12 15  3 10 13  5
 14    8 99  1 99 99 99 99 99 99 99 99 99  2 99 99 99  3 99
 14    9 99  1 99 99 99 99 99  5 99  2 99 99 99  3 99 99  4
 14   10 99  1 99 99 99 99 99 99 99  2 99  3 99 99 99 99 99
 14   11  6  1 16  8 11  3 13  9  5 15 12  2  7 14 10  4 17
 14   12 99  1 99 99 99  3 99 99 99  5 99 99 99  4 99  2 99
 14   13  5  2  6 99 99  3 99 99 99  1 99  7 99 99 99  4 99
 14   14 99  2 99 99 99 99 99 99 99  3 99 99 99 99 99  1 99
 14   15 99  2 99 99 99 99 99  1 99 99 99 99 99  4 99 99  3
 14   16 99  3 99 99 99 99 99  1 99  2 99 99 99 99 99 99 99
 14   17 99  2 99 99 99 99 99  3 99  4 99 99 99 99  1 99 99
 14   18 99  2 99 99 99 99 99 99 99  3 99 99 99 99  1 99 99
 14   19  8  4 99  5 10 99  9  3 99  2  6 99 99 99  1  7 99
 14   20 99  3 99 99 99 99 99 99 99  1 99 99 99 99 99 99  2
 14   21 99  2 99  1 99 99 99 99 99 99  3 99 99 99 99 99 99
 14   22  9  4  2 12 14  6 15  1 17  3 10  5 11 13  5 16  8
 14   23 99 99 99 99 99 99 99 99 99  1 99 99 99 99 99 99 99
 14   24 99 99 99 99 99 99 99 99 99  1 99 99 99 99 99 99 99
 14   25 99 99 99 99 99 99  1 99 99 99 99 99 99 99 99 99 99
 14   26 99 99 99 99 99 99 99 99  1 99 99 99 99 99 99 99 99
 14   27 99 99 99 99  1 99 99 99  3  2 99 99 99 99 99 99 99
 14   28 99 99 99 99 99 99 99  1 99 99 99 99 99 99 99 99 99
 14   29 99 99 99 99 99 99 99 99 99 99 99 99 99 99  1 99 99
 14   30  1 99 99 99 99 99 99 99 99 99 99 99  2 99 99 99 99
 14   31 99  5 99  2 99 99 99  6 99  1  8  3 99  4  7 99 99
 14   32 99 99 99 99  3 99 99 99 99  1 99 99 99 99 99 99  2
 14   33 99 99 99 99  1 99 99 99  2 99 99 99 99 99 99 99  3
 14   34 99 99 99 99 99 99 99 99 99  1 99 99 99 99 99 99  2
 14   35  3 99 99 99 99 99 99 99 99 99  2 99 99 99 99 99  1
 14   36  1 99  2 99 99 99 99 99 99 99 99 99  3 99 99 99 99
 14   37 99 99  2 99 99 99 99  1 99 99 99 99 99 99 99 99 99
 14   38 99 99  2 99 99 99 99  1 99 99 99 99  3 99 99 99 99
 14   39 99 99  2 99 99 99 99 99 99 99 99 99  1 99 99 99 99
 14   40  4 99  2 99 99 99 99 99 99  1 99 99  3 99 99 99 99
 14   41 99 99  2 99 99 99 99 99 99  1 99 99 99 99 99 99 99
 14   42  2 99  1 99 99 99 99 99 99 99 99 99 99 99 99 99 99
 14   43  2 99  1 99 99 99 99 99 99 99 99 99 99 99 99 99 99
 14   44  2 99  1 99 99 99 99 99 99 99 99 99 99 99 99 99 99
 14   45 99 99  1 99 99 99 99 99 99 99 99 99 99 99 99 99 99
 14   46 99 99  1 99 99 99 99 99 99  2 99 99 99 99 99 99 99
 14   47 99 99 99  2 99 99 99  5 99  1  3  4 99 99  6 99 99
 14   48 99 99 99 99 99 99 99 99 99  1  4  3 99 99 99 99  2
 14   49 99 99 99 99 99 99 99 99 99 99  1  2 99 99 99 99 99
 14   50 99 99 99 99 99 99 99 99 99  2 99  1 99 99 99 99 99
 14   51 99 99 99  1 99 99 99 99 99 99 99 99 99 99 99 99 99
 14   52 99  2 99  3 99 99 99 99 99 99 99 99 99  1  4 99 99
 14   53 99 99 99 99  8 99  7  5  6  2 99  4 99  1 99 99  3
 14   54 99 99 99 99 99 99 99 99  2  3 99 99 99  1 99 99 99
 14   55  6  5  7 16  2 17 11 12  3  4 15  8  9  1 13 14 10
 14   56 99  4 99 99 99 99 99 99  2  3 99 99 99  1 99 99 99
 14   57 99 99 99 99 99 99 99 99 99 99 99 99 99  1 99 99  2
 14   58 99 99 99 99  2 99 99 99 99 99 99 99 99  1 99 99  3
 14   59 99 99 99 99  4 99  6 99  5  1 99 99 99  2 99 99  3
 14   60 99 99 99 99 99 99 99 99 99  1 99 99 99  2 99 99  3
 14   61 99 99 99 99 99 99  4  3 99  1 99 99 99  2 99 99 99
 14   62 99 99 99  4 99 99 99 99  6  1 99  5 99  2 99 99  3
 14   63 99 99 99 99 99 99 99 99 99  1 99 99 99  2 99 99  3
 14   64 15  7 16 11  3 13  4 12  5  1 10  8 17  2 14  9  6
 14   65 99  3 99 99 99 99 99 99 99  1 99 99 99  2 99 99 99
 14   66 14  8 16  7  4 10  6 13  5  1  9 11 15  2 17 12  3
 14   67 99 99 99 99  3 99 99 99 99  1 99 99 99  2 99 99 99
 14   68 99 99 99 99 99 99 99 99 99  1 99 99 99  2 99 99  3
 14   69 99 99 99 99 99 99  1 99  2  3 99 99 99  4 99 99  5
 14   70 99 99 99 99 99 99 99 99 99  1 99 99 99  3 99 99  2
 14   71 99 99 99 99 99 99 99 99 99  2 99 99 99  3 99 99  1
 14   72 99  6 99  7  5 99 11 99  2  3  8  9 10  4 99 99  1
 14   73 99 99 99 99 99 99 99 99 99  2 99 99 99  3 99 99  1
