A15   77 UNION  VOTERS ELECT  2  OUT OF 21 (BY RAV)                        
 15    1 99 99 99 99 99 99  1  2 99  5 99 99 99  3 99 99 99 99 99  4 99
 15    2 99 99 99 99 99 99  1 99 99 99 99 99 99 99 99 99 99 99 99 99 99
 15    3 99  2 99  8 99 99  9  4 99 99 99 10  6 99 99  1  5  3 99  7 99
 15    4 99 99 99 99  6 99 99  1 99 99 99  7 99  3 99 99 99  5  2  4 99
 15    5 99 99 99 99 99 99 99 99 99 99 99 99 99 99 99 99  1 99 99  2 99
 15    6 99 99 99 99 99 99 99  2 99 99 99 99 99 99 99 99 99 99 99  1 99
 15    7 99 99 99 99 99 99 99  2 99 99 99 99 99  3 99 99 99 99 99  1 99
 15    8 99 99 99 99 99 99 99 99 99 99 99 99 99  3 99 99  2 99 99 99  1
 15    9 99  1 99 99 99 99 99 99 99 99 99 99 99 99 99  2 99 99 99 99 99
 15   10 99 99  4 99 99 99 99  1 99 99 99 99 99  2 99 99 99 99  5  3  6
 15   11 99 99  4 99 99 99 99  1 99 99 99 99 99  2 99 99 99 99 99  3 99
 15   12 99 99 99 99 99 99 99  1 99 99 99 99 99  2 99 99 99 99  3 99 99
 15   13 99 99 99 99 99 99 99  1 99 99 99 99 99 99 99 99 99 99 99  2 99
 15   14 99 99 99 99 99 99  2  1 99 99 99 99 99 99 99 99 99 99 99 99 99
 15   15  3  5 99 99 99 99  6 99 99  1 99 99  2 99 99 99  4 99 99 99 99
 15   16 99 99 99 99 99 99  2 99 99  1 99 99 99 99 99 99 99  3 99 99 99
 15   17 99 99 99 99 99 99  2 99 99  1 99 99  3 99 99 99 99 99 99 99  4
 15   18 99 99 99 99 99 99  2  6 99  1 99  3 99 99 99 99 99 99  4  5 99
 15   19 99  3 99 99  2 99 99 99 99 99  4 99  5 99  8 99  7 99  1 99  6
 15   20 99 99 99 99 99  3 99 99  2 99 99  1 99 99 99 99 99 99 99 99 99
 15   21 99 99 99 99 99 99 99  2 99 99 99  1 99 99 99 99 99 99 99 99 99
 15   22 99  2 99 99 99 99 99 99 99 99  1 99 99 99 99 99 99 99 99 99 99
 15   23 99 99 99 99 99 99 99 99 99 99 99  1 99 99  2 99 99 99 99 99 99
 15   24 99 99 99 99 99 99 99 99 99 99 99  1 99 99 99 99 99 99 99 99 99
 15   25 99  5 99 99 99 99  3 99  1 99 99 99 99 99 99  4  2 99 99 99 99
 15   26 99 99 99 99 99 99 99 99  1 99  3 99 99 99 99 99 99 99 99  2 99
 15   27 99 99 99  3 99 99 99 99  1 99 99 99 99 99  2 99 99 99 99 99 99
 15   28 99 99 99  3 99 99 99 99  1 99 99 99 99 99 99  2 99 99 99 99 99
 15   29 99 99 99 99 99 99 99 99  1 99 99  3 99 99 99  2 99 99 99 99 99
 15   30 99 99 99  1 99 99 99 99  2 99 99 99 99 99 99 99 99 99 99 99 99
 15   31 99 99 99  3 99 99  4 99  2 99  5  6 99 99 99  1 99 99 99 99 99
 15   32 99 99 99 99 99 99 99 99  2 99 99 99 99 99 99  1 99 99 99 99 99
 15   33 99 99 99  3 99 99 99 99  2 99 99 99 99 99 99  1 99 99 99 99 99
 15   34 99 99 99  4 99 99  5 99  2 99 99  3 99 99 99  1 99 99 99 99 99
 15   35 99 99 99 99 99 99 99 99 99 99 99  2 99 99  1 99 99 99 99 99 99
 15   36 99 99 99 99 99 99 99 99  3 99 99 99 99 99  1 99 99 99 99  2 99
 15   37  1 99 99 99 99 99  2 99 99  3 99 99 99 99 99  4 99 99 99 99 99
 15   38  1 99 99 99 99 99  2 99 99  3 99 99 99 99 99 99 99 99 99 99 99
 15   39  1 99 99 99 99 99  2 99 99  3 99 99 99 99 99 99 99 99 99 99 99
 15   40  1 99 99 99 99 99 99 99 99 99 99 99 99 99 99 99 99 99 99 99 99
 15   41 99 99 99 99  9 99  8 99 99  7  6  5 99 99 99 99 99  2  1  3  4
 15   42 99 99 99 99 99 99 99 99 99 99  1  3 99 99 99 99 99  2 99 99 99
 15   43 99 99 99 99 99 99 99 99 99 99  1  2 99 99 99 99 99  3 99 99 99
 15   44 99 99 99 99 99 99 99 99 99 99  1  2 99 99 99 99 99 99 99 99 99
 15   45 99 99 99 99 99 99 99 99 99 99  2  1 99 99 99 99 99  3 99 99 99
 15   46 99 99  1 99 99  2 99 99  3 99 99  4 99 99 99 99 99 99 99 99 99
 15   47 99 99  1 99 99  3 99 99 99  2 99 99 99  5 99 99 99 99  4 99 99
 15   48 99 99  1 99 99  2 99  4 99 99 99 99 99 99 99 99 99 99 99  3 99
 15   49 99 99  1 99 99  2 99  3 99 99 99 99 99  7 99 99 99 99  6  4  5
 15   50 99 99  1 99 99 99 99  3 99 99 99 99 99 99 99 99 99 99 99  2 99
 15   51 99 99  2 99 99 99 99 99 99 99 99  1 99 99 99 99 99 99 99 99 99
 15   52 99 99  4 99 99 99 99 99 99 99 99  2 99 99 99 99 99 99  1 99  3
 15   53 99 99  3 99 99 99 99 99 99 99 99  1 99 99 99 99 99 99  2 99 99
 15   54 99 99  2 99 99 99 99 99 99 99 99  3 99 99 99 99 99 99  1 99 99
 15   55 17  1  3 11 16  4  5  6 12 10 14 18 19  7 21 13  2 20  9  8 15
 15   56 99  3 99 99 99  2 99 99 99 99 99 99  1 99 99 99  4 99 99 99 99
 15   57 99 99 99 99 99 99 99 99 99 99 99 99  1 99 99 99 99 99 99 99 99
 15   58 99  3 99 99 99 99 99 99 99 99 99 99  1 99 99 99  2 99 99 99 99
 15   59  6  2 18  7 19 20  4 17  5 14 16  8  1 11  9 99  3 10 12 13 15
 15   60 12  5  6  4 19 13  2  9 10  8 20  3  1 11 17 21 14 18 16  7 15
 15   61 99  5 99 99 99 99  2 99  4 99  6 99  1 99 99  3 99 99 99 99 99
 15   62 99  6  3 99 99  5  2  9 99 99 10  4  1 99 99 99  7 99 99  8 99
 15   63 99  4 99 99 99 99  2 99 99 99 99 99  1 99 99 99  3 99 99 99 99
 15   64 99 99 99 99 99 99  2 99 99 99 99 99  1 99 99 99 99 99 99 99 99
 15   65  2  5 11 13  8 15 21 17 20  1 19  9  3 14 18 10  6 16 12  7  4
 15   66  4  5 13 20 12 16 14  9  7  6 99 11  8  3 10 17  1 18 15  2 19
 15   67 99 99 99 99 99 99 99 99  4 99  2  3 99 99 99 99 99  1 99 99 99
 15   68 99 99 99 99 99 99 99 99 99 99  3  2 99 99 99 99 99  1 99 99 99
 15   69 99 99 99 99 99 99  2 99 99 99 99 99 99 99 99 99 99  1 99  3 99
 15   70 99 99 99 99 99 99  3 99 99 99  2 99 99 99 99 99 99  1 99 99 99
 15   71 99 99 99 99 99 99 99 99 99 99 99 99 99 99 99 99 99  1 99 99 99
 15   72 99 99 99 99 99 99 99 99 99 99  2  3 99 99 99 99 99  1 99 99 99
 15   73 99 99 99 99 99 99 99 99 99 99  2  3 99 99 99 99 99  1 99 99 99
 15   74 99 99 99 99 99 99 99 99 99 99 99  2 99 99 99 99 99  1 99 99 99
 15   75 99 99 99 99 99 99  4 99 99 99  3  2 99 99 99 99 99  1 99 99 99
 15   76 99 99 99 99 99 99  3 99 99 99 99  2 99 99 99 99 99  1 99 99 99
 15   77 99 99 99 99 99 99 99 99 99 99 99  1 99 99 99 99 99  2 99 99 99
