A16  129 UNION  VOTERS ELECT  1  OUT OF  3  BY AV                          
 16    1  1 99 99
 16    2  1 99 99
 16    3  1 99 99
 16    4  1 99 99
 16    5  1  2  3
 16    6  1  3  2
 16    7  1  3  2
 16    8  1  2  3
 16    9  1  3  2
 16   10  1 99 99
 16   11  1  3  2
 16   12  1  2  3
 16   13  1  3  2
 16   14  1 99 99
 16   15  1  3  2
 16   16  1  3  2
 16   17  1  3  2
 16   18  1  3  2
 16   19  1  2  3
 16   20  1 99 99
 16   21  1 99 99
 16   22  1  2  3
 16   23  1 99 99
 16   24  1 99 99
 16   25  1 99 99
 16   26  1 99 99
 16   27  1 99 99
 16   28  1 99 99
 16   29  1 99 99
 16   30  1 99 99
 16   31  1 99 99
 16   32  1 99 99
 16   33  1 99 99
 16   34  1  3  2
 16   35  1  3  2
 16   36  1  3  2
 16   37  1 99  2
 16   38  1  3  2
 16   39  1 99 99
 16   40  1 99 99
 16   41  1 99 99
 16   42  1 99 99
 16   43  1 99 99
 16   44  1  3  2
 16   45  1  3  2
 16   46  1 99  2
 16   47  1  3  2
 16   48  1  3  2
 16   49  1  3  2
 16   50  1  3  2
 16   51  1 99  2
 16   52  1  3  2
 16   53  1  3  2
 16   54  1  3  2
 16   55  1  3  2
 16   56  1 99 99
 16   57  1 99 99
 16   58  1 99 99
 16   59  1 99 99
 16   60  1  2  3
 16   61  1  3  2
 16   62  1  3  2
 16   63  1  3  2
 16   64  1 99 99
 16   65  1  3  2
 16   66  1 99 99
 16   67  1 99 99
 16   68  1 99 99
 16   69  1  3  2
 16   70  1  3  2
 16   71  1 99 99
 16   72  1  3  2
 16   73  1  3  2
 16   74  1 99  2
 16   75  1  2  3
 16   76  1 99 99
 16   77  1 99 99
 16   78  1  3  2
 16   79  1  3  2
 16   80  1  3  2
 16   81  1 99 99
 16   82  1  3  2
 16   83  1 99 99
 16   84  1 99 99
 16   85  1  2  3
 16   86  1  3  2
 16   87  1  3  2
 16   88  1 99 99
 16   89  1 99 99
 16   90  1 99 99
 16   91  1  3  2
 16   92  1  3  2
 16   93  1  2  3
 16   94  1  3  2
 16   95  1 99 99
 16   96  1  3  2
 16   97  1 99 99
 16   98  1  3  2
 16   99  1  3  2
 16  100  1 99  2
 16  101  1 99 99
 16  102  1  2  3
 16  103  1  3  2
 16  104  1 99 99
 16  105  1  3  2
 16  106  1  3  2
 16  107  1 99 99
 16  108  1  2  3
 16  109  1  3  2
 16  110  1 99 99
 16  111  1 99 99
 16  112  3  1  2
 16  113 99  1 99
 16  114  3  1  2
 16  115  3  1  2
 16  116 99  1 99
 16  117 99  1 99
 16  118 99  1 99
 16  119  2  3  1
 16  120 99 99  1
 16  121  3  2  1
 16  122 99 99  1
 16  123  2  3  1
 16  124  3  2  1
 16  125  3  2  1
 16  126  2  3  1
 16  127  3  2  1
 16  128  2  3  1
 16  129  3  2  1
