 A2  371 NON-PR VOTERS ELECT  2  OUT OF  9  BY STV                         
  2    1  5  3  4  2 99 99  1 99 99
  2    2 99 99  4  3 99 99  1 99  2
  2    3 99 99  4  2 99  3 99  1 99
  2    4 99 99 99  3 99 99 99  1  2
  2    5  3 99 99  2 99 99 99  1 99
  2    6  1 99 99  2 99 99 99 99 99
  2    7  1  5  6  2  4  8  7  3  9
  2    8  1  5  6  2  4  8  7  3  9
  2    9  1  3  4  2 99 99 99 99 99
  2   10 99 99  5  3  4  2 99  1 99
  2   11 99 99  3  2 99  1 99  4 99
  2   12 99 99  3  2 99  1 99  4 99
  2   13 99 99 99  2 99  1 99 99  3
  2   14 99  4 99  2  5  1 99  3 99
  2   15 99 99 99  2 99  1 99 99  3
  2   16 99 99 99  1  2 99 99 99 99
  2   17 99  3  2  1 99 99 99 99 99
  2   18  4  6  2  1  3 99 99  5 99
  2   19 99 99 99  1 99 99 99  2 99
  2   20  2 99 99  1  3  4 99 99 99
  2   21  6 99  2  1  5  3 99  4 99
  2   22 99  4  2  1 99  3 99 99 99
  2   23 99 99 99  1 99 99 99 99  2
  2   24 99 99 99  1 99  3 99 99  2
  2   25 99 99 99  1 99 99 99 99  2
  2   26 99  3 99  1 99 99  2 99 99
  2   27 99 99 99  1  2 99 99 99 99
  2   28 99 99  4  1  2  3 99 99 99
  2   29 99 99  2  1 99 99 99 99 99
  2   30 99  3 99  1  2 99 99 99 99
  2   31 99 99 99  1 99  2 99 99 99
  2   32 99 99 99  1  2 99 99  3 99
  2   33 99 99 99  1  2 99 99 99 99
  2   34 99  2 99  1 99  3 99 99 99
  2   35 99  4  2  1  3  6 99  5 99
  2   36 99 99 99  1  2  3 99 99 99
  2   37 99 99 99  1  3  2 99 99 99
  2   38 99  2 99  1 99  3 99 99 99
  2   39 99 99 99  1 99  2 99 99 99
  2   40  4  3  2  1 99 99 99 99 99
  2   41  4  3  2  1 99 99 99 99 99
  2   42  2 99 99  1 99 99  3 99 99
  2   43  2 99 99  1 99 99  3 99 99
  2   44  2 99 99  1 99 99  3 99 99
  2   45 99  5  3  1  4 99 99 99  2
  2   46  2 99  3  1 99 99 99 99 99
  2   47 99 99 99  1  2 99 99 99 99
  2   48 99 99 99  1 99 99 99  2 99
  2   49 99 99 99  1 99 99 99  2 99
  2   50  2 99 99  1 99 99  3 99 99
  2   51 99 99 99  1 99 99 99  2 99
  2   52  2 99  3  1 99 99 99 99 99
  2   53  2 99  3  1 99 99 99 99 99
  2   54 99 99  2  1 99 99 99 99 99
  2   55  2 99  3  1 99 99 99 99 99
  2   56 99 99  4  1  2  3 99  5 99
  2   57 99 99 99  1 99  3 99 99  2
  2   58  4  3  2  1 99 99 99 99 99
  2   59 99  4  5  1  2  3 99 99 99
  2   60 99  5  4  1  2 99 99  3  6
  2   61 99  2  5  1  3  4 99 99 99
  2   62 99  2  5  1  3  4 99 99 99
  2   63  4 99 99  1 99 99  2 99  3
  2   64 99 99  2  1  3 99 99 99 99
  2   65 99  3  2  1 99 99 99 99 99
  2   66 99 99  3  1  2 99 99 99 99
  2   67 99 99  3  1  4  2 99 99 99
  2   68  4 99  3  1 99 99 99  2 99
  2   69  4 99  3  1 99 99 99  2 99
  2   70  3 99  4  1 99 99 99  2 99
  2   71 99 99 99  1  2  4 99  3 99
  2   72 99 99  3  1  4  2 99 99 99
  2   73 99 99  3  1  4  2 99 99 99
  2   74  5  7  2  1  8  4 99  3  6
  2   75 99 99 99  1  2  3 99 99 99
  2   76 99 99 99  1 99 99 99 99 99
  2   77 99 99 99  1 99 99 99 99 99
  2   78 99 99  2  1  4  5 99 99  3
  2   79 99 99  2  1  4  5 99 99  3
  2   80 99 99 99  1 99 99 99 99 99
  2   81 99 99  3  1  2  4 99  5 99
  2   82  8  5  2  1  4  7  9  3  6
  2   83 99 99  2  1  4  3 99 99 99
  2   84 99 99  3  1 99 99 99 99  2
  2   85 99 99  3  1 99 99 99 99  2
  2   86 99 99  2  1  4  3 99 99 99
  2   87  2  3 99  1 99 99  4 99 99
  2   88  3  5  6  1  4  7  2  8  9
  2   89  3  2 99  1  4 99 99 99 99
  2   90  3  2  6  1  5 99  4 99 99
  2   91 99 99  4  1  2 99 99  3 99
  2   92  4  5  2  1  3 99 99 99 99
  2   93 99 99 99  1 99 99 99  2 99
  2   94 99 99 99  1 99  3 99  2 99
  2   95 99 99 99  1  2  3 99 99 99
  2   96 99 99 99  1  2 99 99 99 99
  2   97  6  5  3  1  2  4  7  8  9
  2   98  6  5  3  1  2  4  7  8  9
  2   99 99  3  2  1 99 99 99 99 99
  2  100  4 99  3  1  2 99 99 99 99
  2  101 99 99 99  1 99  2 99 99 99
  2  102  5  1  7  3  2  4  9  6  8
  2  103  3  1 99  2 99 99 99 99 99
  2  104  7  1  4  2  3  6  9  5  8
  2  105  2  1  4  3 99 99 99 99 99
  2  106  3  1  5  4 99 99 99 99  2
  2  107 99  1  3  2 99 99 99 99 99
  2  108 99  1 99  2 99 99 99 99 99
  2  109 99 99  1  2 99 99 99 99 99
  2  110  6  5  1  2  4  8  7  9  3
  2  111 99 99  1  2 99 99  3 99 99
  2  112  4  2  1  3  5 99  6 99  7
  2  113  4  2  1  3  5 99  6 99  7
  2  114 99 99  1  2 99 99 99 99 99
  2  115 99 99  1  2  4 99 99 99  3
  2  116  4 99  1  2 99 99  5 99  3
  2  117 99 99  1  2  3 99 99 99 99
  2  118 99 99  1  2 99 99 99 99 99
  2  119 99 99  1  2  3 99 99 99 99
  2  120 99  2  1 99  4 99 99 99  3
  2  121 99 99  1  2  3 99 99 99 99
  2  122 99 99  1 99 99 99 99 99  2
  2  123 99  3  1  2  5 99 99  6  4
  2  124 99 99  1  2 99 99  4 99  3
  2  125 99 99  1  2 99 99 99 99 99
  2  126 99 99  1 99 99 99  3 99  2
  2  127 99 99  1  2  7  3  5  6  4
  2  128 99  2  1  3 99 99 99 99 99
  2  129  6  2  1  5  3  4  8  7  9
  2  130  5  4  1  7  6  8  2  9  3
  2  131  2 99  1 99  3 99 99 99 99
  2  132  3 99  1 99 99 99 99  2 99
  2  133 99  3  1  2  5 99 99  4 99
  2  134 99 99  1 99  2 99 99 99 99
  2  135 99 99  1  2 99 99 99 99 99
  2  136 99  2  1 99  3 99  4 99  5
  2  137 99 99  1  2 99 99 99 99 99
  2  138 99 99  1 99  2  3 99 99 99
  2  139  2 99  1 99  3 99 99 99 99
  2  140 99 99  1 99 99 99  3 99  2
  2  141 99 99  1 99 99 99 99 99  2
  2  142 99  3  1 99  2 99  4 99 99
  2  143 99 99  1  2  3 99 99 99 99
  2  144 99 99  1  2 99 99 99 99 99
  2  145 99 99  1  2 99 99 99 99 99
  2  146 99 99  1  2 99 99  3 99  4
  2  147  2  4  1 99  3 99 99 99 99
  2  148  2  4  1 99  3 99 99 99 99
  2  149  9  3  1  2  4  5  8  6  7
  2  150 99 99  1  2 99 99 99 99 99
  2  151 99 99  1  2  3 99 99 99 99
  2  152 99 99  1 99 99 99 99  2  3
  2  153  7  2  1  4  8  3  9  5  6
  2  154  2  3  1 99 99 99 99 99 99
  2  155 99  3  1 99 99  2 99 99 99
  2  156 99 99  1  2 99 99 99 99 99
  2  157 99 99  1  2 99 99 99 99 99
  2  158 99 99  1  2 99 99 99 99 99
  2  159 99 99  1  2 99 99 99 99 99
  2  160 99 99  1  2 99  4 99  3 99
  2  161 99 99  1  2 99 99 99 99 99
  2  162  4  2  1  6  5  7  9  8  3
  2  163  2 99  1 99 99 99 99 99 99
  2  164 99 99  1  2 99 99 99 99 99
  2  165 99 99  1 99  2 99 99 99 99
  2  166  6  5  1  2  9  8  4  7  3
  2  167 99 99  1 99 99 99  3 99  2
  2  168  5  2  1  4  6  8  9  7  3
  2  169 99 99  1  2 99 99 99 99 99
  2  170 99 99  1 99 99 99 99 99  2
  2  171 99 99  1  2 99 99 99 99 99
  2  172  3  2  1  4  5  6  9  8  7
  2  173  3  2  1  4  5  6  9  8  7
  2  174 99 99  1 99 99 99  3 99  2
  2  175 99  3  1 99  2 99 99 99 99
  2  176 99 99  1  2 99 99 99 99 99
  2  177 99 99  1  2 99 99 99 99 99
  2  178 99 99  1  2 99 99 99 99 99
  2  179 99 99  1  2 99 99 99 99 99
  2  180 99  2  1 99 99 99 99 99 99
  2  181 99 99  1  2 99 99 99 99 99
  2  182 99  2  1 99 99  4 99  3 99
  2  183 99 99  1 99  2 99 99 99 99
  2  184 99 99  1  2 99 99  4 99  3
  2  185 99 99  1  2 99 99  4 99  3
  2  186  3 99  1  2 99 99 99 99 99
  2  187  2  3  1 99 99 99 99 99 99
  2  188 99 99  1 99 99 99 99 99  2
  2  189 99  3  1  2  6  4 99  5 99
  2  190 99 99  1 99 99 99  2 99 99
  2  191 99 99  1 99  2  3 99  4 99
  2  192 99 99  1  2 99 99 99 99  3
  2  193 99 99  2 99 99 99  1 99 99
  2  194 99 99  2 99 99 99  1 99 99
  2  195 99 99  2 99  3  4  1  5 99
  2  196 99 99  3  4 99 99  1 99  2
  2  197 99 99  3 99 99 99  1 99  2
  2  198 99  4  2  3  5 99 99 99  1
  2  199 99 99  2  3 99 99 99 99  1
  2  200 99 99  2 99 99 99 99 99  1
  2  201 99 99  2  3 99 99 99 99  1
  2  202 99  4  2 99 99 99  3 99  1
  2  203 99  4  2 99 99 99  3 99  1
  2  204 99 99  2  3 99 99 99 99  1
  2  205 99 99  2 99 99 99 99  1 99
  2  206 99 99  2  4 99  3 99  1 99
  2  207 99 99  2 99  3  4 99  1 99
  2  208  2 99  3 99 99 99 99  1 99
  2  209  2  5  3 99 99 99 99  1  4
  2  210  1  6  2  7  3  4  8  5  9
  2  211  1  8  2  5  3  6  7  4  9
  2  212  1  3  2  4 99 99  5 99 99
  2  213  1  3  2 99 99 99 99 99 99
  2  214  1 99  2 99 99  3 99  4 99
  2  215  8  7  4  5  6  2 99  3  1
  2  216 99 99  3 99 99  1 99 99  2
  2  217 99 99  3 99 99  1 99 99  2
  2  218  6  4  2  7  5  1  9  8  3
  2  219  1  2  3 99 99 99 99 99 99
  2  220  3  4  5  6  7  8  2  9  1
  2  221  2  3  5  9  8  7  6  1  4
  2  222 99  2  3 99 99 99 99  1 99
  2  223  3  2  9 99 99 99 99 99  1
  2  224  5  2  3  9  7  4  1  6  8
  2  225 99  1  2 99 99 99 99 99 99
  2  226  5  1  2  4  3  6  7  9  8
  2  227  2  1  4 99  5 99  6 99  3
  2  228 99  1  3 99 99 99 99 99  2
  2  229 99  1  2 99 99 99  3 99 99
  2  230 99  1  2 99 99 99 99 99 99
  2  231  3  1  2  4  5  8  9  7  6
  2  232  4  1  2  3  5  6  7  8  9
  2  233  4  1  2  3  5  6  7  9  8
  2  234  3  1  2 99 99 99 99 99 99
  2  235  4  1  2  5 99 99  3 99  6
  2  236  2  1  3 99 99 99  4 99 99
  2  237 99 99 99 99  3  1 99  2 99
  2  238 99 99 99 99  3  1 99  2 99
  2  239  5  6  4  7  2  1  9  3  8
  2  240 99 99 99 99  3  1 99  2 99
  2  241 99 99 99 99  2  1 99 99 99
  2  242 99 99 99 99  2  1 99 99 99
  2  243  3 99 99 99  2  1 99 99 99
  2  244 99 99 99  3  2  1 99 99 99
  2  245 99 99 99 99  2  1 99  3 99
  2  246  5  7  8  9  2  1  6  3  4
  2  247 99 99 99 99  3  1 99  2 99
  2  248 99 99 99 99  3  1 99  2 99
  2  249 99 99 99 99  2  1 99 99 99
  2  250 99 99 99 99  1  2 99 99 99
  2  251  7  5  3 99  1  4  6  8  2
  2  252 99 99 99 99  1 99 99  2  3
  2  253 99 99 99 99  1 99 99  2  3
  2  254 99 99 99 99  1 99 99  2  3
  2  255 99 99  3 99  1  2 99 99 99
  2  256 99 99  4 99  1  3 99  2 99
  2  257 99 99  3  2  1 99 99 99 99
  2  258 99 99  3 99  1  2 99 99 99
  2  259  8  7  6  3  1  2  9  4  5
  2  260  3 99 99 99  1  2 99  4 99
  2  261 99 99 99 99  1 99 99  3  2
  2  262  2 99 99 99  1 99 99 99 99
  2  263  2 99 99 99  1 99 99 99 99
  2  264  2 99 99 99  1 99 99 99 99
  2  265 99 99 99 99  1 99 99  2 99
  2  266 99 99 99 99  1  2 99 99  3
  2  267 99 99 99 99  1  2 99 99  3
  2  268 99 99 99 99  1  2 99 99  3
  2  269 99 99 99 99  1  2 99 99  3
  2  270 99 99 99 99  1  2 99 99  3
  2  271 99 99 99 99  1 99 99 99 99
  2  272 99 99 99 99  1 99 99 99 99
  2  273 99 99 99 99  1 99 99 99 99
  2  274 99 99 99 99  1 99 99 99 99
  2  275 99  3 99  2  1 99 99 99 99
  2  276 99 99 99  2  1 99 99 99 99
  2  277 99 99 99  4  1  2 99  3  5
  2  278  2 99  3 99  1 99 99 99 99
  2  279 99 99 99  2  1 99  3 99 99
  2  280 99 99 99  2  1 99 99 99 99
  2  281 99  4  3 99  1  5 99  6  2
  2  282  4  8  5  6  1  2  9  3  7
  2  283 99  3 99  2  1 99 99 99 99
  2  284  5  2  8  9  1  7  3  4  6
  2  285  3  2 99 99  1 99 99 99 99
  2  286 99 99 99  2  1 99 99 99 99
  2  287 99 99 99 99  1  2 99 99 99
  2  288 99 99 99 99  1  2 99 99 99
  2  289  2 99  3 99  1 99 99 99 99
  2  290  2 99 99 99  1 99 99 99 99
  2  291  2 99 99 99  1 99 99 99 99
  2  292  3  4  9  5  1  8  6  2  7
  2  293  5  4  7  2  1  3 99  6  8
  2  294  2 99 99 99  1 99 99 99 99
  2  295 99  2 99  4  1 99 99 99  3
  2  296 99 99 99 99  1 99 99 99  2
  2  297 99 99  5  4  3 99  1 99  2
  2  298 99 99  3 99  2 99 99 99  1
  2  299 99 99  3 99  2 99 99 99  1
  2  300 99 99  5 99  3 99  2 99  1
  2  301 99 99 99  3  2 99 99  1 99
  2  302 99  3 99 99  2 99 99  1 99
  2  303 99 99 99  3  2 99 99  1  4
  2  304 99 99 99  3  2 99 99  1  4
  2  305 99 99 99  3  2 99 99  1  4
  2  306  1 99 99 99  2 99 99 99  3
  2  307  1  3  5  6  2  4 99 99 99
  2  308  1  6 99 99  2  4 99  5  3
  2  309  1  4 99 99  2 99 99  3 99
  2  310  1  4 99 99  2 99 99  3 99
  2  311  1  3  5  6  4  7  9  2  8
  2  312 99  1 99 99  2 99 99 99 99
  2  313 99  1 99 99  2 99 99 99 99
  2  314 99  1 99 99  2 99 99  3 99
  2  315  3  1 99 99  2 99 99  5  4
  2  316 99  1 99 99  2  3 99 99 99
  2  317 99  1 99 99  2  3 99 99 99
  2  318 99  1 99 99  2  3 99 99 99
  2  319 99  1 99 99  2  3 99 99 99
  2  320 99  1 99 99  2  3 99 99 99
  2  321 99  1 99 99  2  3 99 99 99
  2  322  2 99 99 99 99 99 99  1 99
  2  323  3 99 99 99 99 99 99  1  2
  2  324  1 99 99 99 99 99 99 99 99
  2  325  1 99 99 99 99 99 99 99 99
  2  326  1 99 99 99 99 99 99 99 99
  2  327  1 99 99 99 99 99 99 99 99
  2  328  1 99 99 99 99 99 99 99 99
  2  329  1 99 99 99 99 99 99 99 99
  2  330  1 99 99 99 99 99 99 99 99
  2  331 99 99 99 99 99 99 99  1 99
  2  332 99 99 99 99 99 99  1 99  2
  2  333 99 99 99 99 99 99  2 99  1
  2  334  1  3 99 99 99 99  2  4 99
  2  335  1  2 99 99 99 99 99  3 99
  2  336  1  2 99 99 99  3 99 99 99
  2  337  1  5 99 99 99 99  2  4  3
  2  338  1  2 99 99 99 99 99 99 99
  2  339  2  4 99 99 99 99 99  1  3
  2  340  3  2 99 99 99 99 99  1 99
  2  341 99  1 99 99 99 99 99 99 99
  2  342 99  1 99 99 99 99 99 99 99
  2  343 99  1 99 99 99  2 99 99 99
  2  344 99  1 99 99 99 99 99  2 99
  2  345 99  1 99 99 99  2 99 99 99
  2  346  2  1 99 99 99 99 99 99 99
  2  347 99  1 99 99 99 99 99 99  2
  2  348 99  1 99 99 99 99 99 99 99
  2  349 99 99 99 99 99  2 99  1 99
  2  350 99 99 99 99 99  1 99 99 99
  2  351 99 99 99 99 99  1 99  2 99
  2  352 99 99 99 99 99  1 99 99 99
  2  353 99 99 99 99 99  1 99 99 99
  2  354 99 99 99 99 99  1 99 99 99
  2  355 99 99 99 99 99  1 99 99 99
  2  356 99 99 99 99 99  1 99  2 99
  2  357 99 99 99 99 99  1 99 99 99
  2  358 99 99 99 99 99  1 99 99 99
  2  359 99 99 99 99 99  1 99 99 99
  2  360 99 99 99 99 99  1 99  2 99
  2  361  2 99 99 99 99  1 99 99 99
  2  362 99 99 99 99 99  1 99  2 99
  2  363 99 99 99 99 99  1 99  2 99
  2  364 99 99 99 99 99  1 99 99 99
  2  365 99 99 99 99 99  1 99 99 99
  2  366 99 99 99 99 99  1 99 99 99
  2  367 99 99 99 99 99  1 99 99 99
  2  368 99 99 99 99 99  1 99 99 99
  2  369 99 99 99 99 99  1 99 99 99
  2  370 99 99 99 99 99  1 99 99 99
  2  371 99 99 99 99 99  1 99 99 99
