A21  760 UNION  VOTERS ELECT  1  OUT OF  8  BY AV   1/10 SAMPLE            
 21    1  2  3 99 99 99 99 99  1
 21    2 99 99 99 99 99 99 99  1
 21    3  2  3  6  4  7  5  8  1
 21    4 99 99 99 99  2 99 99  1
 21    5  6  7  8  5  4  3  2  1
 21    6  6  2  3  5  4  7  8  1
 21    7 99 99 99 99 99 99 99  1
 21    8  5  4  6  7  2  3  8  1
 21    9 99 99 99 99 99 99 99  1
 21   10 99 99 99 99 99 99 99  1
 21   11 99 99 99 99 99 99  2  1
 21   12  5  2  6  8  3  4  7  1
 21   13  2  5  6  7  8  3  4  1
 21   14 99 99 99 99  4  3  2  1
 21   15  2 99 99 99 99  3 99  1
 21   16 99 99 99 99  2  3 99  1
 21   17 99 99  2 99 99 99 99  1
 21   18  4  2  5  3  6  7  8  1
 21   19 99 99 99 99 99 99 99  1
 21   20  3  5  4  6  8  7  2  1
 21   21  8  6  7  5  2  4  3  1
 21   22  4  3 99  2 99  5 99  1
 21   23  5  8  2  6  3  4  7  1
 21   24 99  3 99 99  2 99 99  1
 21   25  7  5  6  8  2  3  4  1
 21   26  1 99  2 99  2 99  4  5
 21   27  1  8  2  3  4  5  6  7
 21   28 99 99 99 99  1 99 99  2
 21   29  4  5  8  6  1  2  7  3
 21   30  5  6  7  8  2  1  3  4
 21   31  5  6  7  8  1  2  3  4
 21   32  4  8  3  5  1  7  2  6
 21   33  2  8  3  7  1  4  5  6
 21   34 99  3 99 99  1 99 99  2
 21   35  5  6  7  6  1  3  4  2
 21   36 99 99 99 99  1 99  2  3
 21   37  8  5  6  7  1  2  3  4
 21   38  3 99  2 99  1  5 99  4
 21   39 99 99 99 99  2  1 99  3
 21   40  8  5  3  7  1  2  6  4
 21   41  1  7  8  5  2  3  6  4
 21   42  1  8  2  3  5  4  6  7
 21   43  1  6  7  5  2  4  8  3
 21   44 99  3 99 99  1 99 99  2
 21   45 99 99 99 99  2  1 99  3
 21   46  8  5  2  7  1  6  4  3
 21   47  5  6  7  2  1  8  4  3
 21   48  3  5  4  8  1  6  7  2
 21   49 99 99 99 99  1  3 99  2
 21   50  5  4  3 99  1 99 99  2
 21   51 99 99 99 99  2 99  1  3
 21   52  6  5  2  8  3  7  1  4
 21   53  5  6  4  7  2  8  1  3
 21   54  7  6  1  8  3  4  2  5
 21   55 99 99  3 99  1 99 99  2
 21   56  2 99 99 99  1 99 99  3
 21   57  5  6  4  8  1  7  3  2
 21   58  5  6  7  8  1  2  3  4
 21   59 99 99 99 99  1 99  3  2
 21   60 99 99 99 99  1 99 99  2
 21   61 99 99  1 99  2 99  4  3
 21   62 99 99  1 99  2 99 99  3
 21   63  3 99  1 99  2 99  4  5
 21   64  8  7  1  6  2  5  3  4
 21   65  2 99  3  6  1 99  4  5
 21   66  1  8  2  7  3  6  4  5
 21   67  1 99 99 99  2 99 99  3
 21   68  1  7  2  6  3  8  5  4
 21   69  1  6  7  3  2  8  4  5
 21   70  5  6  7  8  1  2  4  3
 21   71 99  3 99 99  1 99 99  2
 21   72 99 99 99 99  1 99 99  2
 21   73 99 99 99 99  1  2 99  3
 21   74  3  6  7  8  1  2  5  4
 21   75  8  7  6  5  1  4  2  3
 21   76 99  3  2  4 99 99 99  1
 21   77 99 99 99 99 99 99 99  1
 21   78 99 99 99 99  2 99 99  1
 21   79  4  3  5  8  2  6  7  1
 21   80  6  5  4  7  8  3  2  1
 21   81 99 99 99 99 99 99 99  1
 21   82 99 99 99 99 99 99 99  1
 21   83  2 99 99 99 99 99 99  1
 21   84  3  8  4  2  7  6  5  1
 21   85 99 99  2 99 99 99  3  1
 21   86  3 99 99  2 99 99 99  1
 21   87 99 99 99  2 99 99 99  1
 21   88  8  7  6  5  4  3  2  1
 21   89 99 99 99 99 99 99 99  1
 21   90  2  5  3  6  7  4  8  1
 21   91  4  7  3  2  6  5  8  1
 21   92  2  5  8  3  6  4  7  1
 21   93  2  5  7  6  3  4  8  1
 21   94  3 99 99  2 99 99 99  1
 21   95  5  2  4  6  7  8  3  1
 21   96 99 99 99 99 99 99 99  1
 21   97  2  3  4  8  7  6  5  1
 21   98  8  6  7  5  2  4  3  1
 21   99  8  7  4  5  3  2  6  1
 21  100  8  7  6  4  5  2  3  1
 21  101  3 99 99 99  2 99 99  1
 21  102  5  4  2  3  6  7  8  1
 21  103 99 99 99 99 99 99 99  1
 21  104 99 99  2 99 99 99  3  1
 21  105 99 99  3  2 99 99 99  1
 21  106  9  8  7  6  4  3  2  1
 21  107  4  3  5  6  7  2  8  1
 21  108 99  2  3  4  5 99 99  1
 21  109  6  4  5  7  2  8  3  1
 21  110  2 99  3 99 99 99 99  1
 21  111  5  4  6  3  7  2  8  1
 21  112 99 99 99 99 99 99 99  1
 21  113  2  3 99 99 99 99 99  1
 21  114 99 99 99  4  3  2 99  1
 21  115 99 99 99 99 99 99 99  1
 21  116 99  3 99 99 99 99  2  1
 21  117 99 99  3 99  2 99 99  1
 21  118 99 99  3 99 99 99  2  1
 21  119 99 99 99 99 99 99 99  1
 21  120  5  4  3  7  6  8  2  1
 21  121 99 99 99 99 99 99 99  1
 21  122  2  8  3  4  7  5  6  1
 21  123 99 99 99 99  2 99 99  1
 21  124 99 99 99 99 99 99 99  1
 21  125 99 99 99  3 99  2 99  1
 21  126 99  3 99 99  2 99 99  1
 21  127 99 99 99 99 99 99 99  1
 21  128  8  7  2  6  5  3  4  1
 21  129 99 99 99 99  3  2 99  1
 21  130 99 99 99 99 99 99 99  1
 21  131  5  6  7  3  8  2  4  1
 21  132  7  6  8  3  5  4  2  1
 21  133  2  5  3  6  4  7  8  1
 21  134 99 99 99 99  3 99  2  1
 21  135 99  3 99 99 99 99  2  1
 21  136 99  2 99 99  3 99 99  1
 21  137  5  4  3  6  7  8  2  1
 21  138  2  4  3  5  8  6  7  1
 21  139 99  3 99  2 99 99 99  1
 21  140 99 99  3 99 99  4  2  1
 21  141  5  4  3  6  8  7  2  1
 21  142 99 99 99 99  2 99 99  1
 21  143  5  3  8  7  6  4  2  1
 21  144  2  3 99 99 99 99 99  1
 21  145 99  3 99 99  2 99 99  1
 21  146 99 99 99 99 99 99 99  1
 21  147 99 99 99 99 99 99 99  1
 21  148 99 99 99 99 99 99 99  1
 21  149  5  6  2  7  3  8  4  1
 21  150  4  3  5  7  6  8  2  1
 21  151  3  1 99 99  2 99 99 99
 21  152  3  1  5  7  2  8  4  6
 21  153  4  1  5  6  7  2 99  3
 21  154 99  1 99 99 99 99 99 99
 21  155  4  1  3  6  5  7  2  8
 21  156  4  1  5  6  7  2  8  3
 21  157 99  1 99 99 99  2 99 99
 21  158  8  1  7  6  2  3  4  5
 21  159  2  1  4  3 99 99  5 99
 21  160 99  1  2  3  4 99 99 99
 21  161  3  1 99  2 99 99 99 99
 21  162 99  1 99 99  2 99 99 99
 21  163 99  1 99 99 99 99  2 99
 21  164  2  1  3  4  6  5  7  8
 21  165  4  1  5  6  2  7  3  8
 21  166 99  1 99 99 99 99 99 99
 21  167 99  1 99 99 99 99 99 99
 21  168 99  1 99 99  2 99 99 99
 21  169 99  1 99 99 99 99 99 99
 21  170 99  1 99 99 99 99 99 99
 21  171 99  1 99 99 99 99 99 99
 21  172 99  1 99 99 99 99 99 99
 21  173  3  1 99 99  2 99 99 99
 21  174 99  1 99 99  2 99 99  3
 21  175 99  1 99  3  2 99 99 99
 21  176  2  1  3  4  5  6  7  8
 21  177 99  1  2 99  3  4 99 99
 21  178  2  1  7  8  3  5  4  6
 21  179 99  1 99 99 99 99 99 99
 21  180  2  1  7  3  4  5  6  8
 21  181 99  1 99 99 99 99  2 99
 21  182  2  1  3 99 99 99 99 99
 21  183 99  1 99 99 99 99 99 99
 21  184 99  1 99 99  3  2 99 99
 21  185 99  1 99  2  3 99  4 99
 21  186 99  1 99 99 99 99 99  2
 21  187  7  1  2  5  3  4  6  8
 21  188 99  1 99  2 99  3 99 99
 21  189  4  1 99  2 99  3 99 99
 21  190 99  1  2  3  4 99 99 99
 21  191 99  1 99 99 99 99 99 99
 21  192 99  1 99 99 99 99 99 99
 21  193 99  1 99 99 99 99 99 99
 21  194 99  1 99  3  2 99 99  4
 21  195 99  1 99 99 99 99 99  2
 21  196  3  1  2  5  6  4  7  8
 21  197 99  1 99 99 99 99 99 99
 21  198 99  1 99  2 99  3 99 99
 21  199  8  1  6  4  2  3  5  7
 21  200 99  1  3  2 99 99 99 99
 21  201  1  4  2  5  3 99 99 99
 21  202  1  6  4  5  2  7  3  8
 21  203  4  3  2  7  1  6  5  8
 21  204 99  2 99  3  1  4 99 99
 21  205 99  2 99 99  1 99 99 99
 21  206  2  3  1  4  5  6  7  8
 21  207  2  4  1  3  7  8  8  6
 21  208  1  3  2  5  4  6  8  7
 21  209  1  4  5  3  6  2  7  8
 21  210  1  3  6  7  8  2  4  5
 21  211  1  3  4  2  5  6  7  8
 21  212  1  3  2  4  5  8  7  6
 21  213  2  3  5  1  6  7  4  8
 21  214  2  4  3  1  5  6  7  8
 21  215  1  4  3  6  5  7  2  8
 21  216  8  2  4  6  3  7  1  5
 21  217 99  2 99 99 99 99  1 99
 21  218 99  2 99 99 99 99  1 99
 21  219 99  3  2 99 99 99  1 99
 21  220 99  3 99  2 99 99  1 99
 21  221 99  3  2 99 99 99  1 99
 21  222 99  3  2 99  4 99  1 99
 21  223  8  2  6  4  3  5  1  7
 21  224  3  2  4  5  1  6  7  8
 21  225 99  2  3 99  1 99 99 99
 21  226  4  5  6  3  1  2  7  8
 21  227  2  3  4  8  1  5  7  6
 21  228  8  2  3  5  1  6  4  7
 21  229 99 99  3 99  2 99  1 99
 21  230  3 99 99 99  2 99  1 99
 21  231 99 99 99 99  2 99  1 99
 21  232 99 99  2 99  3  4  1 99
 21  233 99 99  2 99  3 99  1 99
 21  234 99 99 99 99  1 99 99 99
 21  235  1 99 99 99  2 99 99 99
 21  236 99 99 99 99  1 99  2 99
 21  237 99 99  2  3  1  4 99 99
 21  238  1 99  2 99  3 99 99 99
 21  239  1 99  2  3  4  5 99 99
 21  240 99 99  3 99  1 99  2 99
 21  241  3 99 99 99  2 99  1 99
 21  242 99 99 99 99  2 99  1 99
 21  243 99 99  1 99  3 99  2 99
 21  244 99 99  2 99  1 99 99 99
 21  245  2 99 99 99  1 99 99 99
 21  246 99 99 99 99  1 99 99 99
 21  247 99 99 99 99  1 99  2 99
 21  248 99 99 99 99  1 99 99 99
 21  249 99 99 99 99  1 99 99 99
 21  250 99 99 99 99  1 99 99 99
 21  251  1 99 99 99  2 99 99 99
 21  252  2 99  4  1  3 99 99 99
 21  253  1 99 99 99  2 99 99 99
 21  254  1 99  2 99  3 99  4 99
 21  255  1 99  2 99  3 99  4 99
 21  256 99 99 99 99  1 99 99 99
 21  257 99 99 99 99  1 99 99 99
 21  258 99 99  2 99  1 99  3 99
 21  259 99 99 99 99  1 99 99 99
 21  260 99 99 99 99  1 99 99 99
 21  261  2 99 99 99  1 99 99 99
 21  262 99 99  3 99  1 99  2 99
 21  263 99 99 99 99  1 99 99 99
 21  264 99 99 99 99  1 99 99 99
 21  265  4 99  5 99  1  2  3 99
 21  266 99 99  1 99  2 99  3 99
 21  267 99 99  1 99  2 99  3 99
 21  268 99 99  1 99  2 99 99 99
 21  269 99 99  1 99  2 99 99 99
 21  270 99 99  2 99  3  1 99 99
 21  271 99 99 99 99  1 99 99 99
 21  272 99 99 99 99  1 99 99 99
 21  273  2 99  3 99  1 99 99 99
 21  274  3 99 99 99  1 99  2 99
 21  275 99 99 99 99  1 99 99 99
 21  276 99 99 99 99  1 99 99 99
 21  277 99 99 99 99  1 99 99 99
 21  278 99 99  2 99  1 99 99 99
 21  279  1 99 99 99 99  2 99 99
 21  280  1 99 99 99 99 99 99 99
 21  281  1 99 99 99 99 99 99 99
 21  282  1 99 99 99 99 99 99 99
 21  283  1 99 99 99 99 99 99 99
 21  284  1 99 99  2 99 99 99 99
 21  285  3 99 99  2 99 99  1 99
 21  286  1 99 99 99 99  2 99 99
 21  287  3 99  2  1 99 99 99 99
 21  288  1 99 99 99 99 99 99 99
 21  289  3 99  2 99 99 99  1 99
 21  290  4 99  2 99 99  1  3 99
 21  291  3 99 99  1 99 99  2 99
 21  292  1 99 99 99 99 99 99 99
 21  293  1 99  2 99 99  3 99 99
 21  294  1 99 99  2 99  3 99 99
 21  295  1 99 99 99 99 99 99 99
 21  296  1 99 99  2 99  3 99 99
 21  297  1 99 99 99 99 99 99 99
 21  298  1 99 99 99 99 99 99 99
 21  299  1 99 99 99 99 99 99 99
 21  300  1 99 99  3 99  2 99 99
 21  301  2 99 99  1 99 99  3 99
 21  302  1 99 99 99 99 99 99 99
 21  303  1 99 99  2 99  3 99 99
 21  304  5  4  7  3  1  8  2  6
 21  305 99  3 99 99  1 99  2 99
 21  306  2  4  3  5  1  8  7  6
 21  307  2  3  6  5  1  4  7  8
 21  308  5  2  7  6  1  4  8  3
 21  309  2  1  8  3  7  4  6  5
 21  310  7  1  2  8  6  5  4  3
 21  311 99  1 99 99 99 99 99 99
 21  312  2  1  4  3  5  6  7  8
 21  313 99  1  3 99  2 99 99 99
 21  314 99  1 99 99 99 99 99 99
 21  315  2  1 99 99 99 99 99 99
 21  316 99  1  2 99  3 99 99 99
 21  317 99  1 99 99 99 99 99 99
 21  318 99  1 99 99 99 99 99 99
 21  319  3  1  4  5  2  7  6  8
 21  320 99  1 99 99 99 99 99 99
 21  321  8  1  7  6  2  3  5  4
 21  322 99  1 99 99  2 99 99 99
 21  323 99  1 99 99 99 99 99 99
 21  324 99  1 99 99 99  2 99 99
 21  325  2  1 99 99 99  3 99 99
 21  326  8  1  7  2  6  3  4  5
 21  327  4  1  5  3  7  2  6  8
 21  328  2  1  3  5  4  6  7  8
 21  329  1  3  2  4  5  6  7  8
 21  330  1  2  3  4  5  6  7  8
 21  331  1  2  3  5  4  6  7  8
 21  332  1  2  3  4  5  6  7  8
 21  333  2  3  1  4  5  6  7  8
 21  334  2  4  3  1  7  6  8  5
 21  335 99  2 99 99 99  1 99  3
 21  336  1  2  3  4  5  6  7  8
 21  337  1  2  3  4  5  6  7  8
 21  338  1  2  3  4  5  6  7  8
 21  339  1  2  3  4  6  5  8  7
 21  340  1  5  4  2  6  3  7  8
 21  341  1  2  1  1  1  1  1 99
 21  342  1  2  3 99 99 99 99 99
 21  343  1  3  8  2  6  5  7  4
 21  344  1  2  4  3  5  7  6  8
 21  345  1  2  3  4  5  6  7  8
 21  346  1  2 99 99 99 99 99 99
 21  347  1  2  3  8  4  5  6  7
 21  348  1  2 99 99 99  4 99  3
 21  349  1 99 99 99 99 99 99 99
 21  350  2 99 99  1 99 99  3 99
 21  351  1 99 99 99 99  2 99 99
 21  352  4  3  7  1  8  5  2  6
 21  353 99  4  3 99 99  1  2 99
 21  354  7  3  1  8  4  5  2  6
 21  355 99  2 99 99  1 99  3 99
 21  356  3  2  4  5  1  7  6  8
 21  357 99  2 99 99  1 99 99  3
 21  358  4  2  8  5  1  6  7  3
 21  359 99  2  3 99 99  1 99 99
 21  360 99 99  1 99 99 99 99 99
 21  361 99 99  1 99 99 99 99 99
 21  362 99 99  1 99 99 99 99 99
 21  363 99 99  1 99 99  2 99 99
 21  364 99 99  1 99 99 99 99 99
 21  365 99 99  2 99 99 99  1 99
 21  366 99 99 99 99 99  2  1 99
 21  367 99 99 99 99 99 99  1 99
 21  368 99 99  1 99 99 99 99 99
 21  369 99 99  1 99 99 99 99 99
 21  370 99 99 99  2 99 99  1 99
 21  371 99 99  2 99 99 99  1 99
 21  372 99 99  2 99 99 99  1 99
 21  373 99 99 99 99 99 99  1 99
 21  374 99 99 99 99 99 99  1 99
 21  375 99 99  2 99 99 99  1 99
 21  376 99 99 99 99 99 99  1 99
 21  377 99 99  2 99 99 99  1 99
 21  378 99 99 99 99 99 99  1 99
 21  379 99 99 99 99 99 99  1 99
 21  380 99 99  1 99 99 99  2 99
 21  381 99 99  1 99 99 99  2 99
 21  382 99 99  1 99 99 99  2 99
 21  383 99 99  1 99 99  3  2 99
 21  384 99 99 99  1 99  3  2 99
 21  385 99 99 99  2 99  1 99  3
 21  386  4  3  5  2  6  1  8  7
 21  387  3  4  5  2  6  1  7  8
 21  388 99 99 99  2 99  1 99 99
 21  389  3 99 99  2 99  1 99 99
 21  390 99 99 99 99 99  1 99 99
 21  391 99 99 99 99 99  1 99 99
 21  392 99 99 99 99 99  1 99 99
 21  393 99 99 99 99 99  1 99 99
 21  394 99 99 99 99 99  1 99 99
 21  395 99 99 99  1 99 99 99 99
 21  396 99 99 99  1 99 99 99 99
 21  397 99 99 99  1  2 99 99 99
 21  398 99 99 99  1 99  2 99 99
 21  399 99 99 99  1 99 99 99 99
 21  400 99 99 99 99  1 99 99 99
 21  401 99 99 99 99  1 99 99 99
 21  402 99 99 99 99  1 99 99 99
 21  403 99 99 99 99  1 99 99 99
 21  404 99 99 99 99  1 99 99 99
 21  405 99 99 99 99  1 99 99 99
 21  406 99 99  3 99  1 99  2 99
 21  407  2 99  3 99  1 99 99 99
 21  408 99 99 99 99  1 99 99 99
 21  409  2 99 99 99  1 99  3 99
 21  410 99 99 99 99  1 99 99 99
 21  411 99 99 99 99  1 99 99 99
 21  412 99 99 99 99  1 99 99 99
 21  413 99 99 99 99  1 99 99 99
 21  414  3 99  2 99  1 99 99 99
 21  415 99 99  3 99  1 99  2 99
 21  416 99 99 99  1 99 99 99 99
 21  417 99 99  2 99  1 99 99 99
 21  418 99 99 99 99  1 99 99 99
 21  419 99 99 99 99  1 99 99 99
 21  420 99 99 99 99  1 99 99 99
 21  421 99 99 99  3  2  1 99 99
 21  422 99 99  2 99 99 99  1 99
 21  423 99 99  1 99 99  3  2 99
 21  424  3 99 99  2 99  1 99 99
 21  425 99 99 99 99  1 99 99 99
 21  426 99 99  1 99  4 99  3  2
 21  427 99 99  1 99 99 99 99  2
 21  428  4 99 99  1 99  2 99  3
 21  429 99 99 99  1 99 99 99  2
 21  430 99 99 99  1 99  2 99  3
 21  431  8  7  6  5  1  3  4  2
 21  432  6  7  2  8  5  3  1  4
 21  433  8  7  4  5  6  2  1  3
 21  434 99 99 99  1  2 99 99 99
 21  435 99 99 99  1  2  3 99 99
 21  436 99 99 99  1  2  3  4 99
 21  437  4 99  5  1  2 99 99  3
 21  438 99 99 99  1  2 99 99 99
 21  439 99 99  1 99 99 99  2  3
 21  440 99 99  1 99 99 99  2  3
 21  441  1  8  2  7  6  3  5  4
 21  442  2 99  1 99 99 99 99  3
 21  443  2 99  1 99 99 99 99  3
 21  444  3  7  6  1 99  2  5  4
 21  445  3  5  6  1  7  2  8  4
 21  446  1  7  2  8  5  6  4  3
 21  447  1  8  7  3  6  4  5  2
 21  448  3  8  2  4  6  7  1  5
 21  449  3  7  4  1  8  5  2  6
 21  450  1  6  5  3  4  7  8  2
 21  451  1 99 99 99  3 99 99  2
 21  452  1  3  7  4  6  5  8  2
 21  453  1  5 99  3  4 99 99  2
 21  454  1  3  6  7  8  4  3  2
 21  455  1  7  5  6  4  8  3  2
 21  456  1  3  5  7  8  6  4  2
 21  457  1  4  3  5 99 99 99  2
 21  458  1  4  5  6  7  3  8  2
 21  459  1 99  3 99 99 99 99  2
 21  460  1  3  4  8  7  6  5  2
 21  461  1  8  6  4  7  2  5  3
 21  462  1  3 99 99 99 99 99  2
 21  463  1 99 99 99 99 99  3  2
 21  464  1 99  2 99 99 99 99  3
 21  465  1 99 99  3 99 99 99  2
 21  466  1 99 99 99  3 99 99  2
 21  467  1 99 99 99 99  3 99  2
 21  468  4  8  1  5  6  7  2  3
 21  469  8  7  1  6  5  4  2  3
 21  470  4  6  1  8  7  5  2  3
 21  471  7  6  5  4  8  1  2  3
 21  472 99 99  1 99 99 99  2  3
 21  473 99  3 99  4 99 99  1  2
 21  474  4  7  2  8  5  6  1  3
 21  475 99 99  3 99 99 99  1  2
 21  476 99 99  2 99 99 99  1  3
 21  477  8  7  3  2  6  4  1  5
 21  478 99 99  2 99 99 99  1  3
 21  479  4  5  2 99 99 99  1  3
 21  480 99 99 99 99  3 99  1  2
 21  481  7  4  3  8  5  6  1  2
 21  482 99 99  2 99 99 99  1  3
 21  483  7  8  2  3  5  6  1  4
 21  484  6  5  4  7  3  8  1  2
 21  485 99 99  3 99 99 99  1  2
 21  486 99  4 99 99  3 99  1  2
 21  487 99 99 99 99  3 99  1  2
 21  488  7  6  5  1  4  3  8  2
 21  489  3  6  7  1  5  4  8  2
 21  490 99 99 99  1 99 99 99  2
 21  491 99 99 99  1 99  2 99  3
 21  492  3  5  4  1  7  8  6  2
 21  493 99 99  1 99 99 99 99  2
 21  494  4  3  1  6  5  8  7  2
 21  495 99 99  1 99 99  3 99  2
 21  496 99 99  2 99 99  1 99  3
 21  497  7  6  1  5  4  2  8  3
 21  498  6  1  7  8  2  5  4  3
 21  499 99  1 99 99 99 99 99 99
 21  500 99  1 99 99 99  2 99 99
 21  501 99  1 99 99 99  2 99 99
 21  502 99  1 99 99 99 99 99 99
 21  503  7  1  2  8  3  6  4  5
 21  504 99  1  4 99  2 99  3 99
 21  505 99  1 99 99 99 99 99 99
 21  506 99  1 99 99 99 99 99 99
 21  507  3  1  4  2  6  5  7  8
 21  508 99  1 99 99 99 99 99 99
 21  509 99  1 99 99  2 99 99 99
 21  510 99  1  3 99 99  2 99 99
 21  511  6  1  7  8  2  5  3  4
 21  512 99  1 99  2 99  3 99  4
 21  513 99  1  2 99 99 99  3 99
 21  514 99  1 99 99 99 99 99 99
 21  515  2  1  6  5  4  3  7  8
 21  516  3  1  8  7  2  6  5  4
 21  517  6  1  7  8  5  4  3  2
 21  518  3  1  4  8  5  7  6  2
 21  519 99  1 99  2 99  3 99 99
 21  520  8  1  7  6  5  4  3  2
 21  521  2  1 99  3 99 99 99 99
 21  522  5  1  8  7  6  4  2  3
 21  523 99  1  3 99 99 99 99  2
 21  524 99  1 99 99 99 99 99 99
 21  525  3  1  4  8  2  5  6  7
 21  526 99  1 99 99  2 99 99 99
 21  527  4  1  5  6  2  7  3  8
 21  528 99  1 99 99 99 99 99 99
 21  529  5  1  6  7  3  4  2  8
 21  530 99  1  2 99 99 99  3 99
 21  531 99  1 99 99 99 99 99 99
 21  532 99  1  2 99  3 99 99 99
 21  533 99  1  4 99  2 99  3 99
 21  534  2  1  3  5  4  6  7  8
 21  535  3  1  8  7  2  6  5  4
 21  536 99  1 99 99  2  3 99 99
 21  537 99  1 99 99  2 99  3 99
 21  538 99  1 99 99  2 99  3 99
 21  539  4  1  8  2  5  3  7  6
 21  540  3  1  4  8  2  7  6  5
 21  541 99  1 99 99  2 99  3  4
 21  542 99  1 99 99 99 99  2  3
 21  543  6  1  5  7  2  8  3  4
 21  544 99  1 99 99  3 99 99  2
 21  545 99  1 99  3 99 99  2 99
 21  546 99  1  2 99 99  3 99 99
 21  547 99  1 99 99  3  2 99 99
 21  548 99 99 99 99 99 99 99  1
 21  549  3 99 99  2 99 99 99  1
 21  550  4 99  3 99  2 99 99  1
 21  551  6  5  7  4  3  2  8  1
 21  552 99 99 99  6 99  4 99  1
 21  553 99 99 99 99 99 99 99  1
 21  554  8  7  6  5  4  3  2  1
 21  555 99  3 99 99  2 99 99  1
 21  556 99 99 99 99 99 99 99  1
 21  557 99  2 99 99  3 99 99  1
 21  558 99 99 99 99 99 99 99  1
 21  559  2  3  5  4  6  7  8  1
 21  560  2  6  7  3  8  5  4  1
 21  561 99  3  4 99 99 99  2  1
 21  562  2 99 99 99 99 99 99  1
 21  563  3 99 99 99 99  2 99  1
 21  564 99 99 99 99  3  2 99  1
 21  565 99 99 99 99 99 99  2  1
 21  566 99 99 99 99 99 99 99  1
 21  567 99 99 99 99 99 99 99  1
 21  568 99 99 99 99 99 99 99  1
 21  569 99 99 99 99 99 99 99  1
 21  570 99 99  3 99  2 99 99  1
 21  571 99 99 99 99 99  2 99  1
 21  572 99  4 99  2  3 99 99  1
 21  573 99 99 99  3 99  2 99  1
 21  574 99 99 99 99 99 99 99  1
 21  575 99 99 99 99  2 99  3  1
 21  576 99 99 99 99 99  2 99  1
 21  577 99 99 99 99 99 99 99  1
 21  578  8  7  6  3  4  5  2  1
 21  579  2  8  3  7  4  6  5  1
 21  580 99 99 99 99  2  3 99  1
 21  581 99 99 99 99 99 99 99  1
 21  582  4  3  5  6  7  2  8  1
 21  583 99 99 99 99  3  2 99  1
 21  584 99 99 99  2 99 99  3  1
 21  585 99 99 99 99 99 99 99  1
 21  586 99  2 99 99 99 99 99  1
 21  587 99 99 99 99 99  3  2  1
 21  588  3  4  8  7  5  6  2  1
 21  589 99 99 99 99  2 99 99  1
 21  590 99 99 99 99 99 99 99  1
 21  591  2  3  5  8  6  7  4  1
 21  592 99 99 99 99 99 99 99  1
 21  593 99 99 99 99  3 99  2  1
 21  594 99 99 99 99 99 99 99  1
 21  595  2 99  3 99 99 99 99  1
 21  596 99 99 99 99 99 99 99  1
 21  597 99 99 99 99 99 99 99  1
 21  598  1  2  3  4 99 99 99 99
 21  599  1  2 99 99  3 99 99 99
 21  600  1  2 99  3 99  4 99  5
 21  601  1  2  5 99  3 99 99  4
 21  602  1  2  6  3  7  4  5  8
 21  603  1  2 99  8  7  6  5  4
 21  604  1  4  2  3  5  6  7  8
 21  605  1  2  3  4  5  6  7  8
 21  606  1  2  3  4  5  6  7  8
 21  607  1  4  7  2  8  5  3  6
 21  608 99  1  2 99 99 99 99 99
 21  609 99  1 99 99  2 99 99 99
 21  610 99  1 99 99  2 99 99 99
 21  611  4  1  6  5  3  7  8  2
 21  612 99  1 99 99 99 99 99 99
 21  613 99  1 99 99  2 99 99  3
 21  614 99  1 99 99 99 99 99 99
 21  615 99  1 99 99  2 99 99 99
 21  616 99  1 99 99  3 99  2 99
 21  617  5  1  4  3  2  6  7  8
 21  618  8  1  2  4  3  6  5  7
 21  619 99  1  3  2  5  4 99 99
 21  620  4  1  5  3  2  6  7  8
 21  621 99  1 99 99 99 99 99 99
 21  622 99  1  2 99 99 99  3 99
 21  623 99  1 99  2 99  3  4 99
 21  624 99  1  4 99  2 99 99  3
 21  625  2  1  3  5  4  6  7  8
 21  626 99  1 99 99 99 99 99 99
 21  627 99  1 99 99 99 99 99 99
 21  628  8  1  2  6  7  3  4  5
 21  629  6  1  7  3  4  5  8  2
 21  630  2  1 99 99 99 99 99 99
 21  631  2  1  3  5  4  7  6  8
 21  632 99  1  4 99 99  2  3 99
 21  633 99  2  1 99 99 99 99  3
 21  634 99  2  1 99 99 99 99 99
 21  635  8  2  1  7  3  6  4  5
 21  636  5  2  1  4  3  6  7  8
 21  637 99  2  1 99 99 99 99  3
 21  638  7  2  1  6  5  4  8  3
 21  639  3  2  1  6  5  4  7  8
 21  640  8  2  1  7  3  6  5  4
 21  641  4  2  1 99 99 99 99  3
 21  642  1  7  3  6  2  5  4  8
 21  643  1  3 99 99  2 99 99 99
 21  644  1  3  4  5  2  6  7  8
 21  645  1  3  6  7  2  8  5  4
 21  646  1  7  6  5  3  4  2  8
 21  647  7  4  1  6  2  3  5  8
 21  648  3  4  1  5  2  6  7  8
 21  649 99  2 99 99  1  3 99 99
 21  650  3  2  7  6  1  8  4  5
 21  651  5  4  2  1  3  6  7  8
 21  652  6  2  3  1  8  4  7  5
 21  653  4  3  5  1  6  2  7  8
 21  654  3  2  6  1  5  4  7  8
 21  655 99  2 99  1 99 99 99 99
 21  656  4  2  3  1  8  5  6  7
 21  657  6  3  2  1  5  4  7  8
 21  658  5  2  1  3  4  6  7  8
 21  659  3  2  1  4  5  6  7  8
 21  660  3  2  1  4  5  6  7  8
 21  661  5  2  1  4  8  3  7  6
 21  662  4  6  5  2  1  3  7  8
 21  663  4  5  6 99  1  2  3 99
 21  664  5  4  3  6  1  7  2  8
 21  665 99  2 99 99  1 99 99 99
 21  666  7  2  6  5  1 99  3  4
 21  667 99  3  2 99  1 99 99 99
 21  668  8  4  3  7  1  5  2  6
 21  669  3  2  4  5  1 99 99 99
 21  670  2  3 99 99  1 99 99 99
 21  671  5  2  6  4  1  7  8  3
 21  672  3  4 99  2  1 99 99 99
 21  673 99  2 99 99  1 99 99  3
 21  674  5  2  3  6  1  7  4  8
 21  675  5  4  3  2  1  6  7  8
 21  676 99  2 99  3  1 99 99 99
 21  677  5  6  7  4  1  3  2  8
 21  678  2  3  6  8  1  5  4  7
 21  679  5  2  6  3  1  7  4  8
 21  680  7  3  2  4  1  5  6  8
 21  681 99  2  3 99  1 99 99 99
 21  682 99  2 99 99  1 99 99  3
 21  683  7  6  3  4  1  5  2  8
 21  684  5  6  4  7  1  3  2  8
 21  685  5  2  3  4  1  6  7  8
 21  686  2  3  4  8  1  5  6  7
 21  687  7  2  3  8  1  6  4  5
 21  688 99  2 99 99  1 99 99 99
 21  689 99  2 99 99  1 99 99 99
 21  690  4  2  3  5  1  6  7  8
 21  691  5  2  6  7  1  8  4  3
 21  692  3  4  6  5  1  8  2  7
 21  693  6  5  4  7  3  1  8  2
 21  694  3 99 99 99 99  1 99  2
 21  695  4  5  3  6  7  1  8  2
 21  696 99  3 99  5  4  1 99  2
 21  697  8  7  5  6  4  1  3  2
 21  698  7  6  5  3  4  1  2  8
 21  699  5  4  2  3  1  8  7  6
 21  700  8  4  2  3  1  6  5  7
 21  701 99  2 99 99  1 99 99  3
 21  702  1  5  2  6  3  4  7  8
 21  703  2  3 99 99 99  1 99 99
 21  704  2  5  4  3  6  1  7  8
 21  705  2  4  3  8  5  1  6  7
 21  706 99  2 99 99  1 99  3 99
 21  707  2  6  5  1  4  3  7  8
 21  708  8  2  7  6  1  5  3  4
 21  709  3  4  5  6  1  7  8  2
 21  710 99  2 99 99  1 99 99 99
 21  711 99  2 99 99  1 99 99 99
 21  712  4  3 99 99  2  1 99 99
 21  713  5  4  6  3  2  1  7  8
 21  714  2  3  8  7  1  6  4  5
 21  715 99  2 99 99  1 99 99 99
 21  716 99  5  4  3  2 99  1 99
 21  717  3  5  4  6  2  7  1  8
 21  718  3  4  7  6  2  5  1  8
 21  719  4  5  2  6  3  8  1  7
 21  720  6  5  4  3  2  7  1  8
 21  721  5  6  1  2  8  3  4  7
 21  722  3  4  1  5  6  7  2  8
 21  723  2  3 99 99 99 99  1 99
 21  724  2  3  4  5  6  7  1  8
 21  725  2  4  6  3  5  7  1  8
 21  726  3  4  5  8  7  6  2  1
 21  727 99 99 99 99 99 99 99  1
 21  728 99 99  2 99  3 99 99  1
 21  729 99 99 99 99  3  2 99  1
 21  730  4  6  3  5  7  8  2  1
 21  731  5  7  6  4  2  3  8  1
 21  732  2  5  7  3  8  6  4  1
 21  733  2  5  6  3  7  4  8  1
 21  734  2  4  6  7  5  8  3  1
 21  735 99 99 99 99 99 99 99  1
 21  736 99 99 99 99 99 99 99  1
 21  737 99 99 99 99 99 99 99  1
 21  738  3  4 99 99 99 99  2  1
 21  739 99 99 99 99 99 99  2  1
 21  740  2  8  4  3  7  6  5  1
 21  741  3  2  6 99  4 99  5  1
 21  742  2  8  1  5  4  7  6  3
 21  743  1 99 99 99 99  1 99 99
 21  744  1 99  1 99 99  1 99 99
 21  745 99 99 99 99 99 99  7 99
 21  746  1 99 99 99  1 99 99  1
 21  747 99 99 99 99  8 99 99 99
 21  748  1 99 99  1 99 99 99  1
 21  749  1 99 99  1 99  1 99 99
 21  750 99 99 99 99  1 99 99  1
 21  751 99  1 99 99 99 99 99  1
 21  752  1 99  1 99 99 99 99 99
 21  753  1  2  4  3  1  6  7  1
 21  754 99 99 99 99 99  1 99  1
 21  755  1 99 99 99  1 99 99 99
 21  756  1  1 99  1  1  1 99 99
 21  757 99  1 99 99  1 99 99  1
 21  758  1  1  2  1  1  1  1  1
 21  759 32 22 11 99 99 99 99 99
 21  760  1 99  1 99 99  1 99  1
