A22   44 UNION  VOTERS ELECT  2  OUT OF 11 (BY RAV)                        
 22    1 99 99  5 99  2 99 99  4  3 99  1
 22    2  5  4  2  9  6 11  8 10  1  3  7
 22    3  9  3  1 11  7  8 10  6  5  2  4
 22    4 99  2  1 99  3 99 99 99 99 99 99
 22    5 99 99  1 99 99 99 99 99  4  3  2
 22    6 99 99  1 99 99 99 99 99 99 99  2
 22    7 99 99  1 99 99 99 99 99 99 99  2
 22    8 99 99  1 99 99 99 99 99 99 99  2
 22    9  8  4  1 10  9 11  6  5  7  3  2
 22   10 99 99  2  3 99 99 99 99  4 99  1
 22   11 99 99  2 99 99 99 99 99 99 99  1
 22   12 99 99  2 99 99 99 99 99 99 99  1
 22   13 99 99  2 99 99 99 99 99 99 99  1
 22   14 99 99  2 99 99 99 99 99 99 99  1
 22   15  4  9  2  3  8 10  7  5  6 11  1
 22   16 99 99  2 99 99 99 99 99 99 99  1
 22   17 99 99  2 99 99 99 99 99 99 99  1
 22   18 99 99  2 99  4 99  3 99 99 99  1
 22   19 99 99  2 99 99 99 99 99 99 99  1
 22   20 99  3  2 99 99 99 99 99 99  1 99
 22   21  1 99  3 99 99 99 99 99 99 99  2
 22   22 99 99 99 99 99  1 99 99 99 99 99
 22   23  1 99 99 99 99 99  3  2 99 99 99
 22   24 99 99 99  2 99 99  1  3 99 99 99
 22   25 99 99 99 99 99 99 99  1 99 99 99
 22   26 99 99 99 99 99 99  3 99  2 99  1
 22   27  1 99 99  2 99  3  4 99 99  5 99
 22   28  3 99 99  2 99 99  1 99 99 99  4
 22   29 99 99 99  2 99 99  1 99 99 99  3
 22   30 99 99 99  3 99 99  1 99 99 99  2
 22   31 99 99 99 99 99  2 99 99 99  1 99
 22   32  3  1 99 99 99 99 99  2 99 99 99
 22   33 99  1 99 99 99 99 99  2 99 99 99
 22   34  3  1 99 99 99 99 99  2 99 99 99
 22   35  6  2 11  4  9 10  3  7  5  8  1
 22   36 99  2 99  1 99 99 99 99  5  4  3
 22   37  6  5 11  3  4 10  7  8  9  2  1
 22   38 10  2  9  7  5  8  1  3  6  4 11
 22   39  2  3 99 99  1 99 99 99 99 99 99
 22   40  1  2  3 99 99 99 99 99 99 99 99
 22   41  1  4  5  9  2 99  8  3 10  7  6
 22   42 11  5  8  1  9 10  2  3  6  7  4
 22   43  6  8  9  5  4 10  1  7  3 11  2
 22   44  3  8  9  4  2 10  5  7  1  6 11
