A23   91 UNION  VOTERS ELECT  2  OUT OF 29 (BY RAV)                        
 23    1 99 99  1 99 99 99 99 99 99 99 99 99 99 99 99 99 99 99 99 99 99 99 99 99 99 99 99 99 99
 23    2 99 99  1 99 99 99 99 99 99 99 99 99 99 99 99 99 99 99 99 99 99 99 99 99 99 99 99 99 99
 23    3 99 99  1 99 99 99 99 99 99 99 99 99 99 99 99 99 99 99 99 99 99 99 99  2 99 99  3 99 99
 23    4 99 99  1 99 99 99 99 99 99 99 99 99 99  2 99 99 99 99 99 99 99 99 99 99 99 99  3 99 99
 23    5 99 99  1 99 99 99 99 99 99 99 99 99 99 99 99 99 99 99 99  2  3 99 99 99 99 99 99 99 99
 23    6 99 99  1 99 99  4 99 99 99 99  7 99 99 99 99 99 99  3 99 99 99  2 99 99 99  5  6 99 99
 23    7 99 99  1 99 99 99 99 99 99 99 99 99 99 99 99 99 99  2 99 99 99  3 99 99 99 99 99 99 99
 23    8 99  1 99 99 99 99 99 99 99 99 99 99 99 99 99 99 99 99 99 99 99 99 99 99 99 99 99 99 99
 23    9 99 99 99 99 99 99 99 99 99 99 99 99 99 99 99 99 99 99 99  1 99 99 99 99 99 99 99  2 99
 23   10 99 99 99 99 99 99 99 99 99 99 99 99  1 99 99 99 99 99 99 99 99 99 99 99 99  2 99 99 99
 23   11 99 99 99 99 99 99 99 99 99 99 99 99 99 99 99 99 99 99 99 99 99 99 99 99 99 99  1 99 99
 23   12 99  1 99  7 99 99 99  2 99 99 99 99  3 99 99  4 99 99 99 99 99 99 99  5 99 99  6 99 99
 23   13 99 99 99 99 99 99 99 99 99 99 99 99 99 99 99  2 99 99 99 99 99 99 99  1 99 99 99 99 99
 23   14 99 99 99 99 99 99 99 99 99 99 99  4 99 99 99  3 99 99 99 99 99 99 99  1 99 99  2 99 99
 23   15 99 99 99 99 99 99 99 99 99 99 99 99 99  2 99 99 99 99 99 99 99 99 99 99 99 99 99  1 99
 23   16 99 99 99 99 99 99 99 99  4 99 99  3 99  1 99 99 99 99 99 99 99 99 99  5 99 99 99  2 99
 23   17 99 99 99 99 99 99  3 99 99 99 99 99 99 99 99 99 99 99  1 99 99 99  2 99 99 99 99 99 99
 23   18 99 99 99 99 99 99  3 99 99 99 99 99 99 99 99 99 99 99  2 99 99 99  1 99 99 99 99 99 99
 23   19 99 99 99 99 99 99  2 99 99 99 99 99 99 99 99 99 99 99  1 99 99 99 99 99 99 99 99 99  3
 23   20 99 99 99 99 99 99  1 99 99 99 99 99 99 99 99 99 99 99  2 99 99 99  3 99 99 99 99 99 99
 23   21 99 99 99 99 99 99  1 99 99 99 99 99 99 99 99 99 99 99  3  2 99 99 99 99 99 99 99 99 99
 23   22 99 99 99 99 99  5 99 99  2 99  3 99 99 99 99  4  6 99 99 99 99 99  1 99 99 99 99 99 99
 23   23 99 99 99 99 99 99 99 99 99 99 99 99 99 99  1 99  2 99 99 99 99 99 99 99 99 99  3 99 99
 23   24 99 99 99 99 99 99 99 99  1 99  7 99  8 99  9 99  6 99 99  2 99 99  4 99 99 99  3 99  5
 23   25 99 99 99 99 99 99 99 99  1 99 99 99 99 99 99 99  2 99 99 99 99 99 99  3 99 99 99 99 99
 23   26 99 99 99  3 99 99 99 99 99 99 99 99 99 99 99 99  1 99 99 99 99 99 99 99 99 99  2 99 99
 23   27 99 99 99 99 99 99  3 99  2 99 99 99 99 99 99 99  1 99 99 99 99 99 99 99 99 99  4 99 99
 23   28 99 99 99 99  4 99 99 99 99  5  2 99 99 99 99 99  3 99 99 99 99 99 99  6 99 99  1 99 99
 23   29 99 99 99 99  2 99  1 99 99 99 99 99 99 99 99 99 99 99 99 99 99 99 99 99 99 99 99 99 99
 23   30 99 99 99 99  2 99  1 99 99 99 99 99 99 99 99 99 99 99 99 99 99 99 99 99 99 99 99 99 99
 23   31 99 99 99 99  6 99  1 99 99 99 99 99 99 99 99 99 99 99  2  3 99 99  5 99 99 99 99 99  4
 23   32 99 99 99 99  2 99  1 99 99 99 99 99 99 99  3 99 99 99 99 99 99 99 99 99 99 99 99 99 99
 23   33 99 99 99 99  2 99  1 99 99 99 99 99 99 99 99 99 99 99 99 99 99 99 99 99 99 99 99 99 99
 23   34 99 99 99 99  4 99 99 99 99 99 99  3 99  1 99 99  5 99 99 99 99 99 99 99 99 99 99  2 99
 23   35 99 99 99 99  2 99 99 99 99 99 99 99 99 99 99 99 99 99 99 99 99 99 99 99 99 99  1 99 99
 23   36 99 99 99 99  1 99 99 99 99 99 99 99 99 99 99 99 99 99 99 99 99 99 99 99 99 99 99 99 99
 23   37 99 99 99 99  1 99 99 99 99 99 99 99 99 99 99 99 99 99 99 99 99 99 99 99 99 99 99 99 99
 23   38 99 99 99 99  1 99 99 99 99 99 99 99 99 99 99 99 99 99  3 99 99 99 99 99 99 99 99 99  2
 23   39 99 99 99 99  1 99 99 99 99 99 99 99 99 99 99 99 99 99 99 99 99 99 99 99 99 99 99 99 99
 23   40 99 99 99 99  1 99 99 99 99 99 99 99 99 99 99 99 99 99 99  4 99 99 99  2  5 99 99 99  3
 23   41 99 99  2 99  1 99 99 99 99 99 99 99 99 99 99 99 99 99 99 99 99 99 99 99 99 99 99 99 99
 23   42 99 99  2 99  1 99 99 99 99 99 99 99 99 99 99 99  3 99  4 99 99 99 99 99 99 99 99 99 99
 23   43 99 99 99 99  1 99 99 99 99 99 99 99 99 99  2 99 99 99 99 99  3 99 99 99 99 99 99 99 99
 23   44 99 99 99 99  1 99  2 99 99 99 99 99 99 99 99 99 99 99 99 99  3 99 99 99 99 99 99 99 99
 23   45 99 99 99 99 99 99 99 99 99 99 99 99 99 99 99 99  3 99 99  1  4 99 99 99 99 99 99 99  2
 23   46 99 99 99 99  4 99 99 99 99 99 99 99 99  1 99 99  3 99 99 99  2 99 99 99 99 99 99 99 99
 23   47 99 99 99 99 99 99 99 99  2 99 99 99 99 99 99 99 99 99 99 99  3 99 99 99 99 99 99 99  1
 23   48 99 99 99 99 99 99 99 99 99 99 99 99 99 99 99 99 99 99 99  3  1 99 99 99 99 99 99 99  2
 23   49 99 99 99 99 99 99 99 99 99 99 99 99 99 99  2 99 99 99 99 99  1 99 99 99 99 99 99 99 99
 23   50 99 99 99 99 99 99 99 99 99 99 99 99 99 99 99  2 99 99 99 99  1 99 99 99 99 99 99 99 99
 23   51 99 99 99 99 99 99 99 99 99 99 99 99 99 99 99 99 99 99 99 99  1 99 99 99 99 99 99 99 99
 23   52  8 12  2 19 20  5 22  9 13 14  4 21 25 10 23  6 15  7 28 26 16  1 29 18 27  3 24 11 17
 23   53 99 99  4 99 99  5 99 99 99 99  6 99 99 99 99  3 99 99 99 99 99  1 99 99 99 99 99  2 99
 23   54 99 99  3 99 99 99 99 99 99 99  2 99 99 99 99  4 99  6 99 99 99  1 99 99 99  5 99 99 99
 23   55  8 99  6 99 99  5 99  9 99 99  3 99 99 99 99  4 11  7 99 99 99  1 99 99 99  2 99 10 99
 23   56 99 99 99 99  2 99 99 99 99 99 99 99 99 99 99 99  5 99 99 99 99  1 99  4 99 99  3 99 99
 23   57 99 99 99 99 99 99 99  2 99 99  4 99 99 99 99  1 99 99 99 99 99  3 99 99 99 99 99 99 99
 23   58  1 99 99 99 99  4 99 99 99 99  6 99 99 99 99 99 99  2 99 99 99  3 99 99 99  5 99 99 99
 23   59 99 99 99 99 99 99 99 99 99 99 99 99 99 99 99 99 99 99 99 99 99  2 99 99 99 99  1 99 99
 23   60 99 99 99  2 99 99 99 99 99 99 99 99 99 99 99 99 99 99 99 99 99  4 99 99 99 99 99  1  3
 23   61  8 99  9 99 99  1 99  5  6 15 99 99 99 99  7 11 99 10 99 99 99  2 99 99 14  3  4 12 13
 23   62 10 99  1 99 99  2 99 99 99 99  3 99 99  5 99  9 99  6 99 99 99  4 99 99 99  7 99  8 99
 23   63 99 99  3 99 99  5 99  6 99 99  1 99 99 99 99  2 99 99 99 99 99  4 99 99 99 99 99 99 99
 23   64 99  9  5 99 99 99  1 99  3 99 99  7 99 99  8 99  4 99  6 99 99 10 99  2 99 99 99 99 99
 23   65 99 99  8  5 99 99 99 99  4  7 99 99 99 99 99 99  2 99 99 99 99  3 99  6 99 99  1 99 99
 23   66 99 10 99  8 99  3 99 99  4 99 99 99 99  6 99 99  1 99 99 99  9  7 99  2 99 99  5 99 99
 23   67 99 99  1 99  2 99 99 99 99 99 99 99 99 99 99 99 99 99 99 99 99  3 99  4 99 99  5 99 99
 23   68  5 16  6 19  1 15  2 28 25  4 18 29 17 24  3  7 11 20  8 26 21  9 22 12 10 23 14 27 13
 23   69 26  3 17  9 18 12  1 20  4 11 22 23  8 25 13 27  2 15 24 21  5 10 28  6 14 19  7 29 16
 23   70  4  6  8 12 13 14 15 16 19 21 23 26 27 29  1  5  7  9 10 11  2 17 18 20 22 24 25 28  3
 23   71  7 10  9 16 14  2 15 18 23 25 29 28 24  6  5  3  8 11 17 22  1 13 19 21 26 27 20 12  4
 23   72 99 99 99 99 99 99 99 99 99 99 99 99 99 99 99 99  1 99 99  3  2 99 99 99 99  4 99 99 99
 23   73  7 99 10 99 99 99  9 99 99 99 99 99 99 99  1 99 99  6 99  2  4 99 99 99 99  5  8 99  3
 23   74 99 99 99 99  4 99 99 99 99 99  3 99 99 99  1 99 99 99 99 99  2 99 99 99 99  5 99 99  6
 23   75 29 28 27 26 25 24  4 23 22 21  3 20 19 18  1 17 16 15  8  6  2 14  7 13 12 11 10  9  5
 23   76 99 99 99 99  2 99  5 99 99 99 99 99 99 99  4 99 99  6 99 99  1 99 99 99 99  3 99 99 99
 23   77 99 99  5 99 99 99  4 99  3 99 99  2 99 99 99 99  6 99 99 99 10  7 99 99 99  1 99  8  9
 23   78 99 99  6 99 99  7 99 99 99 99  2 99 99 99 99  5  3 99 99 99 99  4 99 99 99  1 99 99 99
 23   79 99 99 99 99 99 99 99 99 99 99 99 99 99 99 99 99 99 99 99  2 99 99  3  4 99  1 99 99 99
 23   80 99 99  3  4  6 99 99 99 99 99 99 99 99 99 99 99 99  1 99 99 99 99 99  5 99  2 99 99 99
 23   81 99 99  2  1 99 99 99 99 99 99 99 99 99 99 99 99 99 99 99 99 99  4 99 99 99  3 99 99 99
 23   82 99 99 99  1 99 99 99 99 99 99 99 99 99 99 99 99 99 99 99 99  3 99 99 99 99  2 99 99 99
 23   83 99 99 99 99 99  3 99 99  1 99 99 99 99 99 99 99 99 99 99 99 99 99 99 99 99  2 99 99 99
 23   84 99 99 99 99 99  1 99 99 99 99 99 99 99 99 99 99 99 99 99 99 99 99 99 99 99  2 99 99 99
 23   85 99 99 99 99 99 99 99 99 99  2 99 99 99 99 99 99 99 99 99 99 99 99 99  1 99  3  4 99 99
 23   86  5  6 10  7  4  9  8 11  2 16 17 26 28  1 12 18 29 19 20 22 21 23 25 13 24  3 27 14 15
 23   87  8 99  2 99 99  5 99  9 99 99  1 99 99 99 99 99 99  7  6 99 99  4 99 99 99  3 99 99 99
 23   88 99 99  1  3 99 99 10 99 99  4 99 99 99 99  8 99  2 99 99  5 99 99 99  7 99  9 99 99  6
 23   89  4  5  6  7  8  9  1 10 11 12 13 14 15 16 17 29 28 27  2 26 25 24  3 23 22 21 20 19 18
 23   90 99 99 99  9  3 99 99 10 99 99 99 99 99  1 99 99 99  8  7 99  6  5 99 99 99  4 99  2 99
 23   91 99 99  4  1  2 99 99 99 99 99 99 99 99 99 99 99 99 99 99 99 99 99 99 99 99  3 99 99 99
