A24   82 UNION  VOTERS ELECT  1  OUT OF  5  BY AV                          
 24    1  2 99 99  1 99
 24    2  2  3  4  1  5
 24    3  2  3 99  1 99
 24    4 99  2 99  1 99
 24    5  3  2 99  1 99
 24    6 99 99 99  1 99
 24    7 99 99 99  1  2
 24    8  2  3  4  1  5
 24    9  2  3  4  1  5
 24   10  2  4  3  1  5
 24   11  3  4  5  1  2
 24   12  2  3  4  1  5
 24   13  2  3  4  1  5
 24   14  2 99 99  1 99
 24   15  5  3  2  1  4
 24   16  4  3  2  1  5
 24   17  2 99  3  1 99
 24   18  2 99  3  1 99
 24   19 99 99 99  1 99
 24   20  2  3  4  1  5
 24   21  2 99 99  1 99
 24   22 99 99 99  1 99
 24   23 99 99 99  1 99
 24   24 99 99 99  1 99
 24   25 99 99 99  1 99
 24   26  3 99 99  2  1
 24   27  3  1  4  2  5
 24   28 99 99  1  3  2
 24   29  1  5  4  2  3
 24   30  1  3  2 99 99
 24   31  1  2  3  5  4
 24   32  1  2  3  5  4
 24   33  1  4  5  2  3
 24   34  1 99 99 99 99
 24   35  1 99 99 99 99
 24   36  1 99 99 99 99
 24   37  1  4  5  2  3
 24   38  1 99 99  2 99
 24   39  1  4  5  2  3
 24   40  1 99 99 99 99
 24   41  1 99  2 99  3
 24   42  1  3  4  2  5
 24   43  1  5  3  2  4
 24   44  1 99  3  2 99
 24   45  1  3  4  2  5
 24   46  1  3  2  4  5
 24   47  1 99 99 99 99
 24   48  1  2  5  3  4
 24   49  1 99 99  2  3
 24   50  1  3  4  2  5
 24   51  1  5  3  2  4
 24   52  1 99 99 99 99
 24   53  1 99 99 99 99
 24   54  1 99 99 99 99
 24   55  1  2  3 99 99
 24   56  1  2  5  3  4
 24   57  1  3  4  2  5
 24   58  1  2 99  3 99
 24   59  1 99  3  2 99
 24   60  1 99  2  3 99
 24   61  1  3 99  2 99
 24   62  2  3  4  5  1
 24   63  1  2  5  3  4
 24   64  1  3  4  2  5
 24   65  2  1 99 99 99
 24   66  3  1  2  4  5
 24   67  3  1  2 99 99
 24   68  3  4  2  5  1
 24   69  2  3  1  4  5
 24   70 99 99 99 99  1
 24   71 99  1  2 99 99
 24   72 99 99  1 99 99
 24   73 99 99  1 99 99
 24   74 99 99  1 99 99
 24   75 99 99  1 99 99
 24   76 99 99  1 99 99
 24   77 99 99  1 99 99
 24   78 99 99  1 99 99
 24   79 99 99  1 99 99
 24   80 99 99  1 99 99
 24   81 99  2  1 99 99
 24   82 99  2  1 99 99
