A25  183 UNION  VOTERS ELECT  1  OUT OF  3  BY AV                          
 25    1  1  2  3
 25    2  1  2  3
 25    3  1  3  2
 25    4  1  2  3
 25    5  1 99 99
 25    6  1  3  2
 25    7  1  2  3
 25    8  1  2  3
 25    9  1  2  3
 25   10  1  3  2
 25   11  1  2  3
 25   12  1  2  3
 25   13  1  2  3
 25   14  1  3  2
 25   15  1  2  3
 25   16  1  2  3
 25   17  1  2  3
 25   18  1  2  3
 25   19  1 99 99
 25   20  1 99 99
 25   21  1  2  3
 25   22  1  2  3
 25   23  1  2  3
 25   24  2  1  3
 25   25  2  1  3
 25   26  2  1  3
 25   27  3  1  2
 25   28  2  1  3
 25   29  3  1  2
 25   30  2  1  3
 25   31  2  1  3
 25   32  2  1  3
 25   33  3  1  2
 25   34  3  1  2
 25   35  3  1  2
 25   36  3  1  2
 25   37 99  1 99
 25   38 99  1 99
 25   39  3  1  2
 25   40  3  1  2
 25   41  3  1  2
 25   42 99  1 99
 25   43 99  1 99
 25   44 99  1 99
 25   45  3  1  2
 25   46 99  1 99
 25   47  2  1  3
 25   48  2  1  3
 25   49  3  1  2
 25   50  2  1  3
 25   51  3  1  2
 25   52  3  1  2
 25   53  2  1  3
 25   54  2  1  3
 25   55  3  1  2
 25   56  2  1  3
 25   57  2  1  3
 25   58 99  1 99
 25   59  2  1  3
 25   60 99  1 99
 25   61  3  1  2
 25   62  2  1  3
 25   63  2  1  3
 25   64  2  1  3
 25   65  2  1  3
 25   66 99  1 99
 25   67  3  1  2
 25   68  3  1  2
 25   69  3  1  2
 25   70  3  1  2
 25   71  3  1  2
 25   72  2  1  3
 25   73  2  1  3
 25   74 99  1 99
 25   75  2  1  3
 25   76 99  1 99
 25   77  3  1  2
 25   78  3  1  2
 25   79  2  1  3
 25   80 99  1 99
 25   81 99  1  2
 25   82  3  1  2
 25   83  2  1  3
 25   84  3  1  2
 25   85  3  1  2
 25   86  2  1  3
 25   87  2  1  3
 25   88  3  1  2
 25   89  2  1  3
 25   90  3  1  2
 25   91  2  1  3
 25   92  2  1  3
 25   93  2  1  3
 25   94  3  1  2
 25   95  3  1  2
 25   96  3  1  2
 25   97  3  1  2
 25   98  3  1  2
 25   99  2  1  3
 25  100  3  1  2
 25  101  3  1  2
 25  102  2  1  3
 25  103  3  1  2
 25  104  3  1  2
 25  105 99  1 99
 25  106  2  1  3
 25  107  3  1  2
 25  108 99  1 99
 25  109  2  1  3
 25  110  2  1 99
 25  111  2  1  3
 25  112  3  1  2
 25  113  2  1  3
 25  114 99  1 99
 25  115 99  1 99
 25  116 99  1 99
 25  117  3  1  2
 25  118 99  1 99
 25  119 99  1 99
 25  120 99  1 99
 25  121  3  1  2
 25  122  3  1  2
 25  123  2  1  3
 25  124  3  1  2
 25  125  3  1  2
 25  126  2  1  3
 25  127  2  1 99
 25  128  3  1  2
 25  129  3  1  2
 25  130  3  1  2
 25  131  3  1  2
 25  132 99  1 99
 25  133  2  1  3
 25  134 99  1 99
 25  135 99  1 99
 25  136  3  1  2
 25  137 99  1 99
 25  138 99  1 99
 25  139 99  1 99
 25  140 99  1 99
 25  141 99  1 99
 25  142 99  1 99
 25  143  2  1  3
 25  144  3  1  2
 25  145 99  1 99
 25  146 99  1 99
 25  147  2  1  3
 25  148  2  1  3
 25  149 99  1 99
 25  150  3  1  2
 25  151  2  1  3
 25  152  3  2  1
 25  153  2  3  1
 25  154  2  3  1
 25  155 99 99  1
 25  156  2  3  1
 25  157  3  2  1
 25  158  2  3  1
 25  159  2  3  1
 25  160  2  3  1
 25  161  2  3  1
 25  162  3  2  1
 25  163  2  3  1
 25  164  3  2  1
 25  165  2  3  1
 25  166  2  3  1
 25  167 99 99  1
 25  168  3  2  1
 25  169 99 99  1
 25  170 99 99  1
 25  171  2  3  1
 25  172  2  3  1
 25  173 99 99  1
 25  174  2 99  1
 25  175 99 99  1
 25  176  3  2  1
 25  177 99 99  1
 25  178 99 99  1
 25  179 99 99  1
 25  180  2  3  1
 25  181  3  2  1
 25  182 99  2  1
 25  183  3  2  1
