A26  100 UNION  VOTERS ELECT  1  OUT OF  5  BY AV                          
 26    1  4  1  3  2  5
 26    2 99  1  2 99 99
 26    3  2  1  3  5  4
 26    4  2  1  4  3  5
 26    5 99  1 99 99 99
 26    6  5  1  4  2  3
 26    7  3  1  5  2  4
 26    8  5  1  2  3  4
 26    9 99  1  2  3 99
 26   10  2  1 99 99  3
 26   11  3  1  2  4  5
 26   12 99  1 99 99 99
 26   13 99  1 99 99 99
 26   14 99  1 99 99 99
 26   15  4  1  2  3  5
 26   16  2  1  3  5  4
 26   17  2  1 99 99 99
 26   18  2  1  4  3  5
 26   19 99  1 99  2 99
 26   20  2  1  4  3  5
 26   21  5  1  4  3  2
 26   22  2  1  5  3  4
 26   23 99  1 99 99 99
 26   24  2  1 99 99 99
 26   25  2  1 99 99 99
 26   26 99  1 99 99  2
 26   27 99  1 99 99 99
 26   28 99  1 99 99 99
 26   29 99  1 99 99 99
 26   30 99  1 99 99 99
 26   31 99  1 99 99 99
 26   32 99  1 99 99 99
 26   33 99  1 99 99 99
 26   34 99  2  1 99 99
 26   35 99  3  2 99  1
 26   36  3  2 99 99  1
 26   37  1  2  3  4  5
 26   38  1  2 99  3 99
 26   39  1  2  4  3  5
 26   40  1  2  4  5  3
 26   41  1  2 99 99 99
 26   42  1  2  3  4  5
 26   43  1  2 99 99 99
 26   44 99 99  1 99 99
 26   45 99 99  1 99 99
 26   46  1 99 99 99 99
 26   47  1 99 99 99  2
 26   48  1 99 99 99 99
 26   49  1 99 99 99 99
 26   50  1 99 99 99 99
 26   51  1 99  2 99  2
 26   52  1 99  3 99  2
 26   53  3 99  1 99  2
 26   54  2 99 99 99  1
 26   55 99 99 99 99  1
 26   56 99 99  2 99  1
 26   57 99 99  1 99  2
 26   58  2  4  3  1  5
 26   59  2 99 99  1 99
 26   60 99 99 99  1 99
 26   61 99 99 99  1 99
 26   62 99 99 99  1 99
 26   63 99 99 99  1 99
 26   64  2 99 99  1 99
 26   65 99 99 99  1 99
 26   66 99 99 99  1 99
 26   67  4 99  3  1  2
 26   68 99 99 99  1 99
 26   69  2  3  4  1  5
 26   70 99 99 99  1 99
 26   71  2 99  3  1 99
 26   72  2 99 99  1 99
 26   73 99 99 99  1 99
 26   74  2  3 99  1 99
 26   75  2 99 99  1 99
 26   76  2 99 99  1 99
 26   77 99 99  2  1  3
 26   78 99 99 99  1  2
 26   79 99 99 99  1 99
 26   80 99 99 99  1 99
 26   81  2 99 99  1 99
 26   82 99 99 99  1 99
 26   83 99 99  2  1 99
 26   84 99 99 99  1 99
 26   85 99 99 99  1 99
 26   86 99 99 99  1 99
 26   87 99  2 99  1 99
 26   88  4 99  1  2  3
 26   89  4  5  3  2  1
 26   90  4  5  3  2  1
 26   91  4  5  3  2  1
 26   92  1 99  3  4  2
 26   93  1  4  3  2  5
 26   94  1  3  4  2  5
 26   95  1  5  2  3  4
 26   96  1  5  4  2  3
 26   97  1  5  4  3  2
 26   98  1  3  4  2 99
 26   99  1 99 99  2 99
 26  100  1  3 99  2 99
