A27   77 UNION  VOTERS ELECT  1  OUT OF  6  BY AV                          
 27    1  1 99 99 99 99 99
 27    2  1  5  2  3  4  6
 27    3  1 99 99 99 99 99
 27    4  1  3  5  2  4  6
 27    5  1 99  3  2 99 99
 27    6  1 99 99 99 99 99
 27    7  1  3  6  2  4  5
 27    8  1 99 99 99 99 99
 27    9  1 99 99  3 99  2
 27   10 99  1 99 99 99 99
 27   11  2  1  6  3  5  4
 27   12  3  1 99  2 99 99
 27   13 99  1 99 99 99 99
 27   14 99  1 99 99 99 99
 27   15  2  1 99  3 99 99
 27   16 99  1 99 99 99 99
 27   17  3  1  2 99 99 99
 27   18  4  1  2  6  3  5
 27   19 99  1 99 99 99 99
 27   20 99  1 99 99 99 99
 27   21 99  1 99 99 99 99
 27   22 99  1 99  3 99  2
 27   23 99  1 99 99 99  2
 27   24 99 99  1 99 99 99
 27   25 99 99  1 99 99 99
 27   26 99 99  1 99 99 99
 27   27 99 99  1 99 99 99
 27   28 99 99  1  2 99 99
 27   29 99 99  1 99 99 99
 27   30 99 99  1 99 99 99
 27   31 99 99  1 99 99 99
 27   32  3 99  1 99  2 99
 27   33 99 99  1 99 99 99
 27   34  2 99  1 99 99 99
 27   35 99  2  1 99  3 99
 27   36 99 99  1 99 99 99
 27   37 99 99  1 99 99 99
 27   38 99 99  1 99 99 99
 27   39 99 99  1 99 99 99
 27   40 99 99  1 99 99 99
 27   41 99 99  1 99 99 99
 27   42  2  3  1 99 99 99
 27   43  2 99  1 99 99 99
 27   44  2 99  1 99  3 99
 27   45  3 99  1 99  2 99
 27   46  2 99  1 99 99 99
 27   47 99 99  1 99 99 99
 27   48  2  3  1 99 99 99
 27   49 99 99  1 99 99 99
 27   50 99 99  1 99 99 99
 27   51 99 99  1 99 99 99
 27   52 99 99  1 99 99 99
 27   53 99  3  1  2 99 99
 27   54 99 99  1  2 99 99
 27   55 99 99  1 99 99 99
 27   56 99 99  1 99 99 99
 27   57 99 99  1 99 99 99
 27   58 99 99  1 99 99 99
 27   59 99 99  1 99 99 99
 27   60 99 99  1 99 99 99
 27   61 99 99  1 99 99 99
 27   62 99 99  1 99 99 99
 27   63  6  5  1  4  2  3
 27   64  5  4  1  6  3  2
 27   65 99 99  1 99 99 99
 27   66 99 99 99  1 99 99
 27   67 99 99 99  1 99 99
 27   68 99 99 99  1 99 99
 27   69 99  2  4  1 99  3
 27   70  2  4  5  1  3  6
 27   71  3  2  5  1  4  6
 27   72  2 99 99 99  1 99
 27   73  2 99 99  3  1 99
 27   74  2 99 99 99  1  3
 27   75  3 99 99  2  1 99
 27   76  3 99 99  2  1 99
 27   77 99 99 99 99 99  1
