A28  115 UNION  VOTERS ELECT  1  OUT OF  4  BY AV                          
 28    1  1  3 99  2
 28    2  1 99  2  3
 28    3  1 99  2  3
 28    4  1  3  2  4
 28    5  1  2  3 99
 28    6  1  3  4  2
 28    7  1  2  3  4
 28    8  1  3  2  4
 28    9  1  2  3  4
 28   10  1 99 99 99
 28   11  1  4  2  3
 28   12  1  4  2  3
 28   13  1  4  2  3
 28   14  1  3  2  4
 28   15  1 99 99 99
 28   16  1  3  2  4
 28   17  1  3  2  4
 28   18  1 99  2 99
 28   19  1  2  3 99
 28   20  1 99 99 99
 28   21  1  2  3  4
 28   22  1  3  2  4
 28   23  1  3  2  4
 28   24  1  3  2  4
 28   25  1 99 99 99
 28   26  1 99 99 99
 28   27  1 99 99 99
 28   28  1 99 99 99
 28   29  1 99  2 99
 28   30  1  2 99 99
 28   31  1 99 99 99
 28   32  1 99  2  3
 28   33  1  3  2  4
 28   34  1 99 99 99
 28   35  1 99 99 99
 28   36  1 99 99 99
 28   37  1  4  2  3
 28   38  1 99  2 99
 28   39  1 99 99  2
 28   40  1 99 99 99
 28   41  1  2  4  3
 28   42  1  2 99  3
 28   43  1  2  3  4
 28   44  1 99  2 99
 28   45  1 99 99 99
 28   46  2  1  4  3
 28   47  2  1  4  3
 28   48  2  1  3  4
 28   49  2  1  3  4
 28   50  2  1  3 99
 28   51  2  1  3  4
 28   52  2  1 99 99
 28   53  2  1  3  4
 28   54  2  1  4  3
 28   55  2  1  3  4
 28   56  3  1  2  4
 28   57  2  3  1  4
 28   58  2  3  1  4
 28   59  2  4  1  3
 28   60  2  4  1  3
 28   61  2  3  1  4
 28   62  3  2  1  4
 28   63  2  3  1  4
 28   64  2  3  1  4
 28   65  3  2  1  4
 28   66  2 99  1 99
 28   67  2  4  1  3
 28   68  2  4  1  3
 28   69  2  3  1  4
 28   70  3  2  1  4
 28   71  4  3  2  1
 28   72  2  4  3  1
 28   73  4  3  2  1
 28   74  2  3  4  1
 28   75  4  2  3  1
 28   76  4  3  2  1
 28   77  3  4  2  1
 28   78 99 99 99  1
 28   79 99 99  2  1
 28   80 99 99 99  1
 28   81  4  3  2  1
 28   82  2 99 99  1
 28   83  2  4  3  1
 28   84 99 99 99  1
 28   85  2  4  3  1
 28   86 99 99 99  1
 28   87 99 99 99  1
 28   88 99 99 99  1
 28   89 99 99 99  1
 28   90  2 99 99  1
 28   91 99 99  2  1
 28   92  3  4  2  1
 28   93  3  4  2  1
 28   94  4  2  3  1
 28   95  3  1  4  2
 28   96  3  1  4  2
 28   97 99  1  3  2
 28   98  3  1  4  2
 28   99  3  1  4  2
 28  100 99  1  2  3
 28  101  4  1  2  3
 28  102 99  1  2  3
 28  103 99 99  1  2
 28  104  4  2  1  3
 28  105 99 99  1  2
 28  106  3  4  1  2
 28  107  4  3  1  2
 28  108  4  2  1  3
 28  109  4  3  1  2
 28  110  4  2  1  3
 28  111 99  1 99 99
 28  112 99  1 99 99
 28  113 99  1 99 99
 28  114 99  1 99 99
 28  115 99 99  1 99
