A29   68 UNION  VOTERS ELECT  1  OUT OF  3  BY AV                          
 29    1  1  3  2
 29    2  1  3  2
 29    3  1  2  3
 29    4  1 99 99
 29    5  1  3  2
 29    6  1 99 99
 29    7  1 99 99
 29    8  1 99 99
 29    9  1 99 99
 29   10  1  2  3
 29   11  1  2  3
 29   12  1 99 99
 29   13  1  3  2
 29   14  1  3  2
 29   15  1 99 99
 29   16  1  3  2
 29   17  1  3  2
 29   18  1  2  3
 29   19  1 99 99
 29   20  1  3  2
 29   21  1  3  2
 29   22  1  3  2
 29   23  1 99 99
 29   24  1 99 99
 29   25  1 99 99
 29   26  1  2  3
 29   27  1  3  2
 29   28  1  3  2
 29   29  1 99 99
 29   30  1  3  2
 29   31  1 99 99
 29   32 99 99  1
 29   33  3  2  1
 29   34  3  2  1
 29   35  2  3  1
 29   36 99 99  1
 29   37  3  2  1
 29   38  2  3  1
 29   39 99 99  1
 29   40  2  3  1
 29   41  2  3  1
 29   42  3  2  1
 29   43  2  3  1
 29   44  2  3  1
 29   45 99 99  1
 29   46  2  3  1
 29   47 99 99  1
 29   48  2  3  1
 29   49  3  2  1
 29   50  3  2  1
 29   51  3  2  1
 29   52  3  2  1
 29   53  3  2  1
 29   54  3  2  1
 29   55 99 99  1
 29   56 99 99  1
 29   57  2  3  1
 29   58  3  2  1
 29   59  3  2  1
 29   60 99 99  1
 29   61 99 99  1
 29   62  3  2  1
 29   63  2  3  1
 29   64 99 99  1
 29   65  3  2  1
 29   66  3  1  2
 29   67 99  1  2
 29   68  3  1  2
