 A3  989 UNION  VOTERS ELECT (7) OUT OF 15  BY MVP                         
  3    1  1 99 99  1  1  1 99 99 99 99  1 99 99 99 99
  3    2 99 99 99 99 99 99 99  1 99 99 99 99 99 99 99
  3    3 99 99 99 99 99 99 99  1 99 99 99 99 99 99 99
  3    4 99 99 99 99 99  2 99  1 99 99 99 99 99 99 99
  3    5 99 99 99 99 99  2 99  1 99 99 99 99 99 99 99
  3    6 99 99 99 99 99  2 99  1 99 99 99 99 99 99 99
  3    7 99 99 99 99 99 99 99  1 99 99 99 99 99 99 99
  3    8 99 99 99 99 99  2 99  1 99 99 99 99 99 99 99
  3    9 99 99 99 99 99 99 99  1 99 99 99 99 99 99 99
  3   10 99 99 99 99 99  2 99  1 99 99 99 99 99 99 99
  3   11 99 99 99 99 99 99 99  1 99 99 99 99 99 99 99
  3   12 99 99 99 99  1 99 99  3 99 99  2 99 99 99 99
  3   13  5 99 99 99  1  3 99  4 99 99  2 99 99 99 99
  3   14 99 99 99 99  1  3 99  2 99 99 99 99 99  4 99
  3   15 99 99 99  1 99 99 99 99 99 99  2 99 99  3 99
  3   16 99 99 99  1 99  2 99  3 99 99  5 99 99  4 99
  3   17  4 11 10  1  9  2  8 13 14 15  3 12  5  7  6
  3   18 99 99 99  1  5  2 99  4 99 99  3 99 99 99 99
  3   19 99 99 99  1 99  2 99 99 99 99 99 99 99 99 99
  3   20 99 99 99  1 99 99 99 99  2 99 99  3 99  4 99
  3   21 99 99 99  1 99 99 99  2 99 99 99 99 99 99 99
  3   22 99 99  2  1 99 99 99 99 99 99 99 99  3 99 99
  3   23 99 99 99  1 99  2  4 99 99  3  5  7 99  6 99
  3   24  4 99 99  1 99  3 99  2 99 99  6 99 99  5 99
  3   25 99 99 99  1 99 99 99 99 99 99  2 99 99 99 99
  3   26 99 99 99  1  3  2 99 99 99 99 99 99 99 99 99
  3   27 99 99 99  1 99  2 99 99 99 99 99 99 99 99 99
  3   28 99 99 99  1  3 99 99  2 99 99 99 99 99 99 99
  3   29 99 99 99  1 99  3 99  2 99 99 99 99 99 99 99
  3   30 99 99  3  1  2 99 99 99 99 99 99 99 99 99 99
  3   31  4 99  3  1  2 99 99 99 99 99  4 99 99 99 99
  3   32 99 99 99  1  3  2  5  9 10  6  4  7  8 11 12
  3   33 99 99  3  1 99  4 99 99 99 99  2 99 99 99 99
  3   34 99 99 99  1  4  3 99 99 99 99  2 99 99  5 99
  3   35 99 99 99  1  2  3 99 99 99 99  4 99 99  5 99
  3   36 99 99  3  1  4 99  5 99 99  6  7 99  2  8 99
  3   37  4 99 99  1 99 99 99  2 99 99 99 99 99  3 99
  3   38  3 99 99  1 99  2 99 99 99 99  4 99 99 99 99
  3   39 99 99 99  1 99 99 99 99 99 99  2 99 99 99 99
  3   40 99 99 99  1  2  3  4 99 99 99  5 99 99  6 99
  3   41 11  2 10  1  5 12  3  4  8  9 14 15  6  7 13
  3   42 10  9  3  1 11  4 13  2  6 15  5 14 12  7  8
  3   43 99 99 99  1 99 99 99 99 99 99 99 99 99 99 99
  3   44 99 99 99  1 99 99 99 99 99 99  3 99 99  2 99
  3   45 99 99 99  1 99  2 99 99 99 99 99  3 99 99 99
  3   46  5  4 10  1  3  2  9 11 12 13  8  7  6 14 15
  3   47 99 99  3  1  4 99 99  2 99 99  5 99 99  6 99
  3   48 99 99 99  1  3  2 99 99 99 99 99 99 99 99 99
  3   49 99 99 99  1  3  2 99 99 99 99 99 99 99 99 99
  3   50 99 99  5  1  2  3 99  4 99 99  6 99 99 99 99
  3   51 99 99 99  1 99  3 99 99 99  4  2 99 99 99  5
  3   52 99 99 99  1  2 99  3 99 99 99  4 99 99 99 99
  3   53 99 99 99  1 99 99 99 99 99 99 99 99 99 99 99
  3   54 99 99 99  1 99  2 99  3 99 99 99 99 99 99 99
  3   55 99 99  3  1 99  2 99 99 99 99 99 99 99 99 99
  3   56 99 99 99  1 99  4 99  3 99 99  2 99 99 99 99
  3   57 99 99 99  1 99 99 99 99 99 99 99 99 99 99 99
  3   58 99 99 99  1 99 99 99 99 99 99 99 99 99 99 99
  3   59 99 99  3  1 99 99 99 99 99 99 99 99  2 99 99
  3   60 99 99 99  1  2 99 99 99 99 99 99 99 99 99 99
  3   61 99 99 99  1 99  2 99 99 99 99  3 99 99 99 99
  3   62 99 99  3  1 99  2 99 99 99 99 99 99 99 99 99
  3   63  6 99 99  1 99  2  5  4 99 99  3 99 99 99 99
  3   64  1 99 99  3 99 99 99  2 99 99  4 99 99 99 99
  3   65 99 99 99  1 99  3 99  2 99 99 99 99 99 99 99
  3   66 99 99 99  1 99  2 99 99 99  4  3 99 99 99 99
  3   67 14 15  7  1  8  2  3  9 10  4  6 11 12  5 13
  3   68  2 99 99  1 99  3 99 99 99 99  4 99 99 99 99
  3   69 99 99 99  1  4  3 99  2 99 99  5 99 99  6 99
  3   70 99 99 99  1 99  2 99  3 99 99  4 99 99 99 99
  3   71  2  5 99  1 99  3 99  6 99 99  4 99 99 99 99
  3   72 99 99  6  1  4  5  7  3 13 12  2 11 10  8  9
  3   73  2 99 99  1  3 99 99 99 99 99 99 99 99 99 99
  3   74 99  3 99  1 99  2 99 99 99 99 99 99 99 99 99
  3   75  2 99  1 99 99 99  3 99 99 99 99 99  4 99  5
  3   76 99 99  1  2 99 99 99  6  7 99  5  3  4 99 99
  3   77 99 99  1 99 99 99 99 99 99 99 99 99 99 99 99
  3   78 99  2  1 99 99 99 99 99 99 99 99 99 99 99 99
  3   79  4 99  1  3 99  2 99 99 99 99 99 99 99 99 99
  3   80 99 99  1  2 99 99 99 99 99  3 99 99 99 99 99
  3   81 99 99  1 99 99  3 99 99 99  4  2 99 99  5 99
  3   82 99 99  1 99 99 99 99  3 99 99  2 99 99 99 99
  3   83 99 99  1 99 99  3 99  2 99 99 99 99 99 99 99
  3   84 99  2  1 99 99 99  3 99 99 99 99 99  5 99  4
  3   85 99 99  1 99  3 99 99 99 99  4 99 99  5  2 99
  3   86 99 99  1 99 99 99 99 99 99 99 99 99 99 99 99
  3   87 99 99  1 99 99  2  3 99 99 99 99 99 99 99 99
  3   88 99  2  1 99 99 99  3 99 99 99 99 99 99 99  4
  3   89  3  6  1 99 99 99  4 99  7  8 99 99  2 99  5
  3   90 99 99  1 99 99 99 99 99 99 99 99 99  2 99 99
  3   91 99 99  1 99 99 99 99  2 99 99 99 99 99 99 99
  3   92 99 99  1  3 99  2 99 99 99 99 99 99 99 99 99
  3   93 99 99  1 99 99  2 99 99 99 99  3 99 99 99 99
  3   94 99 99  1 99 99 99 99  2 99 99 99 99 99 99 99
  3   95 99 99  1  2 99 99 99 99 99  3 99 99 99  4 99
  3   96 99 99  1 99 99 99  2 99 99 99  3 99 99 99 99
  3   97  2 99  1 99 99 99 99 99 99 99 99 99 99 99 99
  3   98 99 99  1 99 99  3 99  4 99 99 99 99 99  2 99
  3   99 99 99  1 99 99 99 99 99 99 99 99 99 99 99 99
  3  100  1 99 99 99 99 99 99 99 99 99 99 99 99 99 99
  3  101  1  3  4 99 99 99  5 99 99 99 99 99  2 99 99
  3  102  1 99 99  2 99  3 99 99 99 99  5 99  4  6 99
  3  103  1 99  2 99 99 99 99 99 99  3 99 99 99 99 99
  3  104  1  3  2 99 99  5 99 99 99 99 99 99 99 99  4
  3  105  1 99 99 99  2 99 99 99 99 99 99 99 99 99 99
  3  106  1  3  4 99 99 99  5 99 99  2 99 99 99 99 99
  3  107  1 99  3 99 99 99 99 99 99 99 99 99  2 99 99
  3  108  1  2  3 99 99  4 99 99 99  5 99 99 99 99 99
  3  109 99 99 99  1 99 99 99 99 99 99 99 99 99 99 99
  3  110  3 99  5  1  6  2 99 99 99 99  4 99 99 99 99
  3  111  4 99  5  1 99  2 99 99 99 99  3 99 99 99 99
  3  112 99 99 99  1  2  3 99 99 99 99  4  5 99 99  6
  3  113 99 99 99  1 99 99 99 99 99 99 99 99 99 99 99
  3  114 99 99 99  1 99 99 99  4 99 99  2 99 99  3 99
  3  115 99 99 99  1 99 99 99 99 99 99 99 99 99 99 99
  3  116 99 99 99  1 99 99 99  2 99 99  3 99 99 99 99
  3  117 99 99 99  1 99  2 99 99 99  3 99 99 99 99 99
  3  118 99 99 99  1 99 99 99  3 99 99  2 99 99 99 99
  3  119 99 99 99  1 99  3 99 99 99 99  2 99 99 99 99
  3  120  4  7 99  1 99  2 99  5 99 99  3 99  6  8 99
  3  121 99 99 99  1 99 99 99  4 99 99  3 99 99  2 99
  3  122 99 99 99  1  3  5 99 99 99 99  2 99 99  4 99
  3  123  3 99  2  1  4 99 99 99 99 99 99 99 99 99 99
  3  124 99 99 99  1 99  2 99 99 99 99  3 99 99 99 99
  3  125 99 99 99  1  2  3 99 99 99 99  4 99 99 99 99
  3  126 99 99 99  1  2  3 99 99 99 99 99 99  4  5 99
  3  127 99 99 99  1  2 99 99 99 99 99  3 99 99 99 99
  3  128 99 99  2  1  3 99 99  4 99 99 99 99 99  5 99
  3  129 99 99  4  1  2 99 99  3 99 99  5 99 99 99 99
  3  130 99 99 99  1  5  2 99  7 99  3  4  6 99 99 99
  3  131 99 99 99  1  5  4 99  3 99 99  2 99 99 99 99
  3  132 11 12 10  1  2  3 13  4 14 15  5  9  8  6  7
  3  133 99 99 99  1 99  2 99 99 99  4  3  6  5  7 99
  3  134 99 99 99  1 99 99  2 99  3 99 99 99 99 99  4
  3  135 99 99 99  1 99  2 99 99 99  3 99  4 99 99 99
  3  136 99 99  2  1 99  3 99  4 99 99  5 99 99 99 99
  3  137 99 99 99  1 99  2  4 99 99  5  3  6 99  7 99
  3  138 99 99 99  1 99 99 99 99 99 99 99 99 99 99 99
  3  139 99 99 99  1 99 99 99 99 99 99 99 99 99 99 99
  3  140 99 99 99  1 99 99 99 99 99 99 99 99 99 99 99
  3  141  3 99 99  1 99  2 99 99 99 99 99 99 99 99 99
  3  142 99 99 99  1 99 99 99 99 99 99 99 99 99 99 99
  3  143 99 99 99  1 99 99 99 99 99 99 99 99 99 99 99
  3  144 99 99 99  1  3  2 99 99 99 99  4 99 99 99 99
  3  145 99 99 99  1 99  2 99  3 99 99 99 99 99 99 99
  3  146  4 99  5  1 99  3 99 99 99 99 99  2  6 99 99
  3  147 99 99 99  1  3 99 99 99 99 99 99  2 99 99 99
  3  148 99 99 99  1 99  3 99  2 99 99  4 99 99 99 99
  3  149 99 99 99  1  4 99 99  3 99 99  5  2 99 99 99
  3  150  4 99  6  1  3 99 99  7 99 99  5 99  2 99 99
  3  151  4  6  5  1  7 99  8 99  2 99 99 99 99 99  3
  3  152 99 99 99  1 99  2 99 99 99 99  3 99 99  4 99
  3  153 99 99 99  1 99 99 99 99 99 99  3 99 99  2 99
  3  154  4 99 99  1 99  2  5 99 99 99  3 99 99 99 99
  3  155 99 99 99  1  2 99 99 99 99 99 99 99 99  3 99
  3  156 99  3 99  1 99 99  4  2 99 99 99 99 99 99 99
  3  157 99 99  7  1  6  5 99  4 99  8  2 99 99 99  3
  3  158 99 99 99  1 99  2 99  3 99 99  4 99 99  5 99
  3  159 99 99 99  1  4  2 99 99 99  5  3  6 99  7 99
  3  160 99 99 10  1  2  3  8  7 99 11  4  6 99  5  9
  3  161 99 99 99  1 99 99 99 99 99 99 99 99 99 99 99
  3  162 14 13 12  1  8  2 10  7 15  6  3  4  9  5 11
  3  163 99 99  7  1  8  2 99  3 99 99  4  5  6  9 99
  3  164  3 99 99  1 99 99 99  2 99 99 99 99 99 99 99
  3  165  1 12 15  2 11  3 10  8 13 14  4  5  6  9  7
  3  166  1  2  3  4  5  6  7  8  9 10 11 12 13 14 15
  3  167 99  1 99 99 99 99 99 99 99 99 99 99 99 99 99
  3  168 99  1 99 99 99 99  2 99  3 99 99 99 99 99 99
  3  169 99  1 99 99 99 99  2 99 99 99 99 99 99 99 99
  3  170 99  1 99 99 99 99 99 99 99 99 99 99 99 99 99
  3  171 99  1 99 99 99 99 99 99 99 99 99 99 99 99 99
  3  172 99  1 99 99 99 99 99 99  2  3 99 99 99 99 99
  3  173  2  1 99 99 99 99 99 99 99 99 99 99 99 99 99
  3  174 99  1 99 99 99 99  5 99  3  4 99 99  2 99 99
  3  175  2  1 99  3 99 99 99 99 99 99 99 99 99 99 99
  3  176 99  1 99 99 99 99 99 99 99 99 99 99 99 99 99
  3  177  3  1  4 99 99 99  2 99 99  5 99 99  6 99 99
  3  178 99  1 99 99 99  2 99 99 99  3 99 99 99 99 99
  3  179 99  1  4 99 99  3 99  5 99 99 99 99  2 99 99
  3  180  2  1 99 99 99 99  3 99 99 99 99 99 99 99  4
  3  181 99  1 99 99 99 99  2 99 99 99 99 99 99 99 99
  3  182  3  1 99 99 99  4  2 99 99  5 99 99 99 99  6
  3  183 99  1 99 99 99 99  2 99  3  5 99 99  4 99 99
  3  184 99  1 99 99 99 99 99 99 99 99 99 99 99 99 99
  3  185 99  1 99 99 99  3 99 99  2 99 99 99 99 99 99
  3  186 99  1 99 99  2 99 99 99 99  3 99 99 99 99 99
  3  187 99  1 99 99  2 99 99 99 99  3 99 99 99 99 99
  3  188  2  1 99 99 99 99  3 99 99 99 99 99 99 99 99
  3  189 99  1 99 99 99 99 99 99 99 99 99 99 99 99 99
  3  190 99  1 99 99 99 99 99 99 99 99 99 99 99 99 99
  3  191 99  1 99 99 99 99  2 99  3 99 99 99 99 99 99
  3  192 99  1 99 99 99 99  3 99  4  2 99 99 99 99 99
  3  193  2  1 99 99 99 99 99 99 99 99 99 99 99 99 99
  3  194 99  1 99 99 99 99 99 99  2  3 99 99 99 99 99
  3  195 99  1 99 99 99 99  2 99 99 99 99 99 99 99 99
  3  196 99  1 99 99 99 99 99 99 99 99 99 99 99 99 99
  3  197 99  1 99 99 99 99 99 99  3  2 99 99 99 99 99
  3  198 99  1 99 99 99  3 99  2 99 99 99 99 99 99 99
  3  199 99  1 99 99 99 99  3 99 99 99 99 99  2 99 99
  3  200 99  1 99 99 99  7  2 99  5  6 99  3  4 99 99
  3  201 99  1 99 99 99 99  2  5  4  3 99 99 99 99 99
  3  202 99  1 99 99 99 99  2 99  3 99 99 99 99 99 99
  3  203 99 99 99  1 99 99 99  2 99 99 99  3 99 99 99
  3  204 99 99 99  1  6  2 99  3 99  7 99 99  4 99  5
  3  205 99 99 99  1 99  2 99 99 99 99  3 99  4 99 99
  3  206 99 99 99  1 99 99 99 99 99 99  2  3 99 99 99
  3  207  3 99 99  1 99  2 99  4 99 99 99 99 99 99 99
  3  208 99 99 99  1 99 99 99  2 99 99  3 99 99 99 99
  3  209  4 99 99  1 99  2 99  3 99 99 99 99 99 99 99
  3  210 99 99 99  1  4  2  3 99 99 99  5 99 99 99 99
  3  211  2  8  6  1  7  3  9 15  4 10  5 11 14 12 13
  3  212 99 99  7  1 99 99 99  2 99 99  3  5  6  4 99
  3  213 99 99  4  1 99 99 99  2 99 99 99 99 99  3 99
  3  214 99 99 99  1 99  2 99  3 99 99 99 99 99 99 99
  3  215 99 99 99 99  2 99 99  1 99 99 99 99 99 99 99
  3  216  9 10  6  2  8  7 11  1 12 13 14  3 15  4  5
  3  217 99 99 99 99  3 99 99  1  2 99  4 99 99 99 99
  3  218 99 99 99 99  2  3 99  1 99 99 99 99 99 99 99
  3  219 99 99 99 99  3 99 99  1 99 99  2 99 99 99 99
  3  220 99 99 99 99 99 99 99  1 99 99  2 99 99 99 99
  3  221 99  3 99 99  2  4  5  1  6  7 99 99 99 99 99
  3  222 99 99 99 99  3 99 99  1  2 99 99 99 99 99 99
  3  223 99 99 99 99 99 99 99  1 99 99 99  2 99 99 99
  3  224 99 99 99  2  3 99 99  1 99 99  4 99 99  5 99
  3  225 99 99 99 99  2 99 99  1 99 99 99 99 99 99 99
  3  226 99 99 99 99  2  3 99  1 99 99  4 99 99 99 99
  3  227 99 99 99 99 99  2 99  1  4 99  3 99 99 99 99
  3  228 99  2 99 99 99 99  3  1  5  4 99 99 99 99 99
  3  229  1 99 99 99 99 99 99 99 99 99  4 99 99  2  3
  3  230  1 99 99 99 99 99  2 99 99 99 99 99 99 99  3
  3  231  1 99  2 99 99 99 99 99 99 99 99 99  3 99 99
  3  232  1  3  7 99 99  2  6 99 99  8  5 99 99 99  4
  3  233  1 99  2 99  3 99  5 99 99 99  6 99  4 99 99
  3  234  1 99 99 99 99  2 99 99 99 99 99 99 99 99 99
  3  235  1 99 99 99 99 99  2 99 99 99 99 99 99 99 99
  3  236  1 99  2 99 99 99  3 99 99 99 99 99 99 99 99
  3  237  1 99 99  2 99  3 99 99 99 99 99 99 99 99 99
  3  238  1 99 99 99 99  2 99  3  4 99 99 99 99 99  5
  3  239  1 99  5 99  6 99 99 99  2  3 99 99  4 99 99
  3  240  1 99 99 99  3 99 99  2 99 99 99 99 99 99 99
  3  241  1 99 99  3 99  2 99 99 99 99  4 99 99 99 99
  3  242  1 99  3 99 99 99 99 99 99 99 99 99  2 99 99
  3  243  1 99 99 99 99 99 99 99 99 99 99 99 99 99 99
  3  244  1 99 99 99 99  2 99 99 99 99 99 99 99 99 99
  3  245  1  2  3 99 99 99  4  5 99  7 99 99  8 99  6
  3  246 99 99 99  1 99  2 99 99 99 99 99  3  4 99 99
  3  247  1  3  4 99  6  5 99 99  2 99 99 99 99 99 99
  3  248  1 99  2 99 99 99 99 99 99 99 99 99 99  3 99
  3  249  1  2 99 99 99 99  3 99 99 99 99 99 99 99 99
  3  250  1 99 99 99 99 99 99 99 99 99 99 99 99 99 99
  3  251  1 99 99 99 99 99 99 99 99 99  2 99  3 99 99
  3  252  1  2 99 99 99 99  3 99 99 99 99 99 99 99 99
  3  253  1  8  7  3 15  4  5  6  9 10 12 14 11 13  2
  3  254  1 99  2 99 99 99 99 99 99 99 99 99  3 99 99
  3  255  1 99  2  4 99 99 99 99 99 99 99 99  3 99 99
  3  256  1  2 99 99 99 99 99 99  4 99 99 99 99 99  3
  3  257  1 99  2 99 99 99 99 99 99 99 99 99 99 99  3
  3  258  1 99 99  4  3  5 99 99 99 99 99 99  2 99 99
  3  259  1 99 99  2  3 99 99 99 99 99 99 99  4 99 99
  3  260  1 99 99  2 99  3 99 99 99 99 99 99 99 99 99
  3  261  1 99 99 99 99 99 99  2 99 99 99  3 99 99 99
  3  262  1  3 99 99 99 99 99  4 99  2 99 99 99 99 99
  3  263  1 99  2 99 99 99 99 99 99 99 99 99  3 99 99
  3  264  1 99  2 99 99 99 99 99 99 99 99 99  3 99 99
  3  265 99  3 99 99 99 99 99  1 99 99  2 99 99 99 99
  3  266  5 17 10  3  2  4  8  1 11  9  6 15 14  7 12
  3  267 99 99 99 99  2 99 99  1 99 99 99 99 99 99 99
  3  268 99 99  2 99 99 99 99  1 99  4 99 99  3 99 99
  3  269 99 99 99 99  3  5 99  1  4 99  2 99 99 99 99
  3  270 99 99 99 99 99 99  2  1 99 99  3 99 99 99 99
  3  271 99  1 99 99 99 99 99 99 99 99 99 99 99 99 99
  3  272 99  1  6 99 99  8  2  7  4  3 99 99  5 99 99
  3  273 99  1 99 99 99  2  3 99  5  4 99 99 99 99 99
  3  274 99  1 99 99 99  2 99 99 99 99 99 99 99 99 99
  3  275  3  1  2 13  8 15  4  5  6 11 14  9  7 12 10
  3  276 99  1  2 99  3 99 99 99 99 99  4 99 99 99 99
  3  277 99  1 99 99 99 99 99 99  3  2 99 99 99 99 99
  3  278 99  1 99 99 99  2  3 99 99  4 99 99 99 99 99
  3  279  4  1  5 99 99 99  2 99  3 99 99 99 99 99 99
  3  280  5  1  7 99 99  2  3 99 99  4 99 99  6 99 99
  3  281  2  1 99  3 99 99 99 99 99 99 99 99  4 99 99
  3  282 99  1 99 99 99 99  2 99 99 99 99 99 99 99 99
  3  283 99  1 99 99 99  3 99 99 99  2 99 99 99 99 99
  3  284 99  1 99 99 99 99  2 99 99 99 99 99 99 99 99
  3  285 99  1 99 99 99 99 99 99 99 99 99 99  2 99 99
  3  286 99  1 99 99 99 99 99  2 99 99  4 99 99 99  3
  3  287 99  1 99 99 99 99 99 99 99 99 99 99 99 99 99
  3  288  3  1  2 99 99 99 99 99 99 99 99 99  4 99 99
  3  289  2  1 99 99 99 99 99 99 99  3 99 99 99 99 99
  3  290 99  1 99 99 99 99 99  2 99 99 99 99 99 99 99
  3  291 99  1 99 99 99 99 99 99 99 99 99 99 99 99 99
  3  292  4  1  5 99  3 99  2 99  7  6 99 99 99 99 99
  3  293  2  1 99 99 99 99 99 99 99 99 99 99 99 99 99
  3  294 99  1 99 99 99 99  2 99 99 99 99 99 99 99 99
  3  295 99 99 99 99 99 99 99  1 99 99 99  2 99 99 99
  3  296 99 99 99 99  2 99 99  1  3 99  4 99 99 99 99
  3  297 99  2  3 99 99  4 99  1 99 99 99 99 99 99 99
  3  298  5 99  2 99 99 99 99  1 99  3 99 99  4 99 99
  3  299 99 99 99 99 99 99 99  1 99 99  2 99 99 99 99
  3  300 99 99 99 99  2 99 99  1  4 99  3 99 99 99 99
  3  301 99 99 99 99  3 99 99  1 99 99 99 99 99  2 99
  3  302 99 99 99 99  3 99 99  1 99 99  2 99 99 99 99
  3  303 99 99 99 99 99  3  2  1 99 99 99 99 99 99 99
  3  304 99 99 99  3 99 99 99  1 99 99 99 99 99  2 99
  3  305 99 99 99 99 99  2 99  1 99 99 99 99 99 99  3
  3  306  5  6  3  2  7  4  8  1 14 11 10 15  9 13 12
  3  307 99 99  2 99 99 99  3  1 99 99 99 99 99 99 99
  3  308 99 99  3 99 99 99 99  1 99 99 99  2 99 99 99
  3  309 99 99 99 99  3 99 99  1  4 99  2 99 99 99 99
  3  310 99 99 99 99 99 99 99  1 99  3  2 99 99 99 99
  3  311 99 99 99 99 99 99 99  1 99  3 99 99 99  2 99
  3  312 99 99  4 99  2 99 99  1  3 99  5 99 99 99 99
  3  313 99 99 99 99 99 99 99  1 99 99 99  2 99 99 99
  3  314 99 99 99 99 99  3 99  1 99 99 99  2 99 99 99
  3  315 99 99 99 99  1  2 99  3 99 99 99 99 99 99 99
  3  316 99 99 99  3  1  2 99  5 99 99  4 99 99 99 99
  3  317 99 99 99 99  1 99 99  2 99 99 99 99 99 99 99
  3  318 99 99 99 99  1 99 99  5 99 99  2 99 99  4  3
  3  319 99 99  5 99  1 99  3  2 99  4  6 99 99 99 99
  3  320 99 99 99 99  1 99 99  3 99 99  2 99 99 99 99
  3  321 99 99 99 99  1 99 99 99  2 99  3 99 99 99 99
  3  322 99  4 99 99  1  5 99  2 99 99  3 99 99  6 99
  3  323 99 99 99 99  1  2 99 99 99 99 99 99 99 99 99
  3  324 99 99 99 99  1 99 99  2 99 99  4  3 99 99 99
  3  325 99 99 99 99  1  2 99  4 99 99  5 99 99 99  3
  3  326  6 99  7  2  1  3 99  8 99 99  4 99  5 99 99
  3  327 99 99 99  3  1 99 99 99 99 99  2 99 99 99 99
  3  328 99 99  3  2  1 99 99 99 99 99 99 99 99 99 99
  3  329 99 99 99  3  1 99 99 99 99 99 99 99 99  2 99
  3  330 99 99 99 99  1 99 99  2 99 99 99 99 99 99 99
  3  331  3 99 99 99  1 99 99  2 99 99 99 99 99 99 99
  3  332  3  8  9 13  1 14 11  2  7 12  4  5  6 10 15
  3  333 99 99 99 99  1  2 99 99 99 99  3 99 99 99 99
  3  334 99 99 99  3  1 99 99 99 99 99  2 99 99 99 99
  3  335 99 99 99 99  1 99 99  2 99 99  3 99 99 99 99
  3  336 99 99 99 99 99 99 99  1 99 99 99 99 99  2 99
  3  337 99 99 99  3 99  2 99  1 99 99 99 99 99 99 99
  3  338 99 99 99 99 99 99 99  1 99 99 99 99 99  2 99
  3  339 99 99 99 99  2 99 99  1 99 99  3 99 99 99 99
  3  340 99 99 99 99 99 99 99  1 99 99 99 99 99  2 99
  3  341 99 99 99 99 99  2 99  1 99 99  3 99 99 99 99
  3  342 99 99 99 99  2 99 99  1 99 99 99 99 99  3 99
  3  343 99 99 99 99  3 99 99  1 99 99  2 99 99 99 99
  3  344 99 99 99 99  2  3 99  1 99 99  4 99 99 99 99
  3  345 99 99 99 99 99 99 99  1 99 99  2  4 99  3 99
  3  346 99 99 99 99 99 99 99  1 99 99  2 99 99 99 99
  3  347 99 99 99 99 99  2 99  1 99 99 99  3 99 99 99
  3  348 99 99 99 99 99  2 99  1 99 99 99 99 99  3 99
  3  349 99 99 99 99 99  2 99  1 99 99 99 99 99  3 99
  3  350 99 99 99  4  2  3 99  1 99  7  5  6  8 99 99
  3  351  4  3 99 99 99 99  2  1 99 99  6 99 99 99  5
  3  352 99 99  2 99 99 99 99  1 99 99 99  3 99 99 99
  3  353 99 99  3  4  2 99 99  1  5 99  6 99 99  7 99
  3  354 99 99 99 99  3  2 99  1 99 99 99 99 99 99 99
  3  355 99 99  3 99 99 99 99  1 99 99  2 99 99  4 99
  3  356 99 99 99 99  4 99 99  1  3 99  2 99 99 99 99
  3  357 99 99 99 99  2 99 99  1  3 99  4 99 99 99 99
  3  358 99 99 99 99 99 99 99  1 99 99  2 99 99 99 99
  3  359 99 99 99 99  2  5 99  1  4 99  3 99 99 99 99
  3  360 99 99 99 99 99  3 99  1 99 99  2  4 99 99 99
  3  361 99 99 99  4  3  5 99  1  6 99  2 99 99  7  8
  3  362 99 99 99  2  4  5 99  1  9 99  3  6 99  7  8
  3  363 99 99  4  3 99  2 99  1 99 99 99 99 99 99 99
  3  364 99 99 99 99  3  2 99  1 99 99 99 99 99 99 99
  3  365  5  4 12 14  1  8  9  7  3 11 15  2 10 13  6
  3  366 99 99 99 99  1 99 99 99 99 99  2 99 99 99  3
  3  367 99 99 99 99  1 99 99 99 99 99 99 99 99 99 99
  3  368 99 99 99 99  1 99 99 99 99 99  2 99 99 99 99
  3  369 99 99 99 99  1  6  5  2 99 99  3 99 99  4 99
  3  370  4 99 99 99  1 99 99  2 99 99  5 99 99  3 99
  3  371 99 99 99  2  1 99 99 99 99 99  3 99 99 99  4
  3  372 99 99 99 99  1 99 99 99  3 99 99 99 99 99 99
  3  373 99 99 99 99  1 99  2 99 99 99  3 99 99 99 99
  3  374  3 14 11 10  1  2  4  5 12 15  8  9  7 13  6
  3  375 99 99 99 99  1  2 99  3 99 99 99 99 99 99 99
  3  376 99 99 99 99  1 99 99 99 99 99 99 99 99 99 99
  3  377 99 99  9  3  1  4 99  6 99 99  7  8 99  2  5
  3  378 99 99 99 99  1 99 99 99 99 99  2 99 99 99 99
  3  379  8 15 12  7  1 11  2  3 13 14  4 10  6  5  9
  3  380 99 99 99 99  1  3 99 99 99 99  2 99 99 99 99
  3  381 99 99  5 99  1  2 99 99 99 99  3 99 99 99 99
  3  382 99 99  3 99  1  2 99 99 99 99  4  5 99 99 99
  3  383 99 99 99 99  1 99 99 99 99 99 99 99 99 99 99
  3  384 99 99 99 99  1  2 99 99 99 99 99 99 99  3 99
  3  385 99 99 99 99  1  2 99 99 99 99  3  4 99 99 99
  3  386 99 99 99 99  1 99 99  3 99 99  2 99 99  4 99
  3  387 99 99 99  4  1  2 99  6 99 99  3 99 99  5 99
  3  388 99 99 99 99  1 99 99  3 99 99 99 99 99  2 99
  3  389 99 99 99 99  1 99 99  2 99 99  3  4 99 99 99
  3  390 99 99 99 99  1  2  5  4 99 99 99 99 99  3 99
  3  391  7 99  9 99  1  5  8  2 99 99  3 99  4 99  6
  3  392 99 99 99 99 99  1  3  7  2 99 99 99  4  6  5
  3  393  4 99 99  2  1 99 99  3 99 99 99 99 99 99 99
  3  394 99  3 99 99  1 99  2 99 99 99 99 99 99 99 99
  3  395 99 99 99 99  1  2 99  6 99 99  4  5 99  3 99
  3  396 99 99 99  3  1  5 99 99 99 99  2 99  4 99 99
  3  397 99 99 99 99  1 99 99  2  3 99 99 99 99 99 99
  3  398  6  7  8 99  1  2  4  3  4  9 99 12 11  5 10
  3  399 99 99 99 99  1  2 99 99 99 99 99 99 99  3 99
  3  400  5  7  9  8  1  4  6  3 10 11  2 15 14 12 13
  3  401 99 99  5  4  1 99 99  3 99 99  2 99 99 99 99
  3  402 99 99 99 99  1  2 99  3 99 99 99 99 99  4 99
  3  403 99 99 99 99  1  3 99 99 99 99  2 99 99 99 99
  3  404 99 99 99  4  1  5 99  3 99 99  2 99 99 99 99
  3  405 99 99 99 99  1 99 99  2 99 99 99 99  3 99 99
  3  406 99 99 99 99  1  4 99  2 99 99  3  5 99 99 99
  3  407 99 99 99 99  2 99 99  1  3 99  4 99 99 99 99
  3  408  6 99 99 99  2  5 99  1 99 99  3 99  4 99 99
  3  409 99 99 99 99  3 99 99  1  4 99  2 99 99 99 99
  3  410  2 99 99  3 99 99 99  1 99 99 99 99 99 99 99
  3  411 99 99 99 99 99 99 99  1 99 99  3 99 99  2 99
  3  412 99 99 99 99  2 99 99  1 99 99  3 99 99 99 99
  3  413 99 99 99 99  2 99 99  1 99 99  3  4 99 99 99
  3  414 99 99 99 99  4  5 99  1  2 99  3 99 99 99 99
  3  415 99 99 99 99 99  2 99  1 99 99  3 99 99  4 99
  3  416 99  3 99  5  4  2  1  6 99 99 99 99 99  7 99
  3  417 99 99 99 99 99  2  1  4 99 99 99  3 99 99 99
  3  418 99 99 99 99 99  3  1 99 99 99 99 99  2 99 99
  3  419 99 99 99 99 99 99  1  3 99  2 99 99 99 99 99
  3  420  2 99  3 99 99 99 99  1 99 99 99 99 99 99 99
  3  421 99 99 99  2 99  3 99  1 99 99 99 99 99  4  5
  3  422 99 99 99 99 99  2 99  1 99 99 99 99 99  3 99
  3  423 99 99 99 99 99  2 99  1 99 99  3 99 99 99 99
  3  424 99 99 99 99 99  2 99  1 99 99  3 99 99 99 99
  3  425 99 99 99 99 99 99 99  1 99 99  2 99 99  3 99
  3  426 99 99 99 99  3  2 99  1  4 99 99 99 99 99 99
  3  427 99 99 99 99 99 99 99  1 99 99  2 99 99 99 99
  3  428 99 99 99 99 99  2 99  1 99 99 99 99 99 99 99
  3  429 99 99 99 99  2 99 99  1 99 99  3 99 99  4 99
  3  430 99 99 99 99 99 99 99  1 99 99 99 99 99 99 99
  3  431 99 99 99  5  2  4 99  1  3 99 99 99 99  6 99
  3  432 99 99 99 99 99 99 99  1 99 99  2 99 99 99 99
  3  433 99 99 99 99  2 99 99  1  4 99  3 99 99 99 99
  3  434 99 99 99 99 99 99 99  1 99 99 99 99 99 99 99
  3  435 99 99 99 99 99 99 99  1 99 99  2 99 99 99 99
  3  436  2 99 99 99 99  3 99  1 99 99 99 99 99 99 99
  3  437 99 99 99 99 99  3 99  1 99 99  2 99 99 99 99
  3  438 99 99 99  4  2 99 99  1 99 99  3  5 99  6 99
  3  439 99 99 99 99 99 99 99  1  2 99 99  3 99 99 99
  3  440 99 99 99 99  2 99 99  1  4 99  3 99 99 99 99
  3  441 99 99 99 99 99 99 99  1 99 99 99 99 99 99 99
  3  442 99 99 99  3 99 99 99  1 99 99  2 99 99 99 99
  3  443 99 99 99 99 99 99 99  1 99  2 99  3 99 99 99
  3  444 99 99 99 99  3  2 99  1 99 99 99 99 99  4 99
  3  445 99 99 99  2  5  4  1  3 99 99 99 99 99 99 99
  3  446 99 99 99 99 99  3  1 99 99  2 99 99 99 99 99
  3  447 99 99 99 99 99  3  1 99 99  2 99 99 99 99 99
  3  448 99  4  6  3 99 99  1 99 99  2 99 99  5 99 99
  3  449 99  2 99 99 99 99  1  3 99  4 99 99 99 99 99
  3  450 99 99 99 99 99 99  1 99 99 99 99 99 99 99 99
  3  451 99 99 99 99 99 99  1  2 99 99 99  3 99 99 99
  3  452 99 99 99 99 99 99  1 99 99 99  2 99 99  3 99
  3  453 99 99 99 99 99 99  1 99 99 99 99 99 99 99 99
  3  454  2 99 99  3 99 99  1 99 99 99 99 99 99 99 99
  3  455 99 99 99 99 99  2  1 99 99 99 99 99 99 99 99
  3  456 99 99 99 99  2 99  1 99 99 99 99  3 99 99 99
  3  457 99 99 99 99 99 99  1  2 99 99 99 99 99 99  3
  3  458  4 10  3  2  9  5  1 11 12 13 15 14  6  7  8
  3  459  5 99 99 99 99  2  1 99 99  3  4 99 99 99 99
  3  460  2  4  3 99 99  5  1 99 99 99 99 99  6 99  7
  3  461 99 99  4  5  7  6  1  8 99 99  2  3 99 99 99
  3  462 99  2 99 99 99  3 99 99 99  1 99 99 99 99 99
  3  463 99 99 99  5 99  3 99 99 99  1  4 99 99  2 99
  3  464 10 11  9  5 14  4  3  8 12  1  7  6  8  2 13
  3  465 99 99 99 99 99 99 99 99 99  1 99 99 99 99 99
  3  466 99 99 99 99 99 99 99 99 99  1 99 99 99 99 99
  3  467 99 99 99 99 99 99 99 99  2  1  3 99 99 99 99
  3  468 99  2 99 99 99 99  3 99  4  1 99 99 99 99 99
  3  469  5  4  6  7  8  9  3  2  4  1 10 11 12 13 14
  3  470 99 99 99 99  2  3 99 99 99  1 99 99 99 99 99
  3  471 99 99 99 99 99  3 99 99 99  1 99 99 99  2 99
  3  472 99  3 99 99 99 99  2 99 99  1 99 99 99 99 99
  3  473 99 99 99 99 99 99 99 99 99  1  2 99 99  3 99
  3  474 99 99 99  4 99  3 99  2  1 99 99 99 99 99 99
  3  475 99 99 99 99 99 99 99  3  1 99 99 99 99  2 99
  3  476 99  5 99 99 99  3 99  4  1 99 99  2 99 99 99
  3  477  7 99 99 99 99  4 99 99  1  2 99  3  6  5 99
  3  478 99 99 99 99 99 99 99 99  1 99 99 99 99 99 99
  3  479 99  3 99 99 99 99 99 99  1  2 99 99 99 99 99
  3  480 99 99 99 99 99 99 99 99  1 99 99 99 99 99 99
  3  481 99  4 99 99 99 99 99  3  1  2 99 99 99 99 99
  3  482 99 99 99 99 99 99 99  2  1 99 99  3 99 99 99
  3  483 99 99 99 99 99 99 99 99  1 99 99 99 99 99 99
  3  484  7 99 99 99 99  4 99 99  1  2 99  3  6  5 99
  3  485 99 99  5  6 99 99 99  2  1  7  3 99 99  4 99
  3  486 99 99  5  6 99 99 99  2  1 99  3 99 99  4 99
  3  487 99 99  5  6 99 99 99  2  1  7  3 99  4 99 99
  3  488 99 99 99 99 99  2 99  5  1 99 99  3 99  4 99
  3  489 99 99 99 99 99  3 99 99  1 99 99  2 99 99 99
  3  490 99 99 99 99 99  2 99 99  1 99 99  3 99 99 99
  3  491  4  2  3 99 99 99  1 99 99 99 99 99  5 99  6
  3  492  2  3 99 99 99 99  1 99 99 99 99 99 99 99 99
  3  493  4  5  3 99 99 99  1 99 99 99 99 99 99 99  2
  3  494  3 99 99 99 99  2  1 99 99 99 99 99 99 99 99
  3  495 99  3 99  2 99 99  1 99 99 99 99 99 99 99 99
  3  496  2  7  3 99 99  6  1 99 99 99 99 99  5 99  4
  3  497 99 99 99  4 99  3  1 99 99  2 99 99 99 99 99
  3  498 99 99  3 99 99 99  1 99 99 99 99 99 99 99  2
  3  499  3 99  4 99 99 99  1 99 99 99 99 99  5 99  2
  3  500 12 14 10  2 13  3  1  9 15  4  7 11  8  6  5
  3  501 99 99 99 99 99 99  1 99  2  3 99 99 99 99 99
  3  502 99  3  6 99 99  5  1  2 99 99 99 99  4 99 99
  3  503 99  2 99 99 99 99  1 99  3 99 99 99 99 99 99
  3  504 99 99 99 99 99 99  1 99 99 99 99 99 99 99 99
  3  505  2  3  4 99 99 99  1 99  6  5 99 99 99 99 99
  3  506 99 99 99 99  3 99  1 99 99 99 99 99 99 99  2
  3  507 99  2 99 99 99  3  1 99 99 99 99 99 99 99 99
  3  508 99  2 99 99 99 99  1 99 99 99 99 99 99 99 99
  3  509 99  2 99 99 99 99  1 99 99 99 99 99  3 99 99
  3  510 99 99 99 99  3 99  1  2 99 99 99 99 99 99 99
  3  511 99 99 99 99  2 99  1  3 99 99 99 99 99 99 99
  3  512  2  3  5 15  8 16  1  4  7  9 13 14 11 12 10
  3  513 99 99 99 99  3  2 99  4 99 99  1 99 99 99 99
  3  514 99 99 99 99 99 99  2 99 99 99  1 99 99 99  3
  3  515 99 99 99 99 99  4 99 99 99 99  1  3  2  5 99
  3  516 99 99 99 99 99  3 99 99 99 99  1 99 99 99  2
  3  517 99 99  5  4 99 99  3 99  2 99  1  7 99  6 99
  3  518 99 99 99 99 99 99  2 99 99 99  1 99 99 99 99
  3  519  3 99 99  2 99 99 99 99 99 99  1 99 99 99 99
  3  520 99 99  3 99  2 99 99 99 99 99  1 99 99 99 99
  3  521 99 99 99 99 99  3 99  2 99 99  1 99 99 99 99
  3  522 11  4 14 15 13  5  3 12 10  2  1  8  9  6  7
  3  523 99 99 99  2 99  3 99 99 99 99  1 99 99 99 99
  3  524 99 99 99  2  3 99 99 99 99 99  1  4 99 99 99
  3  525 99 99 99 99 99  2 99  3 99 99  1 99 99 99 99
  3  526 99 99 99 99 99 99 99  2 99 99  1  3 99 99 99
  3  527 99 99  6  4  2  3 99  5 99 99  1 99  7  8 99
  3  528 99 99 99 99  3  2 99 99 99 99  1 99 99  4 99
  3  529 12 11  4  5 99  2 10  3 13 14  1  9  6  7  8
  3  530 99 99 99 99 99 99 99 99 99 99  1  2 99  3 99
  3  531 99 99 99 99 99 99 99  2 99 99  1 99 99 99 99
  3  532 99 99 99 99  4  3 99  5 99 99  1 99 99  2 99
  3  533 99 99 99 99 99 99 99  2 99  3  1 99 99 99 99
  3  534 99 99 99 99  2 99 99 99 99 99  1  3 99  4 99
  3  535 99 99 99 99 99  2 99 99 99  3  1 99 99 99 99
  3  536 99 99  6  2 99 99  4  5 99 99  1 99 99  3 99
  3  537 99 99 99 99  3  2 99 99 99 99  1 99 99 99 99
  3  538 99 99  6  2 99 99  4  5 99 99  1 99 99  3 99
  3  539 99 99 99 99  3  2 99 99 99 99  1 99 99 99 99
  3  540 99 99 99  3 99  2 99 99 99 99  1 99 99 99 99
  3  541  7 99 99 99 99  2 10  5 99 99  1  4  3  6  9
  3  542 99 99 99 99  3  2 99  4 99 99  1 99 99 99 99
  3  543 99 99 99  3 99 99 99 99 99 99  1 99 99  2 99
  3  544 99 99 99 99  2  3 99  4 99 99  1 99 99 99 99
  3  545 99 99 99  3 99  2 99 99 99 99  1 99 99 99 99
  3  546 99 99 99 99  2  3 99 99 99 99  1 99 99 99 99
  3  547  4 99 99  2  7  3  5 99 99  6  1 99 99  8 99
  3  548 99 99 99 99 99  3 99  2 99  4  1  5 99 99 99
  3  549 99 99 99  2 99  3 99 99 99 99  1 99 99 99 99
  3  550 99  4 99 99 99 99 99 99 99 99  1  3  2  5 99
  3  551 99 99 99 99 99  3 99 99 99 99  1 99 99  2 99
  3  552 99 99 99 99 99  2 99 99 99 99  1  3 99 99 99
  3  553 99 99  3  5  4  6 99  2 99 99  1 99 99 99 99
  3  554 99 99 99  3 99  2 99 99 99 99  1 99 99 99 99
  3  555 99 99 99 99 99  3 99 99 99 99  1 99 99  2 99
  3  556 99 99 99  2 99 99 99  3 99 99  1 99 99 99 99
  3  557 99 99 99 99 99  2 99 99 99 99  1 99 99 99 99
  3  558 99 99 99  2 99  4 99 99 99 99  1 99 99  3 99
  3  559 99 99 99 99  3 99 99 99 99 99  1 99 99  2 99
  3  560 99 99 99 99 99 99 99  2 99 99  1 99 99 99 99
  3  561 99 99  5 99 99  6 99  2 99 99  1 99 99  4  3
  3  562 99 99 99  6  7  8  9 99  5  1  4 10 11  2  3
  3  563 99 99 99  3 99  2 99 99 99  1  4  5 99 99 99
  3  564 99 99 99  3  4  6  5  7 99  1  8 99 99  2 99
  3  565 99 99 99 99 99 99  2 99 99 99  1 99 99 99 99
  3  566 99 99 99 99  2 99 99 99 99 99  1 99 99 99 99
  3  567 99  2 99 99 99  3 99 99 99 99  1 99 99 99 99
  3  568 99 99 99 99 99 99 99 99 99 99  1 99 99 99 99
  3  569 99 99  4  3  5 99 99  2 99 99  1 99 99 99 99
  3  570  2  4 99  3 99 99 99 99 99 99  1 99 99 99 99
  3  571 99 99 99 99  2  3 99 99 99 99  1 99 99  4 99
  3  572 99 99  4  2 99  3 99 99 99 99  1 99 99  5 99
  3  573 99 99 99  2 99 99 99 99 99 99  1  5  3  4 99
  3  574 99 99 99  2 99 99 99  3 99 99  1 99 99 99 99
  3  575 99 99 99  6  4  3 99  5 99 99  1 99 99  2 99
  3  576 99 99 99 99 99 99 99 99 99 99  1 99 99 99 99
  3  577 99 99 99 99 99  3 99 99 99 99  1  4 99  2 99
  3  578 99 99 99 99 99 99 99 99 99 99  1 99 99 99 99
  3  579 99 99 99 99 99 99 99 99 99 99  1  2 99  3 99
  3  580 99 99 99 99  3 99 99  2 99 99  1 99 99 99 99
  3  581 99 99 99 99 99  6 99  5 99 99  1  4 99  3  2
  3  582 99 99  6  2  3  4 99 99 99 99  1  7 99  5 99
  3  583  5 99  6  7 99  2  8 99 99 99  1  3  9  4 99
  3  584 99 99  2 99 99 99 99  3 99 99  1 99 99 99 99
  3  585 99 99 99 99 99 99 99 99 99 99  1 99 99  2 99
  3  586 99 99 99  2 99  3 99  4 99 99  1 99 99 99 99
  3  587 99 99  2 99  3 99 99 99 99 99  1 99 99 99 99
  3  588 99 99 99 99 99  4 99  3 99 99  1  2 99 99 99
  3  589 99 99 99  4  2 99 99 99 99 99  1 99 99  3 99
  3  590 99 99 99 99  2 99 99  3 99 99  1 99 99 99 99
  3  591 99 99 99 99  2  3 99 99 99 99  1 99 99  4 99
  3  592 99 99 99 99 99  3 99 99 99 99  1  2 99 99 99
  3  593 99 99 99 99 99  2  3 99 99 99  1 99 99  4 99
  3  594  7 99 99  8  3  4 99  2 99 99  1  6 99  5 99
  3  595 99 99  5 99 99  4 99  3 99  6  1  7 99  2 99
  3  596 99 99 99  3  2  4 99 99 99 99  1 99 99 99 99
  3  597 99 99 99 99 99  2 99 99 99 99  1 99 99  3 99
  3  598 99  3 99 99 99 99 99  2 99 99  1 99 99 99 99
  3  599 99 99 99 99 99  3 99 99 99 99  1 99 99  2 99
  3  600 99 99 99 99 99  3 99  2 99 99  1 99 99 99 99
  3  601 99 99  4  5  2 99 99  3 99 99  1 99 99  6 99
  3  602 99 99 99 99  3  4 99 99 99 99  1  2 99 99  5
  3  603 99 99 99 99  3  4 99  2 99 99  1 99 99 99 99
  3  604 99 99 99 99 99  2 99 99 99 99  1  3 99 99 99
  3  605 99 99  3 99  2 99 99 99 99 99  1 99 99 99 99
  3  606 99 99 99 99  2  3 99 99 99 99  1 99 99 99 99
  3  607 99 99 99 99 99 99 99 99 99 99  1 99 99 99 99
  3  608 99 99 99  3 99  2 99  4 99 99  1 99 99 99 99
  3  609 99 99 99 99 99 99 99 99 99 99  1 99 99 99 99
  3  610 99 99 99 99 99 99 99  3 99 99  1 99 99  2 99
  3  611 99 99 99 99 99 99 99 99  3 99  1 99 99  2 99
  3  612 99 99  4  5  6  2 99  3 99 99  1 99  7  8 99
  3  613 99 99  4  3 99  2 99 99 99 99  1 99 99 99 99
  3  614  2 11 10  3  5 14  4  6  7  9  1  8 15 12 13
  3  615 99 99  1 99 99 99 99 99  2 99 99 99  3 99 99
  3  616  1 99  1  1 99  1 99 99 99 99 99 99 99 99 99
  3  617 99 99 99 99  1 99 99 99 99 99 99 99 99 99 99
  3  618 99 99 99 99 99  1 99 99 99 99 99 99 99 99 99
  3  619  2  2  1  2  2  1  2  1  2  2  1  2  2  1  1
  3  620 99 99  1  1  1  2 99 99 99 99  2  1  1 99 99
  3  621 99 99 99 99  2 99 99  1 99 99  3  4 99 99 99
  3  622 99 99 99  2 99 99 99  1 99 99 99 99 99 99 99
  3  623 99 99 99 99 99 99 99  1 99 99 99  2 99 99 99
  3  624 99 99 99 99 99  2 99  1 99 99 99 99 99  3 99
  3  625 99 99 99 99 99  3 99  1 99 99  2 99 99  4 99
  3  626 99 99  7  3  5 99 99  1  6 99  2 99 99  4 99
  3  627  2 99 99 99 99 99 99  1 99 99 99 99 99 99 99
  3  628 99 99 99  3  2 99 99  1 99 99 99 99 99 99 99
  3  629 99 99 99  4 99 99 99  1 99  3  2 99 99 99 99
  3  630 99 99 99 99  4 99 99  1  2 99  3 99 99 99 99
  3  631 99 99 99 99  2 99 99  1  4 99  3 99 99 99 99
  3  632 99 99 99 99 99  4 99  1 99 99 99 99  3  2 99
  3  633 99 99 99 99 99 99 99  1 99 99 99 99 99 99 99
  3  634 99 99 99 99  3  2 99  1 99 99  5  6 99  4  7
  3  635 99 99 99 99 99 99 99 99 99 99 99  1 99  2 99
  3  636 99 99 99 99 99  3 99  2 99 99 99  1 99 99 99
  3  637 99 99 99 99 99 99 99 99 99 99 99  1 99 99 99
  3  638 99 99  2  3 99  4 99 99 99 99 99  1  5 99 99
  3  639 99 99 99 99 99 99 99 99 99 99 99  1 99 99 99
  3  640 99 99 99 99 99 99 99 99  2 99  1 99 99 99 99
  3  641  3 99 99 99 99  2 99 99 99 99 99  1 99 99 99
  3  642 99 99 99  5 99  4 99  3 99 99  2  1 99 99 99
  3  643 99 99 99 99 99 99 99  2 99 99 99  1  3 99 99
  3  644 99 99 99 99 99 99 99 99 99 99 99  1 99  2 99
  3  645 99 99 99 99 99 99 99  2 99 99 99  1 99 99 99
  3  646  3 99 99 99 99  2 99  4 99 99 99  1 99 99 99
  3  647 99 99 99 99 99 99 99 99 99 99 99  1 99 99 99
  3  648 99 99 99  4  3  2  6  9 10  7  5  1  8 11 12
  3  649 99 99 99 99 99  2 99  1 99 99 99  3 99 99 99
  3  650 99 99 99 99 99 99 99  1  2 99  3 99 99 99 99
  3  651 99 99 99 99  2 99 99  1  4 99  3 99 99 99 99
  3  652 99 99 99 99  3 99 99  1 99 99  2 99 99 99 99
  3  653 99 99 99  2  3 99 99  1 99 99 99 99 99 99 99
  3  654 99 99 99 99 99 99 99  1 99 99  2 99 99 99 99
  3  655 99 99 99 99 99 99 99  1 99 99 99 99 99 99 99
  3  656 99 99 99 99 99 99 99  1 99 99  2 99 99  3 99
  3  657 99 99 99 99  3 99 99  1  4 99  2 99 99 99 99
  3  658 99 99  4  5 99  2 99  1 99 99 99 99 99  3 99
  3  659 99 99 99 99 99 99 99  1 99 99 99  2 99 99 99
  3  660 99 99 99 99  2 99 99  1 99 99 99  3 99 99 99
  3  661 99 99 99  6  2  5 99  1 99 99  3  4 99 99 99
  3  662 99 99 99 99  3  4 99  1 99 99  2 99 99 99 99
  3  663 99 99 99  3  2  5 99  1 99 99  4 99 99 99 99
  3  664 99 99 99 99 99 99 99  1 99 99 99 99 99 99 99
  3  665 99 99 99 99  4 99 99  1  3 99  2 99 99 99 99
  3  666 99 99  6 99  4  3 99  1 99 99  2  8 99  5  7
  3  667  3 99 99 99 99 99  2  1 99 99 99 99 99 99 99
  3  668 99 99 99 99 99 99 99  1 99 99 99 99  2 99  3
  3  669 99 99 99 99 99  2 99  1 99 99 99  3 99 99 99
  3  670 99 99 99  2 99 99 99  1 99 99  3 99 99 99 99
  3  671 99 99 99 99 99 99 99  1 99 99 99 99 99 99 99
  3  672 99 99 99 99 99  4 99  1 99 99 99  2 99  5  3
  3  673 99  3 99 99 99  2 99  1 99 99 99 99 99 99 99
  3  674 99 99 99 99  3 99 99  1 99 99  2 99 99 99 99
  3  675 99 99 99 99 99  2 99  1 99 99 99  4 99  3 99
  3  676  3 99 99 99 99  2 99  1 99 99 99 99 99 99 99
  3  677 99 99 99 99 99 99 99  1  2 99 99  3 99 99 99
  3  678 99 99 99  4  2  5 99  1 99 99 99  3 99 99 99
  3  679 99 99 99 99  2 99 99  1  4 99  3 99 99 99 99
  3  680 99 99 99 99 99 99 99  1 99 99 99 99 99 99 99
  3  681 99 99  4  5 99  3 99  1 99 99  2 99 99  6 99
  3  682 99 99 99 99  3 99 99  1 99 99 99 99 99  2 99
  3  683  6 13 14  3  5  2 15  1 12 11  4 10  9  8  7
  3  684 99 99  3 99 99  2 99  1 99 99  4 99 99  5 99
  3  685 99  1 99 99 99 99  1  1 99 99 99 99 99 99  1
  3  686 99 99 99  1  1  1  1  1  1  1  1  1  1  1  1
  3  687  1 99 99  1 99 99 99  1 99 99  1 99 99  1  1
  3  688 99 99 99  1  1  1  1  1  1  1  1  1  1  1  1
  3  689  2 99 99 99 99  4 99  5 99  6  3 99 99  1 99
  3  690 99 99 99  2 99  3 99 99 99 99 99 99 99  1 99
  3  691 99 99 99 99 99  2 99  3 99 99 99 99 99  1 99
  3  692 99 99 99  7  9  2  6  5 11 99  3  8 10  1  4
  3  693  5 99 99 99 99  4 99  3 99  6 99  2 99  1 99
  3  694 99 99 99 99 99  2 99  3 99 99 99 99 99  1 99
  3  695 99 99 99 99 99  2 99 99 99  3 99 99 99  1 99
  3  696 99 99 99 99 99  3 99 99 99 99  2 99 99  1 99
  3  697 99 99 99 99  2 99 99 99 99 99 99 99 99  1 99
  3  698 99 99 99 99 99 99 99 99 99 99 99  2 99  1 99
  3  699 99  3 99 99 99 99  2 99 99 99 99 99 99 99  1
  3  700 99 99  2 99 99 99  4 99 99  5 99 99  3 99  1
  3  701 99 99 99 99 99  3 99 99 99 99 99  2 99 99  1
  3  702 99 99 99 99 99 99  2 99 99 99 99 99 99  3  1
  3  703 99 99 99 99 99 99 99 99 99 99  3  2 99 99  1
  3  704 10  4 11  3 12  5 13  6 15 14  2  9  8  7  1
  3  705 99 99 99 99 99 99 99 99 99 99 99 99 99  2  1
  3  706 99 99 99 99 99  3 99  2 99 99 99 99 99 99  1
  3  707  4  3  2 99 99 99 99 99 99 99 99 99 99 99  1
  3  708 99 99 99 99 99 99 99 99 99 99  2 99 99 99  1
  3  709 99 99 99 99 99 99  2 99 99 99 99 99 99 99  1
  3  710 99 99 99 99 99  2  3 99 99 99 99 99 99 99  1
  3  711 99 99  4  5 99 99 99 99 99 99  3 99 99  2  1
  3  712 99  3 99 99 99 99  2 99 99  5  4 99 99 99  1
  3  713  3 99 99 99  6  4 99  5 99  7  2 99  1 99 99
  3  714 99 99 99 99 99 99 99  2 99 99 99 99  1 99 99
  3  715  2  6  3 99 99 99  4 99 99 99 99 99  1 99  5
  3  716  5 99  2 99 99 99  3 99  6 99 99 99  1 99  4
  3  717  2 99 99 99 99  3 99 99 99 99 99 99  1 99 99
  3  718 99 99 99  3 99 99 99 99 99 99 99  2  1 99 99
  3  719 99 99  3 99 99  2 99 99 99 99 99 99  1 99 99
  3  720 99 99 99 99 99  3  2 99 99 99 99 99  1 99 99
  3  721 99 99 99 99  4  3 99 99 99 99  2 99  1 99 99
  3  722 99 99 99 99 99  3 99 99 99 99  2 99  1 99  4
  3  723  5 99 99  3 99  4 99  2 99 99 99 99  1 99 99
  3  724 99  2 99 99 99  3 99 99 99 99 99  1 99 99 99
  3  725 99 99 99  4  2 99 99  3 99 99 99  1 99 99 99
  3  726 99 99 99 99 99 99 99  3  2 99 99  1 99 99 99
  3  727 99 99 99 99  3 99 99 99 99 99  2  1 99 99 99
  3  728 99 99 99 99 99 99 99  2 99 99 99  1 99 99 99
  3  729 99 99 99 99 99 99 99 99 99 99 99  1 99 99 99
  3  730 99 99 99 99 99 99 99 99  2 99 99  1 99 99 99
  3  731 99 99 99 99  5  3 99  2 99 99  4  1 99 99 99
  3  732 99 99 99 99 99  2 99 99 99 99 99  1 99 99 99
  3  733 99 99 99 99 99  2 99  3 99 99 99  1 99 99 99
  3  734 99 99 99 99 99  3 99 99 99 99 99  1 99  2 99
  3  735 99 99 99  3 99 99 99  2 99 99 99  1 99 99 99
  3  736 99 99  3 99 99  2 99 99 99 99 99  1 99 99 99
  3  737 99 99  2 99 99 99 99  3 99 99 99  1 99 99 99
  3  738 99 99 99  2 99 99 99 99 99 99 99  1  3 99 99
  3  739 99 99 99 99 99  1 99 99 99 99  2 99 99 99 99
  3  740 99 99 99  3  2  1 99 99 99 99 99 99  4 99 99
  3  741 99 99 99 99 99  1 99 99 99 99 99 99 99 99 99
  3  742  2 99  3 99 99  1 99 99 99 99 99 99 99 99 99
  3  743 99 99 99 99 99  1 99  4 99  2 99 99 99  3 99
  3  744 99 99 99  5  2  1  4  9 10  6  3  7  8 11 12
  3  745 99 99 99 99 99  1 99 99  5 99  4  3  2 99  6
  3  746 99 99 99 99 99  1 99  2 99 99 99  3 99 99 99
  3  747 99 99 99  3  2  1  5  9 10  6  4  7  8 11 12
  3  748 99 99 99  2  5  1 10 12 11  4  3  6  7  8  9
  3  749 99 99 99 99 99  1 99  2 99 99 99 99 99  3 99
  3  750 99 99  4  3  5  1 99 99 99 99 99 99  2 99 99
  3  751 99 99  6  5 99  2 99  3 99 99  4 99 99  1 99
  3  752 99 99  4  5 99  6 99  2 99 99  3 99 99  1 99
  3  753 99 99 99  2 99 99 99 99 99 99 99 99 99  1 99
  3  754 99 99 99 99 99 99 99 99 99 99 99 99 99  1 99
  3  755 99 99 99 99 99 99 99 99 99 99 99 99 99  1 99
  3  756 99 99 99 99 99 99 99  2 99  3 99 99 99  1 99
  3  757 99 99 99 99 99 99 99 99 99 99 99 99 99  1 99
  3  758 99 99 99 99  2 99 99 99 99 99  3 99 99  1 99
  3  759 99 99 99 99 99  2 99 99 99 99  3 99 99  1 99
  3  760 99 99  7  5  4  2 99  3 99 99  6  8 99  1 99
  3  761 99 99 99  3  4 99 99 99 99 99  2 99  5  1 99
  3  762 99 99 99 99 99  4 99  2 99  3 99 99 99  1 99
  3  763 99 99 99  3 99 99 99 99 99 99  2 99 99  1 99
  3  764 99 99  4  3 99  2 99 99 99 99 99 99 99  1 99
  3  765 99 99 99  2  3 99 99 99 99 99 99 99 99  1 99
  3  766 99 99 99 99  2 99 99 99 99 99 99 99 99  1 99
  3  767 99 99 99 99 99  3 99 99 99 99  2 99 99  1 99
  3  768 99 99 99 99 99 99 99 99 99 99 99 99 99  1 99
  3  769 99 99 99 99 99  2  3 99 99 99 99 99 99  1 99
  3  770 99 99 99 99 99 99 99  2 99 99 99 99 99  1 99
  3  771 99 99  2 99 99 99 99  3 99  4 99 99  5  1 99
  3  772 99 99 99  2 99  3 99 99 99 99 99 99 99  1 99
  3  773 99 99 99 99 99 99 99  3 99  2 99 99 99  1 99
  3  774 99 99 99 99 99  2 99 99 99  3 99 99 99  1 99
  3  775 99 99 99 99  6  3 99 99 99  5  4 99 99  1  2
  3  776 99 99 99 99 99 99 99 99 99 99 99 99 99  1 99
  3  777 99 99 99 99 99 99 99 99 99  2  3 99 99  1 99
  3  778 99 99 99 99 99 99 99  3 99 99  2  4 99  1 99
  3  779 99  4 99 99 99  3 99  2 99 99 99 99 99  1 99
  3  780  8 99 99  3  6  2 99  7 99  5  4 99 99  1 99
  3  781 99 99 99 99 99 99 99  3 99  5  4  2 99  1 99
  3  782 99 99 99 99 99 99 99  2 99 99 99 99 99  1 99
  3  783 99 99 99 99 99 99 99  2 99 99 99 99 99  1 99
  3  784 99  5 99  3 99 99  4 99 99 99  2 99 99  1 99
  3  785 99 99 99  3  4 99 99  5 99 99  2 99 99  1 99
  3  786  9 13 10  4 12 11  6  5 15  8 14  2  7  1  3
  3  787 99 99 99 99 99 99 99 99 99 99 99 99 99  1 99
  3  788 99 99 99 99 99 99 99 99 99 99  2  3 99  1 99
  3  789 99 99 99 99 99  2 99 99 99 99 99 99 99  1 99
  3  790 99 99 99  2  6  1  5  7 99  3  8 99 99  4 99
  3  791 99 99 99 99 99  1 99 99 99 99 99 99 99 99 99
  3  792 99 99  4 99 99  1 99  3 99 99 99  2 99 99 99
  3  793 99 99 99 99 99  1 99 99 99 99 99 99 99 99 99
  3  794 99 99 99 99 99  1 99 99 99 99 99 99 99 99 99
  3  795 99 99 99  3 99  1 99 99 99 99  2  5 99  4 99
  3  796  2 99 99 99  4  1  3 99 99 99 99 99 99 99 99
  3  797 99 99 99  3 99  1 99  2 99 99 99 99 99 99 99
  3  798 99 99 99 99  2  1 99 99 99 99  3 99 99 99 99
  3  799  7  6  4  9  8  1  2 11 10  3 14  5 12 13  8
  3  800 99  2 99 99  3  1 99 99 99 99 99 99 99 99 99
  3  801 10  4  6  9  2  1  7 99 99  5  3 99  8 99 99
  3  802 99 99 99 99 99  1 99  2  3  4 99 99 99 99 99
  3  803 99 99 99  3  6  1 99 99 99  4  2 99 99  5 99
  3  804  3 99 99 99 99  1 99 99 99 99  2 99 99 99 99
  3  805 99 99 99 99 99  1 99 99 99 99 99 99  2 99 99
  3  806 99 99 99 99 99  1 99  2 99 99  3 99 99 99 99
  3  807 99 99 99 99  2  1 99  3 99 99  4 99 99 99 99
  3  808 99 99 99  3  2  1  5  9 10  6  4  7  8 11 12
  3  809 99 99 99 99 99  1 99  2 99 99 99 99 99 99  3
  3  810  4  3  6 99 99  1 99 99 99 99  2 99  5 99 99
  3  811 99 99 99 99 99  1 99  2 99 99 99 99 99 99 99
  3  812 99  3 99 99 99  1  5 99 99  2  4  7  8  6 99
  3  813 99 99 99  2  3  1 99  6 99 99  4  8 99  5  7
  3  814 99 99 99 99 99  1 99 99 99 99 99  2 99 99 99
  3  815 99  3 99 99 99  1 99  6 99 99  2 99  4 99  5
  3  816 99 99 99  5  2  1 99  4 99 99  3 99 99 99 99
  3  817 99 99 99 99 99  1 99 99 99 99 99 99 99 99 99
  3  818 15 13  2  6  3  1  7  8  4  5  9 14 10 12 11
  3  819 99 99 99 99 99  1 99  2 99 99 99 99 99 99 99
  3  820 99 99 99 99 99  1 99  2 99 99 99 99 99  3 99
  3  821 99 99  2 99 99  1 99  3 99 99 99 99 99 99 99
  3  822 99 99 99 99 99  1 99  2 99 99 99 99 99  3 99
  3  823 99 99 99  7  2  1 99 99 99 99  3  4  6  5  8
  3  824 99  3 99 99 99  1 99 99  4  2 99 99 99 99 99
  3  825 99 99 99  3  2  1  5  9 10  6  4  7  8 11 12
  3  826 99 99 99  3  2  1  5  9 10  6  4  7  8 11 12
  3  827 99 99 99  2 99  1 99  3 99 99 99 99 99 99 99
  3  828 99 99 99 99  2  1 99  3 99 99  4 99 99  5 99
  3  829 99 99 99  3 99  1 99  2 99 99  5 99 99  4 99
  3  830 99 99 99 99 99  1 99  2 99 99  3 99 99 99 99
  3  831  7  2  3  5  4  1  8  6 99 99 99 99  9 99 99
  3  832 99 99 99  2 99  1 99 99 99 99 99  3 99 99 99
  3  833 12 14 15  2  8  1  9  3 13  7  4  5  6 10 11
  3  834 99 99  2  3 99  1 99 99 99 99 99 99 99 99 99
  3  835 99 99 99 99 99  1 99  2 99 99  3 99 99 99 99
  3  836 99 99 99  3 99  1 99 99 99 99  2 99 99 99 99
  3  837 99 99 99  2 99  1 99 99 99 99  3 99 99 99 99
  3  838 99 99  3 99 99  1  5 99 99 99  2  4 99 99 99
  3  839 99 99 99  4 99  1 99  6 99 99  2 99  3  5 99
  3  840 99 99 99  2 99  1 99  3 99 99 99  4 99 99 99
  3  841 99 99 99  3  2  1  5  9 10  6  4  7  8 11 12
  3  842 99 99  5  4 99  1 99  2 99 99  3  8  6  7  9
  3  843 99 99 99  3  2  1  5  9 10  6  4  7  8 11 12
  3  844 99 99  3  2 99  1 99  4 99 99 99 99 99 99 99
  3  845 99 99 99  3  2  1  5  9 10  6  4  7  8 11 12
  3  846 99 99 99 99 99  1 99 99 99 99  2 99 99 99  3
  3  847 99 99 99 99 99  1 99 99 99 99 99  2 99 99 99
  3  848 99 99  4  3 99  1 99  2 99 99  5 99 99  6 99
  3  849 99 99 99  3  6  1 10  2  9 99  7  5 99  4  8
  3  850 99 99 99  4 99  1 99  3 99 99  5  2 99  6 99
  3  851 99 99 99 99 99  1 99 99 99 99 99 99 99 99 99
  3  852 99 99 99 99 99  2 99 99 99 99 99 99  1 99 99
  3  853 99 99 99  3  2  1  5  9 10  6  4  7  8 11 12
  3  854 99 99 99 99 99  1 99 99 99 99  2 99 99 99  3
  3  855 99 99 99 99  2  1 99  3  4 99  6  5  7 99 99
  3  856 99 99 99 99 99  1 99  2 99 99 99  3 99 99 99
  3  857 99 99 99  2 99  1 99  3 99 99  4 99 99  5 99
  3  858 99 99 99 99 99  1 99 99 99 99  2 99 99  3 99
  3  859  4 99  3  2 99  1 99 99 99 99 99 99  5 99 99
  3  860 99 99  6  3  2  1  5  7  9  7  4 99 99  8 99
  3  861 99 99 99  3  2  1  5  9 10  6  4  7  8 11 12
  3  862 99 99 99  3  2  1  5  9 10  6  4  7  8 11 12
  3  863 99  2 99 99 99  1 99 99 99 99 99 99  3 99  4
  3  864 99 99 99  3  2  1  5  9 10  6  4  7  8 11 12
  3  865  3 99  4  5 99  1 99  6 99 99  2 99 99 99  7
  3  866 99 99 99  4  2  1 99  3 99 99  5 99 99 99 99
  3  867 99 99 99 99 99  1 99  2 99 99 99 99 99 99 99
  3  868 99 99 99  3  2  1  5  9 10  6  4  7  8 11 12
  3  869 99 99 99 99 99  1 99 99 99 99  2 99 99  3 99
  3  870 99 99 99  2  4  1 99  3 99 99  5  6 99  7  8
  3  871  3 99 99  2 99  1 99 99 99 99 99 99  4 99 99
  3  872 99  3 99  2 99  1  4 99 99 99  5 99  6  7 99
  3  873 99 99 99  3  2  1  5  9 10  6  4  7  8 11 12
  3  874 99  3 99 99 99  1 99 99 99  2 99 99 99 99 99
  3  875 99 99 99 99 99  1 99  2 99 99 99 99 99  3 99
  3  876 99 99 99  3  2  1  5  9 10  6  4  7  8 11 12
  3  877 99 99 99  2 99  1 99  3 99 99 99 99 99 99 99
  3  878 99 99 99 99  3  1 99 99 99 99  2 99 99 99  4
  3  879 99 99 99  3  2  1  5  9 10  6 11  7  8  4 12
  3  880 99 99 99  3  2  1  5  9 10  6 11  7  8  4 12
  3  881 99 99 99  3  2  1  5  9 10  6  4  7  8 11 12
  3  882 99 99 99 99 99  1 99  2 99 99 99 99 99  3 99
  3  883 99 99 99  3 99  1 99  2 99 99  4 99 99 99 99
  3  884 99 99 99  2 99  1 99 99 99 99  4  3  5 99 99
  3  885 99 99 99  3  2  1 99  5 99 99  4  6 99 99 99
  3  886 99 99 99  4  2  1 99  3 99 99 99 99 99 99 99
  3  887 99 99 99  3  2  1 99  4 99 99  5 99 99 99 99
  3  888 99 99  6  2  5  1  4  3 99 99 99 99 99  7  8
  3  889 99 99 99  2 99  1 99 99 99 99  4 99 99  3 99
  3  890 99 99 99  2 99  1 99 99 99 99 99  3 99 99 99
  3  891 99 99 99 99 99  1 99 99 99 99  2 99 99 99 99
  3  892 99 99 99 99 99  1 99 99 99 99  2 99 99 99 99
  3  893 99 99 99  4 99  1 99  2 99 99 99 99 99  3 99
  3  894  4 99 99 99 99  1 99 99 99 99  3 99 99  2 99
  3  895 99 99  3  4  2  1 99  5 99 99 99 99  6 99 99
  3  896 99 99 99 99 99  1 99 99 99 99 99 99 99 99 99
  3  897 99 99 99  3  2  1  5  9 99  6  4  7  8 99 99
  3  898 99 99 99 99 99  1 99  2 99 99 99  3 99 99 99
  3  899 99 99 99  3  2  1  5  9 10  6  4  7  8 11 12
  3  900  8 99 99  9 99  1 99  5  6  4  7  3 10  2 99
  3  901 99 99 99  3  2  1  5  9 10  6  4  7  8 11 12
  3  902 99 99 99 99  2  1 99  3 99 99 99 99 99 99 99
  3  903 99 99 99 99 99  1 99 99 99 99  2 99 99  3 99
  3  904 99 99 99 99  3  1 99 99 99 99  2 99 99 99 99
  3  905  4 99  3  2  7  1  5  6  8 11 12 10 15  9 14
  3  906 99 99 99  2 99  1 99 99 99 99 99 99  3  4 99
  3  907 99 99 99 99 99  1 99  2 99 99 99  3 99 99 99
  3  908 99 99 99  2 99  1  4 99 99 99  3 99 99 99 99
  3  909 99  6  5 99  2  1 99  3  4 99 99 99 99 99 99
  3  910 99 99 99 99 99  1 99  2 99 99  4  3 99 99 99
  3  911  3 99 99 99 99  1 99  2 99 99 99 99 99 99 99
  3  912 99 99 99 99 99  1 99 99 99 99 99 99 99  2 99
  3  913 99 99 99 99 99  1 99  2 99 99 99 99 99  3 99
  3  914 99 99 99  2  4  1 99  6 99  7  3  5 99 99 99
  3  915 99 99 99 99 99  1 99 99  3 99 99 99 99  2 99
  3  916 99 99  2  4 99  1 99 99 99  3 99 99 99 99 99
  3  917 99 99 99  3  2  1  5  9 10  6  4  7  8 11 12
  3  918 99 99  3  2 99  1 99 99 99 99 99 99 99 99 99
  3  919 99 99 99 99 99  1 99 99 99 99 99 99 99 99 99
  3  920  8  5  7 99 99  1  2 99  9  4  3 99  6 99 99
  3  921 10 99  4 14  2  1  6  3 12 13 11  9  5  8  7
  3  922 99 99 99 99 99  1 99 99 99 99  2  3 99 99 99
  3  923 99  3 99 99 99  1  2 99  5  4 99 99 99 99 99
  3  924  6 99  4  5 99  1  7 10  2  3  8 99  9 99 99
  3  925 99 99 99 99 99  1 99 99 99 99 99 99 99 99 99
  3  926 99 99 99 99 99  1 99 99 99 99 99 99 99 99 99
  3  927 99 99 99 99  2  1 99 99 99 99 99 99 99 99 99
  3  928 99 99 99  3  2  1  5 11 10  6  4  7  8  9 12
  3  929  7 99 99  6  5  1 99  3 99 99  2  4  8  9 99
  3  930 99 99 99  3  2  1 99  4  5  6  7 99 99 99 99
  3  931 99 99  2 99  3  1 99 99 99 99 99 99 99 99 99
  3  932 99 99 99 99 99  1 99 99 99 99  2 99 99  3 99
  3  933 99 99 99 99 99  1 99 99 99 99 99 99 99 99 99
  3  934 99 99 99  3 99  1 99  2 99 99 99 99 99 99 99
  3  935 99 99 99  2 99  1 99  5 99 99  3  4 99 99 99
  3  936 99 99 99  3  2  1  5  9 10  6  4  7  8 11 12
  3  937 99 99 99  3  2  1  5  9 10  6  4  7  8 11 12
  3  938 99 99 99  3 99  1 99  2 99 99  4 99  5 99 99
  3  939 10 99  3 99  2  1  9  4  6  8 99 99  5  7 99
  3  940 99 99 99  3  2  1  5  9 10  6  4  7  8 11 12
  3  941 99 99 99  2  5  1 99  3 99 99  4 99 99 99 99
  3  942 99 99 99 99  2  1 99 99 99 99  3 99 99 99 99
  3  943 99 99 99  8  2  1 99  3  7 99  4 99 99  5  6
  3  944  2 99 99 99 99  1  3 99 99 99 99 99 99 99 99
  3  945  7  3  8 12 14  1  2 15  4  5 13  9 11 10  6
  3  946 99 99 99  3  2  1  5  9 10  6  4  7  8 11 12
  3  947 99 99 99  2  6  1  5  7 99  3  8 99 99  4 99
  3  948 99 99 99 99  2  1 99  3 99 99  4 99 99 99 99
  3  949 99 99 99  3 99  1 99  2 99 99 99 99 99 99 99
  3  950 99 99 99 99  3  1 99 99 99 99 99 99  2 99 99
  3  951 99 99 99  3  2  1  5  9 10  6  4  7  8 11 12
  3  952 99 99 99  2 99  1 99  3 99 99 99 99 99 99 99
  3  953 99 99 99  2 99  1  5 99 99  3  4 99 99 99 99
  3  954 99 99  9  2  6  1  5  3 99  8  4 99 99  7 99
  3  955 99 99 99 99 99  1 99 99 99 99 99 99 99 99 99
  3  956 99 99 99  3  2  1  5  9 10  6  4  7  8 11 12
  3  957  2  4  6  7  5  1  8  3  9 13 14 10 12 15 11
  3  958 99 99 99 99  4  1 99  2  3 99  5 99 99 99 99
  3  959 99 99  3  4 99  1  2 99 99 99 99 99 99 99 99
  3  960 99 99 99 99 99  1 99  2 99 99 99 99 99 99 99
  3  961 99 99 99  3  2  1  5  9 10  6  4  7  8 11 12
  3  962 99 99  4 99  3  1 99 99 99 99  2 99 99  5 99
  3  963 99 99 99  2 99  1  4  8  9  5  3  6  7 10 99
  3  964 99 99  7  2  8  1 99  3 99 99  5  4  9  6 99
  3  965 99 99  7  2  8  1 99  3 99 99  5  4  9  6 99
  3  966 99 99 99  2  4  1 99 99 99 99  3  5  8  6  7
  3  967 99 99 99  2 99  1 99 99 99 99  3 99 99 99 99
  3  968 99 99 99 99 99  1 99  2 99 99 99 99 99 99 99
  3  969 99 99 99 99 99  1 99 99 99 99  4  3  2 99 99
  3  970 99 99  6  7 99  1  2 99 99  3 99  4  5 99 99
  3  971 99 99 99  3  2  1  5  9 10  6  4  7  8 11 12
  3  972 99 99 99  3  2  1  5  9 10  6  4  7  8 11 12
  3  973 99 99 99 99 99  1 99  3 99 99 99 99 99  2 99
  3  974  9  6  4  3  5  1  2  8 99 99 99 99 99  7 10
  3  975 99 99  4  2 99  1 99 99 99 99  3  5  6 99 99
  3  976 99 99 99  3  2  1  5  9 10  6  4  7  8 11 12
  3  977 99 99 99 99 99  1 99 99 99 99  3 99 99  2 99
  3  978 99 99  2 99  3  1 99 99 99 99 99 99 99 99 99
  3  979 99 99 99  2 99  1  4  8  9  5  3  6  7 10 11
  3  980 99 99 99  3  2  1  5  9 10  6  4  7  8 11 12
  3  981 99 99 99 99 99  1 99 99 99 99  2  3 99 99 99
  3  982 99 99 99 99 99  1 99  3 99 99 99  2 99 99 99
  3  983 99  2 99 99 99  1 99 99 99 99 99 99 99 99 99
  3  984  2 99 99 99 99  1 99 99 99 99 99 99 99 99 99
  3  985 99 99 99 99 99  1 99 99 99 99 99 99 99 99 99
  3  986 99 99 99  3  2  1  5  9 10  6  4  7  8 11 12
  3  987 99 99 99  2 99  1 99 99 99 99  3 99 99 99 99
  3  988 99 99 99 99 99  1 99  2 99 99  3 99 99 99 99
  3  989  3  6 99  4  2  1 99 99 99 99  5 99 99 99 99
