A30   58 UNION  VOTERS ELECT  1  OUT OF  3  BY AV                          
 30    1  1 99 99
 30    2  1 99 99
 30    3  1 99 99
 30    4  1 99 99
 30    5  1  2  3
 30    6  1  2  3
 30    7  1 99 99
 30    8  1  2  3
 30    9  1  2  3
 30   10  1  2  3
 30   11  1  2  3
 30   12  1  3  2
 30   13  1  2  3
 30   14  1  2  3
 30   15  1  2  3
 30   16  1 99 99
 30   17  1  3  2
 30   18  1  2  3
 30   19  1  2  3
 30   20  1  2  3
 30   21  1 99 99
 30   22  1  2  3
 30   23  1  2  3
 30   24  1  2  3
 30   25  1  2  3
 30   26  1  3  2
 30   27  1  2  3
 30   28  1  3  2
 30   29  2  3  1
 30   30  2  3  1
 30   31  2  3  1
 30   32  2 99  1
 30   33  2  1  3
 30   34  2  1  3
 30   35 99  1 99
 30   36  2  1  3
 30   37  2  1  3
 30   38  3  1  2
 30   39  2  1  3
 30   40  2  1  3
 30   41  2  1  3
 30   42 99  1 99
 30   43 99  1 99
 30   44 99  1 99
 30   45 99  1 99
 30   46  2  1  3
 30   47  3  1  2
 30   48 99  1 99
 30   49  3  2  1
 30   50  3  2  1
 30   51  3  2  1
 30   52  3  2  1
 30   53  3  2  1
 30   54  3  2  1
 30   55  3  2  1
 30   56  3  2  1
 30   57  3  2  1
 30   58 99 99  1
