A31   32 UNION  VOTERS ELECT  1  OUT OF  4  BY AV                          
 31    1  1 99  2  3
 31    2  3  1 99  2
 31    3  2  1  3  4
 31    4  2  1  3  4
 31    5  2  1 99 99
 31    6 99  1 99 99
 31    7 99 99  1 99
 31    8 99 99  1 99
 31    9 99 99  1 99
 31   10 99 99  1 99
 31   11 99 99  1 99
 31   12 99 99  1  2
 31   13 99 99  1 99
 31   14 99 99  1  2
 31   15 99 99  1  2
 31   16 99  2 99  1
 31   17 99 99 99  1
 31   18  2  3  4  1
 31   19 99  2 99  1
 31   20 99 99 99  1
 31   21 99 99  2  1
 31   22 99 99  2  1
 31   23  3  4  2  1
 31   24  4  3  2  1
 31   25  3  4  2  1
 31   26 99 99 99  1
 31   27  4  3  2  1
 31   28  4  3  2  1
 31   29  4  3  2  1
 31   30 99 99 99  1
 31   31  2  3  4  1
 31   32  4  3  2  1
