A32  148 UNION  VOTERS ELECT  1  OUT OF  5  BY AV                          
 32    1  5  3  1  4  2
 32    2 99 99  1 99 99
 32    3  3  4  1  5  2
 32    4  5  4  1  2  3
 32    5 99 99  1 99 99
 32    6 99 99  1 99 99
 32    7  2  3  1 99 99
 32    8  5  4  1  3  2
 32    9  3 99  1 99  2
 32   10 99  3  1 99  2
 32   11  2 99  1  3 99
 32   12 99  2  1 99 99
 32   13 99  3  1 99  2
 32   14 99 99  1 99 99
 32   15 99 99  1 99 99
 32   16  3 99  1 99  2
 32   17  3  4  1  5  2
 32   18 99 99  1 99 99
 32   19  3  4  1  5  2
 32   20  4  3  1  2  5
 32   21  3  4  1  5  2
 32   22 99 99  1 99 99
 32   23 99 99  1 99 99
 32   24 99 99  1 99 99
 32   25 99 99  1 99 99
 32   26 99 99  1 99 99
 32   27 99 99  1 99 99
 32   28 99 99  1 99 99
 32   29 99 99  1 99 99
 32   30 99 99  1 99 99
 32   31 99 99  1 99 99
 32   32 99 99  1 99 99
 32   33  2 99  1 99 99
 32   34  4  5  1  2  3
 32   35  5  4  1  3  2
 32   36 99 99  1 99 99
 32   37 99 99  1 99 99
 32   38 99 99  1  2  3
 32   39 99 99  1  2 99
 32   40 99 99  1 99 99
 32   41  2 99  1 99 99
 32   42 99 99  1 99 99
 32   43 99 99  1  2  3
 32   44 99 99  1  2 99
 32   45  5  4  1  2  3
 32   46 99 99  1 99 99
 32   47  1  5  2  4  3
 32   48  1  2  3  4  5
 32   49  2  1  3 99 99
 32   50  2  1  3  4  5
 32   51  5  1  2  4  3
 32   52  3  1  2  4  5
 32   53  5  1  3  4  2
 32   54  2  3  4  5  1
 32   55  4  2  3  5  1
 32   56  1  3  4  5  2
 32   57  1  4  3  5  2
 32   58 99 99 99  1 99
 32   59 99 99 99  1 99
 32   60 99 99 99  1 99
 32   61 99  2 99  1  3
 32   62 99 99 99  1  2
 32   63 99 99 99  1  2
 32   64 99 99 99  1  2
 32   65 99 99 99  1 99
 32   66 99 99 99  1 99
 32   67  4  3  5  1  2
 32   68  4  3  5  1  2
 32   69 99 99 99  1 99
 32   70  5  2  4  1  3
 32   71 99 99 99  1 99
 32   72 99 99 99  1 99
 32   73 99 99 99  1 99
 32   74 99 99 99  1 99
 32   75  4  3  2  1  5
 32   76  2  3  4  1  5
 32   77  2  3  4  1  5
 32   78  5  4  2  1  3
 32   79  5  3  4  1  2
 32   80  3 99 99  1  2
 32   81 99  3 99  1  2
 32   82  4  3  5  1  2
 32   83  2 99 99  1  3
 32   84  2  3 99  1 99
 32   85  2  5  3  1  4
 32   86  2  4  5  1  3
 32   87  2 99  3  1 99
 32   88 99 99 99  1 99
 32   89  3  5  4  1  2
 32   90  3 99 99  1  2
 32   91 99 99  3  1  2
 32   92  2 99 99  1 99
 32   93 99 99 99  1 99
 32   94 99 99 99  1 99
 32   95 99 99 99  1 99
 32   96  4  3  5  1  2
 32   97 99 99 99  1 99
 32   98 99 99 99  1 99
 32   99  2 99 99  1 99
 32  100  2  3  5  1  4
 32  101 99 99 99  1 99
 32  102 99 99 99  1 99
 32  103 99 99 99  1 99
 32  104 99 99 99  1 99
 32  105 99 99 99  1 99
 32  106 99 99 99  1 99
 32  107 99 99 99  1 99
 32  108  2  5  4  1  3
 32  109  5  2  3  1  4
 32  110  3  4  5  1  2
 32  111  2  4  3  1  5
 32  112  5  4  3  1  2
 32  113 99 99 99  1 99
 32  114 99 99 99  1 99
 32  115 99 99 99  1 99
 32  116 99 99 99  1 99
 32  117 99 99 99  1 99
 32  118 99  3 99  1  2
 32  119 99 99 99  1 99
 32  120  1  4  5  2  3
 32  121  1  5  4  2  3
 32  122  1  5  4  2  3
 32  123  1  4  5  2  3
 32  124  3  1  5  2  4
 32  125 99  3 99  2  1
 32  126  5  2  4  3  1
 32  127  3  2  5  4  1
 32  128  1 99 99 99 99
 32  129 99  1 99 99 99
 32  130 99  1 99 99 99
 32  131 99  1 99 99  2
 32  132 99  1 99 99  2
 32  133 99  2 99 99  1
 32  134 99 99 99 99  1
 32  135 99 99 99 99  1
 32  136 99 99 99 99  1
 32  137 99 99 99 99  1
 32  138 99  2 99 99  1
 32  139 99  2 99 99  1
 32  140 99 99 99 99  1
 32  141 99 99 99 99  1
 32  142  1 99 99 99  2
 32  143 99 99 99  2  1
 32  144  1  5  4  3  2
 32  145  1  2  5  4  3
 32  146  2 99 99  3  1
 32  147 99 99 99  2  1
 32  148  5  1  4  3  2
