 A4   43 UNION  VOTERS ELECT  2  OUT OF 14 (BY RAV)                        
  4    1 99 99 99 99  2 99 99 99  3  1 99 99 99 99
  4    2 99 99 99 99  3 99 99 99 99 99 99  1 99  2
  4    3 99 99 99 99 99 99  1 99  2  3 99 99 99 99
  4    4  2  1 99 99 99 99 99 99 99 99 99 99 99 99
  4    5  2  1 99 99 99 99 99 99 99 99 99 99 99 99
  4    6  1  3 99 99 99 99 99  2 99 99 99 99 99 99
  4    7  1  2 99 99 99 99 99 99 99 99 99 99 99 99
  4    8  1 99  2 99 99 99 99 99 99 99 99 99 99  3
  4    9  1  2 99 99 99 99 99 99  3 99 99 99 99 99
  4   10  1 99 99 99 99 99 99 99  2 99 99  3  4 99
  4   11  1  3 99 99 99 99 99  4  2 99 99 99 99 99
  4   12 99 99 99 99 99 99  1  3  2 99 99 99 99 99
  4   13  4  1 99 99  2 99 99 99  3  5  6 99 99 99
  4   14 99 99 99 99  3 99 99 99 99 99  1 99 99  2
  4   15  3 10  6 14 11  7  4  8  2  5  1 13  9 12
  4   16  4 14 13 12 11  3 10  9  2  8  1  7  5  6
  4   17 99 99 99 99  3 99 99  2  4 99  1  5 99 99
  4   18 99 99  5 99  4  3 99 99  1 99  2 99 99 99
  4   19 99 99 99 99 99 99 99 99  1 99  2 99 99 99
  4   20 99 99 99 99 99  3 99 99  1 99  2 99 99 99
  4   21  5 99 99 99  4  3 99 99  1 99  2 99 99 99
  4   22 99 99 99 99 99 99 99 99  1 99  2 99 99 99
  4   23 99 99 99 99 99 99 99 99  1 99  2 99 99 99
  4   24  5  6 99 99  4  7 99  3  1 99  2 99 99 99
  4   25 99 99  1 99 99 99 99 99  2 99  3 99 99 99
  4   26 99 99  1 99 99 99  6  7  2  4  3 99  8  5
  4   27  7 12  8 10  5  4  1  6  3 14  2  9 11 13
  4   28 99 99  3  1  2 99 99 99  5 99  4 99 99 99
  4   29  9 10  6 14  1 12 11  5  2  8  4  7 13  3
  4   30 99 99 99 99 99 99 99  1 99 99  3 99  2 99
  4   31 99 99 99 99 99  1 99 99  2 99  3 99 99 99
  4   32  6  5  4 99 99  1 99 99  2 99  3 99 99 99
  4   33  2 99  5 99  4  1 99 99  3 99  6 99 99 99
  4   34 99 99  1 99 99  2 99 99  4 99 99 99  3 99
  4   35 99 99  1 99 99  2 99 99  3 99 99 99 99 99
  4   36 99 99  1 99 99  3 99 99  2 99  4 99 99 99
  4   37 99 99  5  1 99  2 99 99  3 99  4 99 99 99
  4   38 99  6 99 99 99  3 99 99  1  5 99 99  2  4
  4   39 99  3 99 99  6  4 99  7  2  5 99 99  1 99
  4   40 99  3 99 99  1  2 99 99 99 99 99 99  4 99
  4   41 99 99 99 99  1  5 99 99  3  2 99 99 99  4
  4   42  8  9 10  1 11  3 15  2 12 13  7 14  4  6
  4   43  1  2 99 99 99  3 99 99 99 99 99 99 99 99
