A48  923 PR ASN VOTERS ELECT  9  FROM  10 BY STV
A48    1  5  4  3  6  2  8  7  1 10  9
A48    2  7  2  1  5  8  4 10  3  9  6
A48    3 99  9  1  5  7  2  4  6  8  3
A48    4 10  7  1  5  3  2  6  8  9  4
A48    5  7  6  1  3 10  2  8  4  9  5
A48    6 10  8  1  3  4  5  6  9  7  2
A48    7  8  7  1  3  2  4  5  6 10  9
A48    8 99 99  1  3  7  6  2 99  4  5
A48    9  6  3  1  7  2  8  9  5 10  4
A48   10 99  7  1  3  6  5  4  9  8  2
A48   11  5  4  1  3  9  8  7 10  6  2
A48   12  5  8  1  7  9  2  6 10  4  3
A48   13 10  8  1  4  5  2  3  9  6  7
A48   14  9  6  1  8 10  2  3  4  5  7
A48   15 99 99  1  4 99  2  6 99  5  3
A48   16 10  8  1  6  9  2  3  7  4  5
A48   17 99 99  1 99 99 99 99  3 99  2
A48   18 99  7  1  4  5  2  3 99  8  6
A48   19  7  6  1  2  3  5  4 10  9  8
A48   20  7  2  1  4  3  8  9  6 10  5
A48   21 99 99  1  2 99  3  5 99 99  4
A48   22 10  6  1  3  7  2  5  9  4  8
A48   23 10  3  1  2  4  5  6  7  8  9
A48   24  4  7  1  3  6 10  2  8  5  9
A48   25 10  9  1  5  4  2  3  7  8  6
A48   26  8  6  1  7  4  2  3 10  9  5
A48   27 99 99  1  4 99  3  2  6  5  7
A48   28  3 99  1  5  2  4  6  7  9  8
A48   29 99 99  1  5 99  3  4 99 99  2
A48   30  2  4  1  8  3  6  5  9 10  7
A48   31  6 99  1  4  5  7  2  8  9  3
A48   32 99 99  1  2  3 99 99 99 99 99
A48   33 10  5  1  2  6  3  4  9  8  7
A48   34 99 99  1  2  3  5  4 99 99  6
A48   35  7 99  1  2  5  3  6 99 99  4
A48   36  9  8  1  2 10  3  5  7  6  4
A48   37  7  4  1  8  2  9  6  3  5 10
A48   38  2 10  1  6  7  9  3  4  8  5
A48   39 99 99  1 99 99 99 99 99 99 99
A48   40  9  7  1  2  6  3  4 10  8  5
A48   41  3  8  1  7  9  4  6 99  2  5
A48   42  6  3  1  8  5  4  7  9 10  2
A48   43  5  7  1  6  8  2  9 99  4  3
A48   44  9  7  1  4 10  5  6  2  3  8
A48   45 10  9  1  5  6  2  3  7  8  4
A48   46  9  6  1  5  3  2  4 10  7  8
A48   47  5  7  1  6  3  2 10  4  9  8
A48   48 99 99  1  4  3  5 99  2 99 99
A48   49  5 10  1  2  8  7  3  4  6  9
A48   50  9  6  1  4  7  2  3 10  8  5
A48   51  9  4  1  2 10  5  6  7  8  3
A48   52  7  6  1  5  4  3  2  8  9 10
A48   53 10  8  1  5  6  2  4  9  7  3
A48   54 99 99  1  2 99  4  5 99 99  3
A48   55 10  2  1  3  7  4  5  9  8  6
A48   56 99  7  1  3  5  2  4  9  8  6
A48   57  9  8  1  6 10  3  2  7  5  4
A48   58 99 99  1 99 99 99 99 99 99  2
A48   59  4  2  1 99  3  5 99 99 99 99
A48   60 99 99  1  2 99  4  3 99  5 99
A48   61 99  4  1  7 99  3  6  8  5  2
A48   62  9  8  1  2  7  6  4 10  5  3
A48   63 10  9  1  5  8  2  3  6  7  4
A48   64 99 99  1 99  2 99 99 99 99 99
A48   65 10  3  1  4  6  7  5  8  2  9
A48   66 99 99  1 99 99 99 99 99  2 99
A48   67  3  6  1  4  2  8  7 99 99  5
A48   68  5  3  1  2  6  4  8 10  9  7
A48   69 10  5  1  9  3  7  4  8  6  2
A48   70 10  9  1  8  7  4  2  6  3  5
A48   71  9 10  1  7  8  2  3  4  6  5
A48   72 10  7  1  5  6  4  2  8  9  3
A48   73  9  6  1  2  4  3  5  8 10  7
A48   74 99  6  1  7 99  2  3  8  5  4
A48   75  8  4  1  3  6  7  9  2 10  5
A48   76  7  8  1  3  9  6  5  2 10  4
A48   77  3  4  1  2  7  6  8  5 10  9
A48   78 99  5  1  2  4  3  7  9  8  6
A48   79 99 99  1  4 99  2 99  3 99 99
A48   80  5 10  1  3  9  6  8  2  7  4
A48   81 10  4  1  5  6  3  2  8  9  7
A48   82 10  7  1  4  2  3  6  9  8  5
A48   83 10  2  1  6  5  9  7  3  4  8
A48   84 99 99  1 99 99  3 99 99 99  2
A48   85 99  2  1  7  5  6  9  3  8  4
A48   86 99 99  1 99 99  2 99 99 99 99
A48   87  9  7  1  2  5  3  4 10  8  6
A48   88  9  6  1  7  5  2  3 99  8  4
A48   89 99  5  1  6  4  2  3 99 99  7
A48   90  9  7  1  5  6  4  8 10  2  3
A48   91  4  2  1  3  5  6  7  8  9 10
A48   92  9  2  1  6  3  5  4 99  7  8
A48   93 10  4  1  3  5  2  7  9  8  6
A48   94  7  6  1  2  3  4  8 10  9  5
A48   95 10  8  1  7  9  3  6  4  5  2
A48   96  8  6  1  5  2  3  4 99  9  7
A48   97 99  7  1  6 99  5  2  8  4  3
A48   98 99  2  3 99  1 99 99 99 99 99
A48   99 99 99  2 99  1 99 99 99 99 99
A48  100 99  1  4  2 99  3 99 99 99 99
A48  101 99  1 99  2 99 99 99 99 99 99
A48  102 99  1 99 99 99 99 99 99 99 99
A48  103 99  1  2 99  3 99 99 99 99 99
A48  104 99  1 99  2 99 99 99 99 99 99
A48  105 99  1 99  2  3 99 99 99 99 99
A48  106 99  1 99 99  3  2 99 99 99 99
A48  107 99  1 99  3  2 99 99 99 99 99
A48  108 99  1 99 99  3  2 99 99 99 99
A48  109 99  1 99 99 99 99 99 99 99 99
A48  110 99  1 99  2 99  3 99 99 99 99
A48  111 99  1 99 99  2 99 99 99 99 99
A48  112 99  1 99  3  2 99 99 99 99 99
A48  113 99  1  3 99 99  2 99 99 99 99
A48  114 99  1 99  3  2 99 99 99 99 99
A48  115 99 99  4  1  5  6 99  3 99  2
A48  116 99 99 99  1  2 99 99  3 99 99
A48  117 99 99  3  1 99 99 99  2 99  4
A48  118 99  3 99  1  2 99 99 99 99 99
A48  119 99 99 99  1 99 99 99  2 99 99
A48  120 99 99  6  1  3  2 99  4 99  5
A48  121 99 99  5  1  4  3 99 99 99  2
A48  122 99  3 99  1 99 99 99  2 99 99
A48  123 99 99 99  1 99 99 99  2 99 99
A48  124 99 99  4  1 99  3 99 99 99  2
A48  125 99 99 99  1 99 99 99 99 99 99
A48  126 99 99 99  1  2 99 99 99 99 99
A48  127 99  4  3  1 99  2 99 99 99  5
A48  128 99 99 99  1  4  5 99  3 99  2
A48  129 99  2 99  1 99  3 99 99 99 99
A48  130 99 99 99  1 99 99 99 99 99 99
A48  131 99 99 99  1 99  2 99 99 99 99
A48  132 99  5 99  1  2 99 99  4 99  3
A48  133 99 99  3  5  4  1 99 99 99  2
A48  134 99  3 99  5  2  1 99 99 99  4
A48  135 99 99  2  3 99  1 99  5 99  4
A48  136 99  6  2  3  4  1 99 99 99  5
A48  137 99  5 99  2 99  1 99  4 99  3
A48  138 99  4 99  3 99  1  2 99 99  5
A48  139 99  3  4  2 99  1 99 99 99 99
A48  140 99 99  2  4 99  1 99  5 99  3
A48  141 99 99  5  4 99  1 99  2 99  3
A48  142 99  6  4 99  5  1 99  3 99  2
A48  143 99 99 99 99 99  1 99 99 99 99
A48  144 99  6  5  3 99  1  2 99 99  4
A48  145 99 99 99  3 99  1 99 99 99  2
A48  146 99 99 99  2 99  1  3 99 99 99
A48  147 99  2  7  4  3  1  6 99 99  5
A48  148 99  6  7  4 99  1  5  3 99  2
A48  149 99 99  3  2  4  1 99 99 99 99
A48  150  9  5  7  1  6  3  8  4 10  2
A48  151 99  5  3  1  6  2  7  9  8  4
A48  152  8  3  4  1 10  5  2  9  7  6
A48  153 99  6  5  1 99  2  3  7  8  4
A48  154  8  7  4  1  9  2  3 10  6  5
A48  155  9  3  6  1  2  4  5 99  8  7
A48  156 10  6  5  1  3  9  4  2  8  7
A48  157  9  4  7  1  2  5  3 10  8  6
A48  158  9  8  5  1  3  2  4  6 10  7
A48  159  9  2  5  1  3  8  4 10  6  7
A48  160 99  7  3  1  2  4  5 99  8  6
A48  161  9 10  5  1  3  6  2  8  7  4
A48  162 99 99 99  1 99 99  2 99 99 99
A48  163  5  3 10  1  2  6  4  9  8  7
A48  164  7  6  5  1 10  8  2  3  9  4
A48  165 99 99  5  1 99  4  2 99  3  6
A48  166  5  3 99  1 99 99  4 99 99  2
A48  167  8  3  4  1  5  6  2  9 10  7
A48  168  9  7  5  1  2  4  6 10  8  3
A48  169  7  3  6  1  2  4  5  8  9 10
A48  170 99 99  2  1  5  4  3 99 99 99
A48  171 99 99 99  1  4 99  3  2 99 99
A48  172 99 99  5  1 99  6  2  7  4  3
A48  173 10  7  2  1  5  3  4  8  9  6
A48  174 99 99 99  1 99  4  2 99 99  3
A48  175 10  7  3  1  2  4  5  9  8  6
A48  176 10  5  6  1  9  2  3  8  7  4
A48  177 10  8  5  1  9  4  3  7  6  2
A48  178 99  6  2  1 99  4  5  7  8  3
A48  179  6  7  8  1  3  2  4 10  9  5
A48  180 10  2  3  1  9  4  5  6  7  8
A48  181 99  3 99  1  4  7  5 99  6  2
A48  182 99  6  7  1  3  2  4  9  8  5
A48  183  7  6  2  1  3 10  4  9  5  8
A48  184 10  7  2  1  8  5  4  6  9  3
A48  185 99  3  6  1 99  5  4 99 99  2
A48  186 99  2  6  1  5  7  4 99 99  3
A48  187 99 99 99  1  2 99  3 99 99 99
A48  188 99 99  2  1  3  4  7  5 99  6
A48  189  8  6  5  1  7  9  2 10  3  4
A48  190  8  4  5  1  9  3  2 10  7  6
A48  191 10  2  3  1  4  7  5  9  8  6
A48  192  7 10  6  1  3  2  4  5  8  9
A48  193 10  7  6  1  4  5  3  8  9  2
A48  194 10  6  3  1  5  2  7  8  9  4
A48  195  8  7  5  1  6  2  3  9 10  4
A48  196  6  2  3  1  7  8  4 99  5  9
A48  197 99  3 99  1 99 99  5  2 99  4
A48  198 10  2  5  1  3  4  6  8  9  7
A48  199  8  7  9  1 99  2  3  5  6  4
A48  200 99 99 99  1  3  4  2 99 99 99
A48  201  8  9  3  1  7  2  5 10  6  4
A48  202 99  5  9  1  3  8  6  2  7  4
A48  203 99 99 99  1  2 99  3 99 99 99
A48  204 99 99 99  1 99 99  4  2 99  3
A48  205 99  8  7  1 99  6  3  4  5  2
A48  206 10  4  3  1  2  6  5  8  7  9
A48  207 99  4  8  1 99  3  2  7  5  6
A48  208  6  4  7  1  3  8  2  9 10  5
A48  209 99 99 99  1  4  2  3 99 99  5
A48  210 10  7  8  1  9  3  4  2  6  5
A48  211 10  9  5  1  4  2  3  7  8  6
A48  212  9  5  3  1  4  2  6 10  8  7
A48  213  8  7  2  1  3  5  4  9 10  6
A48  214  9  7  5  1  2  3  4 10  8  6
A48  215  7  3  6  1  2  5  4  9 99  8
A48  216  8  9  6  1  7  2  3 10  4  5
A48  217  7  2  8  1  9 10  3  4  5  6
A48  218  6  7 10  1  5  8  2  4  9  3
A48  219 99  5  8  1  7  6  4  3  9  2
A48  220 10  2  3  1  4  6  5  9  7  8
A48  221  8  7  6  1  3  4  5 99  9  2
A48  222  8  7  4  1  3  2  5 10  6  9
A48  223  9  7  3  2  4  5  1 10  8  6
A48  224 99 99  4  5 99  6  1 99  3  2
A48  225 99 99  2  3 99 99  1  4 99 99
A48  226  8  9  7  3 10  6  1  4  5  2
A48  227  3  6 10  2  7  4  1  8  5  9
A48  228 10  5  6  3  2  4  1  7  9  8
A48  229  9  8  2  7  5  3  1 10  4  6
A48  230  9  8  2  7  6  3  1 10  4  5
A48  231  5 10  6  2  7  3  1  4  8  9
A48  232 10  9  5  4  6  2  1  7  3  8
A48  233 99  9  2  8  3  7  1  4  5  6
A48  234  8  4  3  2  5  7  1  6  9 10
A48  235 10  8  5  7  6  2  1  9  4  3
A48  236 99 99  4  3 99 99  1 99  2 99
A48  237 99 99 99  2 99 99  1 99  3 99
A48  238  5  9  6  2 10  8  1  3  7  4
A48  239  9  6  5  8  3  2  1 10  7  4
A48  240  7  6  8  2  4  3  1  9  5 10
A48  241 10  9  4  3  8  2  1  7  5  6
A48  242 10  6  3  2  5  4  1  9  8  7
A48  243 10  9  5  2  4  6  1  8  7  3
A48  244 99  3 99  6  4  2  1 99 99  5
A48  245  8  7  3  5  6  2  1 10  9  4
A48  246 99 99  2  7 99  3  1  5  6  4
A48  247 10  4  3  8  9  5  1  6  7  2
A48  248 10  8  7  2  9  3  1  6  5  4
A48  249 10  9  3  8  7  2  1  5  6  4
A48  250 10  8  7  2  9  3  1  6  4  5
A48  251  5  4 99  3 99 99  1  2 99  6
A48  252 99 99  5  3  4  2  1 99 99 99
A48  253 10  8  4  2  7  3  1  9  6  5
A48  254 99  7  4  3  5  2  1  9  6  8
A48  255 10  8  7  2  6  5  1  4  9  3
A48  256 10  3  9  4  5  2  1  7  6  8
A48  257 10  9  8  2  7  6  1  4  5  3
A48  258  9  7  6  5 10  3  1  8  2  4
A48  259  6  3  4  5  2  7  1  8  9 10
A48  260  3 99 99  2 99 99  1 99  4 99
A48  261 99 99  4  3 99  2  1 99  5  6
A48  262  9  7  5  3  6  2  1 99  8  4
A48  263 99 99 99  2 99  4  1 99  3 99
A48  264  4  2 10  3  5  9  1  6  7  8
A48  265 99  5  4 99 99  2  1 99 99  3
A48  266  3  8  4  5 99  6  1  2 99  7
A48  267  9  8  2  3  7  4  1 10  5  6
A48  268  7  8  2  9 10  6  1  3  5  4
A48  269 99  3  6  2 99  4  1  5  8  7
A48  270 10  2  7  3  8  5  1  9  6  4
A48  271 99 99  6  2 99  4  1 99  3  5
A48  272  3  2  7  8  6 10  1  9  4  5
A48  273 99  3  7  2  9  8  1  5  4  6
A48  274  8  9  3  2  6  7  1  4 99  5
A48  275  9  4  2  5  7  8  1 10  3  6
A48  276 99 99 99 99 99 99  1 99 99 99
A48  277  6  1  5  3  4  8  2  7  9 10
A48  278  4  1 10  7  6  2  3  8  9  5
A48  279 10  1  2  3  4  5  6  9  7  8
A48  280 99  1  6  7 99  2  3  4  5  8
A48  281 99  1  2  3 99  4  5  6  7  8
A48  282  9  1  4  2 10  3  5  8  7  6
A48  283  9  1  8  6  2  3  4  7 10  5
A48  284  7  1  2  3  4  5  6 99  8  9
A48  285 99  1  6  4  5  2  3 99 99  7
A48  286 10  1  6  2  3  8  4  9  5  7
A48  287 10  1  7  2  9  4  3  8  5  6
A48  288  9  1  6  3  2  7  4 10  8  5
A48  289 10  1  2  3  4  5  6  7  8  9
A48  290 10  1  7  3  2  4  5  9  8  6
A48  291 10  1  9  7  8  2  3  4  5  6
A48  292 99  1 99 99 99  2  3 99 99  4
A48  293  7  1  8  2  6  5  3  9  4 10
A48  294  9  1  5  4  3  6  2 10  7  8
A48  295  7  1  5  4  2  3  6  9 10  8
A48  296 10  1  4  5  2  3  6  9  8  7
A48  297 99  1 99  2 99  4  3 99 99 99
A48  298  9  1  6  2 10  3  4  8  5  7
A48  299 10  1  2  3  4  5  6  7  8  9
A48  300 10  1  6  5  4  3  2  9  8  7
A48  301 10  1  3  9  2  8  4  7  5  6
A48  302  9  1  5  4  3  2  6 10  8  7
A48  303  9  1  5  4  2  3  6 10  8  7
A48  304 99  1  7  2  5  3  4  9  8  6
A48  305  6  1  2  7  3  8  4  9  5 10
A48  306 10  4  5  9  1  6  2  8  7  3
A48  307  5  2  6  4  1  7  3  8 10  9
A48  308 10  3  4  5  1  2  6  9  8  7
A48  309  6  9  8  4  1  2  3  5 10  7
A48  310  8  7  6  5  1  4  2  9 99  3
A48  311 10  2  5  6  1  7  3  9  8  4
A48  312  6  3  8  4  1  5  2  7 10  9
A48  313  7  8  2  4  1  3  5 10  9  6
A48  314 10  2  4  3  1  6  5  7  9  8
A48  315  5  2 10  6  1  4  3  8  7  9
A48  316 10  5  6  2  1  3  4  7  8  9
A48  317 10  9  5  2  1  3  4  7  8  6
A48  318 99  8  6  7  1  2  3  9  5  4
A48  319  6 10  3  2  1  4  5  8  9  7
A48  320  9  5  3  6  1  4  2 10  8  7
A48  321  6  4  3  5  1  6  2 99 99  7
A48  322 10  9  8  7  1  2  3  4  6  5
A48  323 99  7  3  2  1  9  4  5  6  8
A48  324  8  7  4  3  1  2  5 99  9  6
A48  325  6  4  7  3  1  2  5 10  9  8
A48  326 99  3  2  6  1  5  4  7 99 99
A48  327  9  6  5  2  1  3  4  8 10  7
A48  328 99  9  3  6  1  2  4  5  8  7
A48  329  8  7  5  2  1  3  4 99  9  6
A48  330 99  7  6  2  1  3  4  5  8  9
A48  331  8  6  2  4  1  3  5 10  9  7
A48  332 99 99  5  3  1  6  2 99 99  4
A48  333 10  9  8  2  1  3  4  6  5  7
A48  334  6  3  5  2  1  7  4 10  9  8
A48  335  5  2 99  3  1 99  4 99 99  6
A48  336 10  6  7  2  1  4  3  9  8  5
A48  337  3  7  6  4  1  8  2 10  9  5
A48  338  1 99 99  4  2 99 99  3 99 99
A48  339  1 99 99 99  2 99 99 99 99  3
A48  340  1 99  9  3  2  8  4  5  6  7
A48  341  1  2  7  8  3  4  9  5 10  6
A48  342  1 99 99 99 99 99 99  2  4  3
A48  343  1  8  7  3  6  5  9  2 10  4
A48  344  1 99 99  5  2  6 99  3  4  7
A48  345  1  2  7  4  5  6  8  3 10  9
A48  346  1  4 99  5  2 99 99  3 99 99
A48  347  1  2 99  7  3 99 99  5  4  6
A48  348  1  2  6  4  7  5  3 99  9  8
A48  349  1  2 10  3  4  9  7  5  8  6
A48  350  1  3 99  2  6  5 99 99 99  4
A48  351  1  4 99  2  5 99 99 99 99  3
A48  352  1 10  7  8  2  6  5  9  4  3
A48  353  1  4  6  3  5  2  8  9  7 10
A48  354  1  2 99 99  4 99 99  3 99 99
A48  355  1 99 99 99  2 99 99 99 99  3
A48  356  1  3  6  5  9  7  8 10  4  2
A48  357  1  2  8  3 10  7  6  4  9  5
A48  358  1  5  6  9  3  7 10  2  8  4
A48  359  1  8 10  2  3  5  6  4  7  9
A48  360  1  2  3  5  4  6  7 99  9  8
A48  361  1  3  8  9  2  4 10  5  7  6
A48  362  1 99 99  3  2 99 99 99 99 99
A48  363  1  3  4  6  2  7  8 10  9  5
A48  364  1 99  4 99  2 99 99  3 99 99
A48  365  1  2  6  3  4  5  8 10  7  9
A48  366  1 99  3 99  2 99 99 99 99 99
A48  367  1 99 99 99  2 99 99 99 99 99
A48  368  1  3  4  6  2  7  8  5 10  9
A48  369  4  1 99  2  3 99 99 99 99 99
A48  370  3  1  8  6  5  2  7  9 10  4
A48  371  3  1 99  2 99 99 99 99 99 99
A48  372  5  1  4  3  2  6  9  8 99  7
A48  373  2  1  6  9  3  5 10  4  8  7
A48  374  2  1  3  8  6 99  5  9  4  7
A48  375  4  1  6  3  5  2  7 99  9  8
A48  376  3  1  2 99 99 99 99 99 99 99
A48  377  2  1  9  3  4  5  6 10  7  8
A48  378  4  1  8  2  3  7  5  6  9 10
A48  379  3  1  8  5  2  6  7 10  9  4
A48  380  4  1  3  6  2  5  9  8 10  7
A48  381  3  1 99  2  4 99 99 99 99 99
A48  382  5  1  3  2 99  4 99 99  6 99
A48  383  2  1  9  3  4  7  8 10  5  6
A48  384  2  1  5  4  6  9 10  3  7  8
A48  385  2  1  6  5  3  4  7 10  9  8
A48  386  2  1  4  6  3  7  8 10  9  5
A48  387  2  1 99  4  5  3 99 99 99  6
A48  388  3  1 10  7  2  6  8  4  9  5
A48  389  2  1  9  3  4  8  7 10  6  5
A48  390  2  1 99 99  3 99 99 99 99 99
A48  391  6  1  2  4  5  3  9 10  8  7
A48  392  3  1  4  5  2  6  8  7 10  9
A48  393  3  1  4  7  2  5  9 10  8  6
A48  394  2  1  8  3  9  6  7  4 10  5
A48  395  3  1  8  7  2  4  9  5 10  6
A48  396  2  1  4  7  3  9  8 10  6  5
A48  397  4  1  2  5  3  7  8 10  9  6
A48  398  5  1  6  2  3  4  7  8 10  9
A48  399  2  1 99 99  3 99 99 99 99 99
A48  400  4  1  5 99  2  3 99 99 99 99
A48  401  2  1  5  6  3  4  8  9 10  7
A48  402  5  1  4  9  2  3  6 10  7  8
A48  403  2  1  9  5  3  6  8  7 99  4
A48  404  2  1  6  4  3  7  8 10  9  5
A48  405  2  1  7  3 10  9  6  4  5  8
A48  406  2  1  9  3  4  5  8 10  7  6
A48  407  5  1  4 10  3  2  6  8  7  9
A48  408  2  1  6  8  5  3  9 10  7  4
A48  409  2  1  6  7  3  8  9 10  4  5
A48  410  4  5  7  2  1  3  8  6  9 10
A48  411  4  5  7  2  1  3  8  6  9 10
A48  412  2 99 99  3  1 99 99  4 99 99
A48  413  4  7  9  3  1  2  6 10  8  5
A48  414  4  5  2  3  1  6  8 10  9  7
A48  415  2  6  4  7  1  9  8  3 10  5
A48  416  2  3  7  9  1  5 99  4  6  8
A48  417  6  2  4  5  1  3  7 99 99  8
A48  418  2  3  4  6  1  7  8 10  9  5
A48  419  2  4  3  6  1  7  5 99  9  8
A48  420  2 99 99  3  1  4 99 99 99 99
A48  421  2 99  3 99  1 99 99  4 99 99
A48  422  2  5  6  4  1  7  8  3  9 10
A48  423  6  2  4  3  1  5  9 10  8  7
A48  424  2  5 99  3  1  4 99 99 99 99
A48  425  2  6  3  4  1  5  7  8  9 10
A48  426  2  4  5  6  1  7  8  3  9 10
A48  427  4  3  8  2  1  5  6 10  7  9
A48  428  2  3 99  5  1 99 99  4 99 99
A48  429  2  3  5  9  1  4  8 10  7  6
A48  430  2  5  7  8  1  4 10  3  9  6
A48  431  2  3  7  6  1  5  8  9 10  4
A48  432  6  2  3  4  1  5  7 99  9  8
A48  433  2  3  5  4  1  9 10  7  8  6
A48  434  6  4  5  3  1  2  8 10  9  7
A48  435  2 99 99  3  1  5 99  4 99 99
A48  436  2  6  7  4  1  5  8  3  9 99
A48  437  2 99 99 99  1 99 99  3 99 99
A48  438  2  3  9  4  1  8  5 10  7  6
A48  439  2 99  4  6  1  5  8  9  7  3
A48  440  2  5  7  6  1  4  8 10  9  3
A48  441  2  4  7  3  1  8  5 10  6  9
A48  442  4  2  3  7  1  6  8 10  9  5
A48  443  2  3  4  5  1  6  8 10  9  7
A48  444  3  2 99 99  1 99 99 99 99  4
A48  445  2 99 99  4  1 99 99  3 99 99
A48  446  2 99 99  3  1 99 99  4 99 99
A48  447  2  4  7  8  1  6  9  3 10  5
A48  448  2  3 99 99  1 99 99  4 99 99
A48  449  2  4  5  3  1  6  7 10  8  9
A48  450  5  4  9  3  1  2 10  8  7  6
A48  451  2  7 99  6  1 99  3 99  4  5
A48  452  4  2  6  5  1  3  7 10  9  8
A48  453  2  3  8  5  1  4  7 10  9  6
A48  454  2  4 99 99  1  3 99 99 99 99
A48  455  3  4  5  6  1  2  7 10  8  9
A48  456  2  3 99 99  1 99 99 99 99  4
A48  457  2  3 99  4  1 99 99 99 99 99
A48  458  2  4  6  3  1 10  9  5  8  7
A48  459  2  3  4  5  1  6  7 99  8  9
A48  460  2 10  3  5  1  8  4  9  6  7
A48  461  2  5  6  3  1  7  8  9 10  4
A48  462  3  4  6  2  1  7  8  5  9 10
A48  463  2 99 99  3  1 99 99 99 99 99
A48  464  2  4 99  3  1 99 99 99 99  5
A48  465  2  4  7  3  1  8  6  5 10  9
A48  466  4  3 10  2  1  6  9  8  7  5
A48  467  3 99  6  2  1  7  5 99 99  4
A48  468  2  4  5  3  1  6  7  8  9 10
A48  469  2 99 99 99  1 99 99 99 99 99
A48  470  2  9  4  3  1  8  7 10  6  5
A48  471  2  4  5  3  1  8  6 99  9  7
A48  472  3  6  5  2  1  4  7  8 10  9
A48  473  2  3 99 99  1 99 99 99 99 99
A48  474  2  3  6  7  1  8  5 10  4  9
A48  475  3  2  4  6  1  5  9 10  7  8
A48  476  2  4  9  8  1  6  7 99  5  3
A48  477  2  3  6  9  1  5  8 10  7  4
A48  478  2  8  7  3  1  4  5 10  9  6
A48  479  5  4  3  7  8  1  6 99  9  2
A48  480  5  4  6  2  3  1  8  7  9 10
A48  481  4  3  2  6  5  1  9 10  8  7
A48  482  6  7  4  2  3  1 10  8  9  5
A48  483  5  6  4  9  3  1  2 10  7  8
A48  484  4 99  3 99  2  1  5 99 99 99
A48  485  2  4  7  5  3  1  8 99  9  6
A48  486  8  7  3  6  4  1  5  9 10  2
A48  487  4 10  5  3  2  1  9  8  7  6
A48  488  5  4  2  7  6  1 99 99 99  3
A48  489  6  2  3  9  4  1  7 10  8  5
A48  490  8  3  4  5  7  1  6 10  9  2
A48  491  5  3  6  8  4  1  2 10  9  7
A48  492  8  7  3  5  6  1  2 10  9  4
A48  493  5  7  4  6  8  1  2 10  9  3
A48  494  4  5  6  2  7  1  8 10  9  3
A48  495  5 10  6  4  7  1  2  3  8  9
A48  496  4  5  2  6  3  1  7 10  8  9
A48  497  2  5  4  3  6  1  7 10  9  8
A48  498  7  8 10  2  3  1  4  5  9  6
A48  499  6  7  3  4  5  1  9 10  8  2
A48  500  8  7  2  6  4  1  5  9 10  3
A48  501  4 99  3  6 99  1  2  5 99 99
A48  502  7  2  4  5  6  1 99 99 99  3
A48  503  4 10  2  6  7  1  9  5  8  3
A48  504  3  9  4  2  8  1  5 10  7  6
A48  505  3  5  4  7  2  1  8  9 10  6
A48  506  9  3  4  2  8  1  5  7 10  6
A48  507  3  5  9  1  2 10  4  8  7  6
A48  508  4  5  2  1  7  6 10  3  9  8
A48  509  6  4  2  1  5  3  9 10  7  8
A48  510  2  4 10  1  3  5  7  8  9  6
A48  511  5  4  3  1  9  8  7  6 10  2
A48  512  4  3  8  1  7 99  6  5  9  2
A48  513  2  8  7  1 99  3  4 99  5  6
A48  514  2  4 10  1  6  7  9  5  8  3
A48  515  3 99 99  1  2 99  4 99 99  5
A48  516  3  7  2  1  6  8  9  4 10  5
A48  517  6  5  4  1  2  3  9  8 10  7
A48  518  3 10  9  1  5  8  4  2  6  7
A48  519  4  3  6  1  5  7  8  9 10  2
A48  520  4  7  2  1  3  5  8 99 99  6
A48  521  5  9  4  1 10  6  8  3  7  2
A48  522  3 10  9  1  2  6  8  4  7  5
A48  523  3  9  4  1 10  6  8  5  7  2
A48  524  2  5  6  1  3  7  8 10  9  4
A48  525  2  3  5  1  4  6  9 10  8  7
A48  526  5  6  2  1  3  7  9 99  8  4
A48  527  5  2  4  1  7  3  6  9 10  8
A48  528  5  2  9  1  3  4  6 10  7  8
A48  529  5  9  4  1  3 10  8  7  6  2
A48  530  2 10  3  1  7  6  8  4  9  5
A48  531  6  4  8  1  7  2 99  3 99  5
A48  532  3  2  7  1  4  5  6 10  9  8
A48  533  4  3  2  1  5  6  7  8  9 10
A48  534  4  3 99  1 99  5 99  2 99  6
A48  535  3  5  8  1  4  2  9 10  7  6
A48  536  2  7  5  3 10  8  9  1  6  4
A48  537  5  4  7  2  9  8  3  1 10  6
A48  538 99 99 99 99  4  3 99  1 99  2
A48  539 99  8  7  3 99  6  5  1  2  4
A48  540  3  4  9  5 10  2  6  1  8  7
A48  541 99  2 99  3 99 99 99  1 99  4
A48  542  3 99 99  2 99  5  4  1  6 99
A48  543 99  3  5 99 99  4 99  1 99  2
A48  544 99 99 99  3 99 99  2  1 99 99
A48  545  9  8  7  6 10  5  4  1  3  2
A48  546  2  4  8  5 99  9  6  1  7  3
A48  547 99  7  6  5 99  4 99  1  2  3
A48  548 99 99 99  3  4  2  6  1  5 99
A48  549  9  8  4  7 10  3  6  1  5  2
A48  550 10  8  3  4  9  5  2  1  6  7
A48  551  9  8  2  3 10  5  4  1  6  7
A48  552  4  5  3  2  6  7 10  1  9  8
A48  553  9 10  8  2  7  3  6  1  4  5
A48  554  9 10  2  8  7  6  5  1  3  4
A48  555 99 99  5  2 99  4  3  1 99 99
A48  556  3  8  4  2  9 10  7  1  6  5
A48  557  4  5  8  2  7  3  9  1 10  6
A48  558  5  6  2  9 10  7  4  1  3  8
A48  559 99 99  4  5 99  2  3  1 99 99
A48  560  3  6  4  9  2  7 10  1  8  5
A48  561  6  2  3 10  5  7  4  1  9  8
A48  562 10  3  9  4  5  7  6  1  8  2
A48  563 99  2  3 99  4  6  5  1 99  7
A48  564  9  8 10  2  6  4  5  1  7  3
A48  565  2 99 99 99 99 99 99  1 99 99
A48  566  8  9  7  3 10  2  6  1  4  5
A48  567 10  9  2  7  8  6  5  1  3  4
A48  568  8  9  2  5 10  3  6  1  7  4
A48  569  2 99 99  4  6 99  3  1 99  5
A48  570  6  3  8  4  5  7  9  1 10  2
A48  571 99  2  4  5 99 99 99  1 99  3
A48  572  5  4  7  6 10  2  8  1  9  3
A48  573  2 99 99  3 99  5 99  1 99  4
A48  574  5  4 99  2 99  3 99  1 99 99
A48  575  8  7  6  2  9  5  3  1  4 10
A48  576  2  3  5  4 99 99 99  1 99  6
A48  577 99  5 99  4  2 99 99  1 99  3
A48  578  2  8  3  6  9  5  7  1 10  4
A48  579 99 99  2 99 99 99 99  1 99 99
A48  580  5  6  7  4  8  2  3  1  9 10
A48  581  2 10  9  7  8  3  4  1  5  6
A48  582  9  8  5  2 10  7  4  1  3  6
A48  583  4  9 99  7  6  2  3  1  8  5
A48  584 99 99 99 99 99 99 99  1 99 99
A48  585 10  4  3  2  8  6  7  1  9  5
A48  586  8  7  4  2  6 10  5  1  3  9
A48  587 99 99 99  2  3  4 99  1 99 99
A48  588 10  9  5  6  7  2  3  1  8  4
A48  589  4  5  7  2  3  6  9  1  8 10
A48  590 99  2 99 99 99 99 99  1 99 99
A48  591  2  3  6  5  4  7  8  1  9 10
A48  592 99 99 99  2  3 99 99  1 99 99
A48  593 99  2  4  3 99 99 99  1 99 99
A48  594  6 10  8  2  9  3  7  1  5  4
A48  595  9  8  7  4 10  5  3  1  2  6
A48  596  9  3  8  4  7  5  6  1 99  2
A48  597 99 99 99  4 99  3  2  1  5 99
A48  598 99 99 99 99 99 99 99  1 99 99
A48  599 99  6  5  4  8  3  7  1  9  2
A48  600  2  4  8  6 10  9  7  1  3  5
A48  601 99 99 99  4  3 99  2  1  5  6
A48  602  3 99 99  2 99 99 99  1 99 99
A48  603 10  7  6  5  9  4  3  1  8  2
A48  604  2  5  6  4  3  9 10  1  8  7
A48  605 99 99 99  3 99  2 99  1 99  4
A48  606  4 10  2  3  9  5  8  1  6  7
A48  607 99  1  7  2  6  8  9  3  5  4
A48  608  4 10  2  3  9  5  8  1  6  7
A48  609  7  1  2  8  3  9 10  4  6  5
A48  610  5  1  4  7  8  6 99  2  3  9
A48  611 99  1 99  2 99 99 99  3 99  4
A48  612  5  1  7  3  6  4 10  2  9  8
A48  613 10  1  9  7  3  2  8  4  6  5
A48  614  9  1  8  2 10  7  6  3  4  5
A48  615  9  1  4  8 10  5  6  2  7  3
A48  616  9  1  6  3  4  5  8  2 10  7
A48  617  4  1  5  8  2  7  9  3  6 10
A48  618 99  1 99 99 99  4  3  2 99 99
A48  619 99  1 99  2 99  3 99  4 99 99
A48  620 99  1 99 99 99 99 99  2 99 99
A48  621 10  1  6  2  7  5  4  3  9  8
A48  622  7  1  4  8  3  5  6  2 10  9
A48  623 99  1 99  3 99 99  5  2 99  4
A48  624 10  1  4  3  9  8  7  2  6  5
A48  625  4  1 99 99 99  3 99  2  5  6
A48  626 99  1 99  2 99 99 99  3 99 99
A48  627 10  1  5  6  9  2  7  3  8  4
A48  628 10  1  9  2  8  5  6  3  7  4
A48  629  3  1  4  5  6  7  8  2  9 10
A48  630 10  1  9  8  2  3  6  4  5  7
A48  631  5  1  6  3  7  2  8  4 10  9
A48  632 10  1  6  8  2  7  9  3  5  4
A48  633 99  1 99 99  2 99 99  3 99  4
A48  634  6  1  2  3 10  5  9  4  8  7
A48  635 10  1  6  4  9  5  7  2  8  3
A48  636 99  1  3  4  2 99 99  5 99 99
A48  637 99  1 99  4 99 99  3  2 99 99
A48  638  9  1  3  2 10  7  8  4  5  6
A48  639 99  1 99 99 99 99 99  2 99 99
A48  640  8  1 10  4  7  3  5  2  6  9
A48  641 99  3 99  4  1  2 99  5 99 99
A48  642  3 99 99  4  1 99 99  2 99  5
A48  643 99  3 99  2  1 99 99  4 99 99
A48  644 99  9  5  4  1  2  8  3  7  6
A48  645 99 99 99  2  1 99 99  3 99 99
A48  646  8  2  3  5  1  7  9  4 10  6
A48  647  5 99  4 99  1 99 99  2  3 99
A48  648  4  7 10  5  1  8  9  2  3  6
A48  649  3  8  7  4  1 10  9  2  5  6
A48  650  3 99 99 99  1 99 99  2 99 99
A48  651  4  5 99  2  1 99 99  3 99 99
A48  652 10  8  4  3  1  2  7  5  6  9
A48  653  8  7  5  2  6  3  4 10  1  9
A48  654  7  5  6  3  8  4  2  9  1 10
A48  655 99  7  2  3  8  4  6 99  1  5
A48  656 10  8  4  5  6  2  3  9  1  7
A48  657  9  6  2  4  8  3  5 10  1  7
A48  658 99  6  4  3  5  9  2  8  1  7
A48  659  4  8  2  6  9  3  7 10  1  5
A48  660 10  8  7  4  9  5  3  6  1  2
A48  661  7  9  6  4 10  2  8  3  1  5
A48  662 99  9  2  3  8  4  7  6  1  5
A48  663  5  6  7  4  2  3  8  9  1 10
A48  664 10  9  8  6  4  2  3  7  1  5
A48  665 99  7  5  2  8  3  4 99  1  6
A48  666 99 99 99  2  3  5 99  4  1 99
A48  667 99  3  4  8  5  2  6  9  1  7
A48  668 99  6  2  8  9  3  4  7  1  5
A48  669 10  6  7  8  9  2  4  3  1  5
A48  670 99 99 99  3  5  4 99  2  1 99
A48  671  5 99  4  2  6 99 99 99  1  3
A48  672 10  8  3  4  5  7  6  9  1  2
A48  673 99 99  7  3 99  5  2  4  1  6
A48  674  5  3  6  7  9 10  8  4  1  2
A48  675 99 99 99  4 99  3  2 99  1 99
A48  676  9 10  5  4  8  3  6  7  1  2
A48  677 10  6  4  7  9  2  8  5  1  3
A48  678  6  1  9  3  2  4 99  7  5  8
A48  679 10  1  4  2  3  5  7  8  6  9
A48  680 10  1  9  8  2  3  7  5  4  6
A48  681  4  1  9  6  5  7  8 10  2  3
A48  682  9  1  5  8 10  4  6  7  2  3
A48  683  7  1  8  2  6  3  9  5  4 10
A48  684 99  1 99  2  3  4  6 99  5 99
A48  685 99  1 99 99 99  2 99 99  3 99
A48  686  7  1  9  6  2  3  8  5  4 10
A48  687  3  1  6  8  9  4  7 10  2  5
A48  688  8  1  7  6  9  3  4  5  2 10
A48  689  9  4  5  3  1  2  8 99  6  7
A48  690 10  5  4  3  1  2  7  8  6  9
A48  691  7  2  4  8  1  6 10  9  3  5
A48  692  8 10  2  1  9  6  7  4  5  3
A48  693  9  8  2  1 10  3  7  6  4  5
A48  694 10  2  8  1  7  3  6  9  4  5
A48  695  9  3  2  1  8  4  7 10  5  6
A48  696  7  6 10  1  9  8  5  3  4  2
A48  697 99  7  6  1  8  2  5 99  3  4
A48  698  9  8  7  1 10  2  6  3  4  5
A48  699  6  5  7  1  8  9  4  3  2 99
A48  700  8  2  5  1  4  3  9  7  6 10
A48  701 10  8  7  1  9  6  3  5  2  4
A48  702 99  2  7  1 99  6  5 99  4  3
A48  703  4  9  6  1  5  7  8 10  3  2
A48  704 99  6  2  1 99  3 99 99  4  5
A48  705  4  5  9  1 10  7  8  6  2  3
A48  706 10  8  7  1  9  4  3  5  2  6
A48  707  5  9  6  1 10  7  8  2  4  3
A48  708  9 10  7  1  8  2  6  3  4  5
A48  709  8  7 10  1  5  2  9  6  3  4
A48  710  9  3  5  1  7  2 10  8  6  4
A48  711 99 99  6  1 99  2  5 99  4  3
A48  712 99 99 99  1  2  3 99  5  6  4
A48  713  9  6  3  1  8  4  7 10  2  5
A48  714  9  6  7  1  5  4  3 10  2  8
A48  715  8  9  3  2  4  1 99  6  7  5
A48  716 10  8  5  4  3  1  6  7  9  2
A48  717  7  8  6  9  4  1  2  3  5 10
A48  718  9  8  4  3  2  1  5 10  6  7
A48  719 10  8  2  5  9  1  7  3  6  4
A48  720 10  9  3  4  5  1  8  2  7  6
A48  721 10  8  7  3  9  1  2  4  5  6
A48  722  9  8  7  3 10  1  5  2  4  6
A48  723 10  7  2  4  5  1  6  8  9  3
A48  724 99  8  3  2  5  1  4  7  9  6
A48  725 10  4  8  3  6  1  2  9  5  7
A48  726 10  4  2  5  6  1  7  8  9  3
A48  727  9  8  7  2 10  1  5  6  4  3
A48  728  9  4  5  2  3  1  6 10  7  8
A48  729 10  8  7  2  9  1  5  4  3  6
A48  730 99  7  2  6 99  1  4 99  3  5
A48  731 10  6  5  3  7  1  4  9  8  2
A48  732  8  7  6  5  4  1  9  2  3 10
A48  733 99  5  6  2 99  1  4  7  8  3
A48  734  9  6  8  7  5  1  3 10  2  4
A48  735 10  7  6  3  4  1  8  9  5  2
A48  736 10  8  7  3  2  1  6  9  5  4
A48  737  5  2  9  6 10  1  7  4  3  8
A48  738 10  7  5  4  2  1  6  3  8  9
A48  739 10  5  3  6  7  1  4  9  8  2
A48  740  9  6  2  3  5  1  8 10  7  4
A48  741  9  4  6  7  2  1  8 10  5  3
A48  742  9  8  3  6  4  1  7 99  5  2
A48  743 99  5  4  2  3  1  6  7  8  9
A48  744 10  7  2  4  5  1  6  9  8  3
A48  745 10  6  7  2  3  1  5  9  8  4
A48  746 10  9  4  5  2  1  6  8  7  3
A48  747  9  8  4  5 10  1  6  7  3  2
A48  748 99 99  3  4 99  1 99 99  5  2
A48  749  9  7  2  3  6  1  5 99  8  4
A48  750 99  5  4 99  3  1 99 99  2  6
A48  751 10  3  4  5  6  1  7  8  9  2
A48  752 99  2 99  3 99  1 99  4  5 99
A48  753 10  5  4  7  2  1  6  9  8  3
A48  754  5  6  2  3  7  1  8 99  4  9
A48  755 99  5  6  8  4  1  3  7  9  2
A48  756 99 99  2 99 99  1  3 99  5  4
A48  757  9 10  6  2  5  1  8  3  7  4
A48  758  9  8  5  6 10  1  4  3  2  7
A48  759 10  8  2  3  9  1  7  4  5  6
A48  760 10  3  4  5  2  1  8  9  6  7
A48  761  9  2  8  6  7  1  5 10  4  3
A48  762 10  6  5  4  7  1  2  8  9  3
A48  763 10  8  5  6  2  1  4  7  9  3
A48  764 10  8  2  4  9  1  5  6  7  3
A48  765 99 99 99  4 99  1  2 99  5  3
A48  766  9  7 10  3  6  1  5  4  8  2
A48  767 10  9  2  3  8  1  7  6  5  4
A48  768  8 10  5  6  7  1  9  4  2  3
A48  769 99  7  5  4  9  1  6  8  3  2
A48  770 10  9  2  3  7  1  6  4  8  5
A48  771 99 99  3  6 99  1  5  7  4  2
A48  772  9  3  5  4  2  1  8 10  7  6
A48  773 99  2 99  4 99  1  6 99  3  5
A48  774 10  4  3  2  6  1  9  8  5  7
A48  775  9  5  6  2 10  1  3  4  7  8
A48  776 99  6  5  4  3  1  2  9  8  7
A48  777 99  8  5  4  3  1  2  9  7  6
A48  778 99  8  6  3  7  1  2  5  9  4
A48  779  6  2  5  7  8  1 10  9  4  3
A48  780 99  8  6  4 99  1  5  2  3  7
A48  781  8  7  5  4  3  1  9 99  6  2
A48  782  9  7  4  3  5  1  6 10  8  2
A48  783 99  9  3  5  2  1  4  8  7  6
A48  784  6  5  7  3  8  1  2  9  4 10
A48  785 99  9  5  2  8  1  7  6  4  3
A48  786 10  7  5  4  3  1  2  9  8  6
A48  787  9  2  7  3  8  1  4 10  6  5
A48  788 99  7  2  3 99  5  4  6 99  1
A48  789  6  3  4  2 10  9  8  7  5  1
A48  790 99  7  6  8  4  5  3  9  2  1
A48  791 99  6  7  3  4  8  2  5  9  1
A48  792  7  8  6  3  2  4  9 99  5  1
A48  793  5  6  7  4  2  8  9  3 10  1
A48  794 99  6  3  5 99  2  4  8  7  1
A48  795  9  8  5  6 10  4  7  2  3  1
A48  796  2  3  4 99 99  5 99 99 99  1
A48  797 99 99  2 99 99 99  3 99 99  1
A48  798 10  5  2  6  9  4  3  8  7  1
A48  799  8  7  6  3  4  5  9  2 10  1
A48  800  8  7 10  6  5  4  3  2  9  1
A48  801  6  5  3  9  2  4  7 10  8  1
A48  802 10  6  7  2  9  5  4  3  8  1
A48  803  6  9  5  4  2  7  8  3 10  1
A48  804 99  6  2 99  5  4  3 99 99  1
A48  805  2  8  3  9  4  6  5  7 10  1
A48  806  5  3  7  8  6  2  4 10  9  1
A48  807  9  7  5  2  6  3  4 10  8  1
A48  808 99  5 99  4  2  3 99 99 99  1
A48  809 10  7  3  4  6  2  5  9  8  1
A48  810 10  5  4  2  6  7  3  9  8  1
A48  811 99 99  2 99 99  5 99  3  4  1
A48  812  9  6  5  3  2  8  4 99  7  1
A48  813  7  9  3  8 10  5  4  2  6  1
A48  814 99 99 99  3 99  2 99 99 99  1
A48  815 10  3  7  8  4  6  5  2  9  1
A48  816  7  8  3  6  2  5  4  9 10  1
A48  817 10  9  8  2  7  4  5  3  6  1
A48  818 99 99  4  5 99  2  6 99  3  1
A48  819 10  9  3  2  8  4  6  5  7  1
A48  820  3  7  8  6  9  4  5  2 10  1
A48  821 10  4  5  6  9  3  7  8  2  1
A48  822 99 99  7  2 99  5  4  3  6  1
A48  823  5 10  6  2  4  7  9  3  8  1
A48  824 99 99  2  7 99  4  6  3  5  1
A48  825  9  2  4  3  8  7  5 10  6  1
A48  826  8  6  7  3 10  4  5  2  9  1
A48  827  9  6  2  5  4  7  3 99  8  1
A48  828 99  2  6  3  7  5 99  4  8  1
A48  829 99 99 99 99  3 99 99  2 99  1
A48  830 99  3 99  2 99 99 99 99 99  1
A48  831 99  7  2  5 99  6  4 99  3  1
A48  832 10  2  3  4  9  5  8  6  7  1
A48  833 10  6  4  3  5  2  7  8  9  1
A48  834  8  7 10  6  9  4  5  3  2  1
A48  835 10  9  5  7  6  4  3  8  2  1
A48  836  6  2  9  4  3  7 10  5  8  1
A48  837  8  7  5  6  2  4  3 10  9  1
A48  838  8  6  2  3  4  5  7 10  9  1
A48  839 99 99  3  2  4  5  6 99 99  1
A48  840  9  5  7  3  4  2  6 10  8  1
A48  841 99 99  6  7 99  5  4  3  2  1
A48  842 99  3 99 99 99 99 99  2 99  1
A48  843 10  4  5  3  7  2  6  8  9  1
A48  844 10  8  4  3  7  2  6  9  5  1
A48  845  8  3  5  4  7  2  6  9 10  1
A48  846 99  7  6  5 99  2  8  4  3  1
A48  847  6  5  4  8  3  2  7  9 10  1
A48  848 99 99 99 99 99  2 99 99 99  1
A48  849  9  1  7  3  5  4  6 99  8  2
A48  850 99  1  5  3  4  2  9  7  8  6
A48  851 99  1  7  2  3  5  8  6  9  4
A48  852 99  1 99  2 99 99  4 99 99  3
A48  853 99  1  5  2 99  6 99 99  4  3
A48  854  9  1  3  8 10  2  7  6  5  4
A48  855 10  1  6  3  5  2  9  8  7  4
A48  856 99  1  3  2 99  5 99 99 99  4
A48  857 10  1  9  2  6  4  5  8  7  3
A48  858 10  1  6  3  2  8  7  9  5  4
A48  859  6  1  2  4  7  3  8  9 10  5
A48  860  9  1  8  7  6  5  4 10  3  2
A48  861  4  1 99 99  3 99 99 99 99  2
A48  862 99  1 99  4  3 99 99 99 99  2
A48  863 99  1 99  2  4 99 99 99 99  3
A48  864  5  1  9  3  2  6  8  7 10  4
A48  865 99  1  3  2  4  7  6 99 99  5
A48  866 99  1  4  5 99  2  6 99 99  3
A48  867 99  1 99 99 99  2 99 99 99  3
A48  868  6  1  8 10  2  5  4  7  9  3
A48  869 99  1  8  4  3  6  7 99  5  2
A48  870 99  1 99  4 99  3 99 99 99  2
A48  871  8  1 99  4  7  2  5 99  6  3
A48  872 99  1  2  5  6  3  7  9  8  4
A48  873  8  1  6  2  3  4  9  7 10  5
A48  874 10  1  2  8  9  4  7  6  5  3
A48  875 99  1  4  6 99  5  7  3 99  2
A48  876 10  1  6  5  3  8  4  9  7  2
A48  877  9  1  5  2  3  7  6 10  8  4
A48  878  9  1  2  3  8  6  7 10  5  4
A48  879  6  1  5  4 10  2  9  8  7  3
A48  880 10  1  5  9  2  4  7  8  6  3
A48  881 99  1  6  2  3  4  7 99 99  5
A48  882 10  1  6  5  9  8  4  7  3  2
A48  883 99  1 99  2  4 99 99 99 99  3
A48  884 10  1  2  3  7  4  8  6  9  5
A48  885  5  1  9  6 10  7  8  3  4  2
A48  886  6  1  7  4  3  5  8  9 10  2
A48  887  5  1  8  3  2  6  7 10  9  4
A48  888 99  1 99 99  2  4 99 99 99  3
A48  889  8  1  2  5  6  3  7 10  9  4
A48  890  8  1  6  4  7  2  5  9 10  3
A48  891 99  1  3  2  8  4  7 99  6  5
A48  892 10  1  9  2  8  3  7  6  5  4
A48  893 99  1  6  7  4  2 99  5 99  3
A48  894  9  1  3  6 10  2  5  8  7  4
A48  895 99  1  3  4 99  5  6  7  8  2
A48  896  5  1  2  6  7  3  9  8 10  4
A48  897 99  4  6  2  1  3  7 99 99  5
A48  898  9  3  5  6  1  2  7 10  8  4
A48  899 99  2  4  3  1  6 99  7 99  5
A48  900 10  7  8  5  1  3  6  4  9  2
A48  901  8  3 10  5  1  4  6  9  7  2
A48  902  8  6  4  2  1  3  7  9 99  5
A48  903  4 99 99  3  1 99 99 99 99  2
A48  904  5 99  2  3  1  7  8  6 99  4
A48  905 99  4 99  3  1 99 99 99 99  2
A48  906  3 99  4 99  1  5 99 99 99  2
A48  907  9  4  3  2  1  5  7 10  8  6
A48  908  6  5 10  7  1  3  4  8  9  2
A48  909 99 99  3  2  1 99 99 99 99  4
A48  910 10  3  8  5  1  2  7  9  6  4
A48  911 10  5  3  2  1  6  7  9  8  4
A48  912 99  4 99 99  1  2 99 99 99  3
A48  913 10  3  4  5  1  6  7  8  9  2
A48  914 99 99 99  4  1  2 99 99 99  3
A48  915  7  3  6  2  1  5  8 10  9  4
A48  916  9  6  7  4  1  2  5 10  8  3
A48  917  9  6  7  4  1  2  8  5 10  3
A48  918  5  2  7  3  1  8  9  6 10  4
A48  919  9  7  3  6  1  2  5 10  8  4
A48  920  9  7  8  2  1  3  5 99  6  4
A48  921  8  9  5  2  1  4  6 10  7  3
A48  922  5  7  3  2  1  8  9 10  6  4
A48  923  9  5  3  4  1  2  7 99  8  6
