 A5  762 PR ASN VOTERS ELECT >7  OUT OF 16  BY STV.                        
  5    1  1 15  2 16  6  3  7 12  8 13 10  5  4  9 11 14
  5    2  4 13 16 14  5  1  6  7  8 11 12  2  9 10 15  3
  5    3  3 14  2 15  6  1  7  9  4 16 13 11  8 10 12  5
  5    4  7 15  2  8  4  1 14  3 16 13  6 10  5 11 12  9
  5    5  9 12  8  5 10  1 11  3 14 15  4  7  6 16  2 13
  5    6 12 10  6 16 11  1  5  9  2 13  7 14 15  8  4  3
  5    7  3 99  4 10 12  1  7  2 99 99  5 99  6 11  8  9
  5    8 10  8  4  9  2 15 12  7 11  3  6 13  5 14  1 16
  5    9 99 99 99 99 99 99 99 99 99  4 99  5 99  1  2  3
  5   10  4 10  3  2 13 11 14  5  9 16 15  6  7  8  1 12
  5   11  4 99 99 99 99 99 99  3 99 99  5  2 99 99 99  1
  5   12  4 10 15  9  8  7  5  6 14 16  3  2 11 12 13  1
  5   13  3 16  5  6  7 10  9  4 11  8 12  2 15 13 14  1
  5   14  7 99  6 99 99 99 99  5 99  3 99  2 99  4 99  1
  5   15 99 99 99 99 99 99 99 99 99 99 99  3  2 99 99  1
  5   16  6 99 99 99 99 99  5 99 99 99  3  2  4 99 99  1
  5   17  1  9  7 15 14 16 12  3  8 10 11  4  5  6 13  2
  5   18  1 15  6  5 16 13 10  9 12 11  4  3  7 14  8  2
  5   19  2 99  5 99  6 99  7  1  4 99  9  3 99 99 99  8
  5   20 16  6 15 11  4  3 10 13  5  1 12  2  9 14  7  8
  5   21  7 99 99 99 99 99  6 99  5  1 99  2 99  4 99  3
  5   22  1 99 99 99 99  5 99 99 99  2 99  3 99 99 99  4
  5   23 12 11  1  7  3  6  4 13 16 14  5  2  8 10  9 15
  5   24 10 99  2 99 11  8  7 14  9  3 13  1  5  6 12  4
  5   25  5 12  3 13 15 16 14  7 11  8  4  1  6  9 10  2
  5   26 99 99 99 99 99 99 99  3 99  2 99  1 99  5 99  4
  5   27  6  7  5 15  4 14  8  2  9 13 12  1 11  3 10 16
  5   28  3 11  2  4 13 14 12  5 10 16  9  1  8  6 15  7
  5   29 99 99  5 99  6 99 99 99 99  2  3  1  4 99 99 99
  5   30 99 99 99 99 99  6  5  3  4 99 99  1 99  2 99 99
  5   31 99 99 99 99  4 99 99 99  3 99 99  1 99 99  2 99
  5   32 99 99 99 99 99 99 99  2 99  3 99  1 99  5 99  4
  5   33  7 14  8 15  9 12  3  4 13  5 11  1 10  6 16  2
  5   34  7 14  3  8  9  4  2  5 15 16  6 13  1 12 10 11
  5   35 13 12 11  5 10  4 15  3 14 16  2  9  1  8  7  6
  5   36 12 11 14 10 13 15  2  3 16  9  8  7  1  5  6  4
  5   37 99 99 99 99  2 99  5 99  4 99  3 99  1 99 99 99
  5   38 99 99 99 99  6  7 99  2 99 99  5 99  1  3  4 99
  5   39  3 99  4  6  7 99  2 99 99 99  5 99  1 99 99 99
  5   40  4  3 16  5 13 14  6  7 12 15  2 11  1  8  9 10
  5   41  1 99 99  3 99  2 99 99 99 99  5 99  4 99 99 99
  5   42  1 99  2 99 99 99 99 99  4 99  3 99 99 99 99 99
  5   43 14 13  4 11  2  1 10  3 11 15  8 12  9  5  6  7
  5   44  3  9  4 10 12  1  5  2 14  6 15 11  8 13 16  7
  5   45 99 99  4  8  3  1  9  2 99 99 99  7  6  5 99 99
  5   46  2 99  3 99 99  1 99 99 99 99 99 99 99 99 99  4
  5   47 12  9  3  2 10  1 11  4 13 16 14  8  5 15  6  7
  5   48  2 15  3  4  5  1 14 13 12 16  6  8  7  9 10 11
  5   49  8  9 12  3  5  1  4 16 14 15  6 10  7 11 13  2
  5   50  4 12  2  8  3  1  7 10  9 13  5 15  6 14 11 16
  5   51  3  6  9  7 12 13  2 15  1  5 11  8 10 14  4 16
  5   52  1  4  9 16 15  5  3  8  2 13  7 14 10  6 11 12
  5   53  3  7  9  5 13 14  2 11  6  1 10 16  4 15  8 12
  5   54  8  1  5  9  6  7  2 14 11 16  3 15  4 13 12 10
  5   55  1  2  3 16 14 12  4 10  5 15  6 13  7  8 11  9
  5   56  1  2 14 12 13 11  3 10  4  5  9  6  7  8 16 15
  5   57  1 16 15 12  6 11  3  7  8 13  4 14  9  2  5 10
  5   58  5 14  1 13  4 10  2  3 15 16  6 12  7  8 11  9
  5   59  2 12  1 13  5 14  3 15  6 16  4  7  8  9 11 10
  5   60  1  6  2  7  8 10  3 11 13 15  9  4  5 12 14 16
  5   61  1 99 99 99  4  5  2 99  3 99 99 99 99 99 99 99
  5   62  1  6  5 99  8 99  2  7 99 99  3 99  4 99 99 99
  5   63  1 99  2 99 99  7  3 99 99 99  6  4  5 99 99 99
  5   64  1 11  7  6 15  9  2  8  3  5 10 16  4 12 13 14
  5   65  1  7 12 15 13  8  2 14  3  9  4  5 16 11 10  6
  5   66  1 99  9  5  6 99  2 12  7  4 10  8  3 11 14 13
  5   67  1 15 16 13  3 11  2  8  9 14 12  5  4  6  7 10
  5   68  1 99  2  6  9  7  3 99 99 99  4  5  8 99 99 99
  5   69  3 15  9 16 13 12  1  4  8  5 10  6  7 11 14  2
  5   70  2 99  4  3  7  8  1 99  6 99  5 99 99 99 99 99
  5   71  2 12  3  6  5  7  1 13 10 16  8  9  4 14 15 11
  5   72  4 15 16 10 12 11  5  6 13  3  7  1 14  9  8  2
  5   73  3 99  5 99 99 99 99 99 99  6 99  1  4 99 99  2
  5   74  3  4  5 11  2  8  9 10 99  7  6  1 12 99 99 99
  5   75  5 15  6  7 99 11 16 10  1 12  8 14  2 13  3  9
  5   76 11 99  3  2 99  7 99  1 99 10 99  8  9  4  5  6
  5   77 99 99  1 99 99  6  4 99  7 99  5 99  3 99  2 99
  5   78  1  4 12  8  5 10  9 99 11 99  7 99  6  3  2 99
  5   79  2 12  3 11  4  5 16 10  7  6 15  8 14 13  1  9
  5   80  3 11 12 14  6  5 10  2  7 16 15  8 13  4  1  9
  5   81  5 14  2  4  7 10 13  3 15 16 12 11  8  9  1  6
  5   82  9 16  2  7  8 10 15  3 11  6 13 12 14  4  5  1
  5   83  3 16  8 15 10  5 13  2 12 11  6 14  4  7  9  1
  5   84  3 14  4 15  5  6 16  7 12  2 13  8 11  9 10  1
  5   85 99 99 99 99  3  5 99  2 99 99 99 99  4 99 99  1
  5   86 99 99  3  2  6  5 99  1 99 99 99 99  4 99 99 99
  5   87 12 14  3  2 13  4 15  1  6 16  5 11 10  9  8  7
  5   88  1 16 12  3  5  4 13 14  2  6  7  9 10  8 11 15
  5   89  9  8  1 12  2  3 14 13  6 15  5 16  4 11  7 10
  5   90  3 99  1 99  4  2 99 99 99 99 99 99  5 99 99 99
  5   91  1 99  5  6  7  2  8 99  4  9 10  3 99 99 99 99
  5   92  1 16  2  3  5 10 14 11  9 15  4  7  6 12 13  8
  5   93  1 15  2  3  4  5  6 16  8  9 12 10 11 13 14  7
  5   94  3  6  8 10  2 13  1 15  4  7  8 11  5 12 14 16
  5   95  7  8  3  4  5  6  1 14  9 10 12 11  2 13 15 16
  5   96  4  9  8  5  7 15  1 16  6  2 10 13  3 14 11 12
  5   97  3 99 99 99 99 99  1 99  2 99 99 99 99 99 99 99
  5   98  2 99 99 99 99 99  1 99 99  6  3 99  4 99  5 99
  5   99 11 16  3  6  2  7  1  9  5 12  8 13  4 10 15 14
  5  100  4  5  6 99 99  8  1 99 99 99  7  3 99  9  2 99
  5  101  2  5  3  8  4  6  1  7 11 10 13 14 12 15  9 16
  5  102 99 99 99 99 99 99 99  2 99 99 99 99  3 99  1 99
  5  103 99 99 99 99 99 99 99 99  2  1 99 99 99  3  4 99
  5  104  1 99  5 99 99 99 99 99  3 99 99 99 99  4  2 99
  5  105  2 99  1 99 99 99 99 99  3  4  5 99 99 99 99 99
  5  106  2 12  1  7  6 16  8 13  4 14  5  9  3 11 10 15
  5  107  1 14 15 16  5 10 11  3  4  2  6 12  7  9 13  8
  5  108  1 99 99 99  4 99 99  7  2 99  3 99  6 99  5 99
  5  109  2 99  4 99 99 99 99  1 99 99  3 99 99 99 99 99
  5  110  1 13  2  9 10 11 14  3 16  4  5  6  7 15 12  8
  5  111  1 14  2  7 10 13  8  9  6  5  4 11  3 12 16 15
  5  112  1 99 99 99 99 99 99 99 99 99  3 99  2 99 99 99
  5  113 13  8  1  3 10  6 11  4 14 16  2  7 12 15  5  9
  5  114  2 99  1 99 99 99 99  5  6 99  4 99  3 99 99 99
  5  115  3 11  1 99  4  5  6 99  8 99  2 10  7  9 99 99
  5  116  1  5  6 16  4 12  7  9 14 15  2 13  3 11  8 10
  5  117  1 99  5  9  4  6 99  7 99 99  2 99  3 10  8 11
  5  118  1  4  9 16 11  5 14  8  6 15  2 10  7 12  3 13
  5  119  1 99  4 99  3 99 99 99 99 99  2 99 99 99 99 99
  5  120  1 99  2 10  5  6  7 99 11  9  3  8  4 99 99 12
  5  121  1 13  8  3  6  9 10 14 12 16  2  7  4 15 11  5
  5  122  1 14  3  6  5  4 12  8 11 16  2 13 15 10  9  7
  5  123  1 10 99  3  4  9  5 99 99 99  2 99  6  7 99  8
  5  124  1 99  6 99  3 99 99 99 99  5  2 99  4 99  7 99
  5  125  1  6  5  9  4 10  3 12 13 14  2  8  7 11 15 16
  5  126  1  4  8  9  3 13  6 15  7 11  2  5 12 14 10 16
  5  127  3  5  4  2  6 16  7  8 11 14  1 15 10  9 13 12
  5  128  5 99  4  2  6  3 99  7 99 99  1 99  8 99 99 99
  5  129  5 99 99 99  4  6  3 99 99 99  1 99  2 99 99 99
  5  130 15 12  4  5  6  7  3 13  8 16  1 10  2 14 11  9
  5  131  6 99  3 99  2  4 99  5 99 99  1 99 99 99 99 99
  5  132  7 16 12  1  3  9  8 17  6  2 15  5  4 13 10 11
  5  133  4 99  1 99 99 99 99  3 99  2 99 99 99 99 99 99
  5  134 16  8 17 13 14  9 10 11  7  5 15  6 12  4 99  1
  5  135  1 99  3  4 99  5  7 99  7 99 99 99  2 99  6 99
  5  136  2 16  4 18  5  7 15  8  6 17  3 11  1 12 13 14
  5  137  3 14 16  4 13 15  5  2  8  9  6 12  1 18 11 10
  5  138  2 15  5  9  8  7 14  3 13 16  4 12  1  6 11 10
  5  139 10  9  2  8 11  3 12 13  6  7  5 14  1 15 16  4
  5  140 99 99  5  6 99 99 99 99 99 99  4  3  1 99 99  2
  5  141  2 99  3 99  4 99 99 99 99 99 99 99  1 99 99 99
  5  142  6 12 11  4 10 14  8  9  3 16 15  5  1  7 13  2
  5  143 14 10  7  8  6  5 11  4  9 16 13 15  1 12  2  3
  5  144  4 15 13 14  5  8  7 12  9 16  2  6  1 11 10  3
  5  145 99 99 99 99 99 99 99 99 99 99 99 99  1 99 99 99
  5  146  3 10  4  2 11  7  8 16 12 14  5 15  1  9 13  6
  5  147  6  5  7  8  4 10  3 14  2 15  9 13  1 12 11 16
  5  148 15  3  7  9 11  6  8 10  2 12 16 14  1  4 13  5
  5  149  2 15 14  8 10  9  3 11  5 16  4 13  1  7  6 12
  5  150  2  7  3  8  4 16  5  9 10 11 12 15  1 13 14  6
  5  151  2  7  8 14  6  5  3  9  4 16 13 12  1 11 10 15
  5  152  1  2  2  1  1  2  1  2  2  2  1  1  1  2  2  2
  5  153  1  1  1 99 99  1 99 99  2  2  2 99 99  2 99 99
  5  154  2  1  2  1  2  1  1  1  2  2  1  1  2  2  2  2
  5  155  1  1  1  1  1  2  1  2  1  2  1  2  2  2  2  2
  5  156  1  2  1  2  2  2  2  1  2  1  2  1  2  1  2  1
  5  157 99 99 99  2 99 99 99  1  2 99 99 99  1 99 99 99
  5  158  2  8  1  3  5  4 10 12  9  6 14 15  7 16 11 13
  5  159 99 99  1  2 99 99 99 99 99 99 99 99 99  4 99  3
  5  160  4 12  1  2 13 15  3 14  8 11 10  9  5 16  6  7
  5  161 99 99  1  2  5  4 99  6 99 99  7 99  3  8  9 10
  5  162  2  9  1  3 99 10 99  8  7  4  5 99 99 99 99  6
  5  163  1 10  4  3  9 16  8 14 11 15  6  7  2 12 13  5
  5  164  2 99  3  6  4 99 99  5  7 99  1 99 99 99 99 99
  5  165  5 16  8  9  6  4 10  3 15 14  1 13  2  7 12 11
  5  166  7 99  2 99  5 99  8  4 99  9  1  6 99 99 99  3
  5  167  3 15  2 10  6 11 13  4  7 16  1 12  9  8 14  5
  5  168  1 99  2 99 99 99 99 99  3 99 99 99 99 99 99 99
  5  169  1 99  3 99 99 99 99  4  2 99 99 99  5 99 99 99
  5  170  2  3 99  1  7 99  6 99 99 99 99 99  4 99 99  5
  5  171 99 99  7  1  3 99  4  5  6 99 99 99  2 99 99 99
  5  172 10 15  2  1  6  5 13  3 11 16  7 12  4 14  8  9
  5  173  4 12  6  1 11  2  3 14  7 16  5  8 15 10  9 13
  5  174  2  8  3  1  7  4  5 14  9 13 10  6 11 99 12 15
  5  175  4 99 99  1  5 99 99 99 99 99 99 99  2 99 99  3
  5  176  2 10  4  1  5  8  9 16  7 13 14 12  3 11  6 15
  5  177 11 12  6  1 16  7 13  2  8 14  3 15  5  4  9 10
  5  178 99  9 11  1 99  4  6  5  8 99  2  3  7 12 10 99
  5  179  2 99  8  1  3 99  7 99  6 99  5 99  4 99 99 99
  5  180  4 99 99  1  6 99  7  8 10  5 99  2 99  9 99  3
  5  181  2 99 99  1 99 99  3 99  5 99  6 99  4 99 99 99
  5  182  2 99  6  1 99 99  4 99  3  5 99 99  7 99  8 99
  5  183  3 12  8  1  9 14  7  4 10 11 13  2  6 15 16  5
  5  184 16 13  3  1  6  5 14  2 11 15  8 12  4  7  9 10
  5  185  5 99 99  2  3 99 99 99  1 99 99 99  4 99 99 99
  5  186  4 99  2  3 99 99 99  1 99 99 99 99 99 99 99 99
  5  187  1  9  8  2 10  7 11 12 13  6 14  3  4  5 15 16
  5  188  1 14  8  2  9 10 12 11  5  3 15  6  4 16 13  7
  5  189  1  6  2  3  5 99  7 99  9 99  4 99  8 99 99 99
  5  190  1  5  9  2 99  6  7  8 99  4 99 99  3 99 10 99
  5  191  1 99  5  2 99 99  6  7 99  3 99  4 99 99 99  8
  5  192  1  5  2  7  6  9 13 12  4 11 14  8  3 16 15 10
  5  193 99 99 99 99 99 99 99 99 99 99 99  2 99  3 99  1
  5  194  3 99  2  9 99  1 10  5 99 99  7 99  8 11  4 99
  5  195  1 99  7 99  4  3 99  6 99 99 99 99  2 99 99 99
  5  196  2 99 10 99  6 14  1  9 13  7  5 12  3 11 99  4
  5  197  2 99  1 99  9 10  4 99  8  5 99  6  3 99 99 99
  5  198  1 99  7 99 99  8 99 99 99 99  2  3  4 99  5 99
  5  199  1 10  9 14  4  7  5  8  2 18  3 11 15 13 16 12
  5  200  6 17  4  3  2 14 15 13 12 18  1 16  5  7  8  9
  5  201  9 10  2 17  1  3 18  4 11 13 15 14  5  6 16  7
  5  202  2 99  1 99  3  4  6 99 11 99  5 99  9 10 99  8
  5  203  2  1 11  3 13  4  9 10 12 14  7 15  5 16  6  8
  5  204  5 14  4  3 11 16 10  8  7 13  6 15  2  1 12  9
  5  205 11 14  6 15  3  7 13  1  8 16  5 12  4  2  9 10
  5  206 99 99 99 99  2 99 99  1 99 99 99 99 99 99 99 99
  5  207  1 99  5  8  4  7  6 99 11  3  9 99  2 99 99 10
  5  208  2 12  6  5  4 13 14 11  7 10  8 16  3  1  9 15
  5  209  1 99  3 99  4 11  5 10  8  6 99  9  2 99 99  7
  5  210 11 10  1  8  2  4  3  5 12 14 15  7  6  9 16 13
  5  211  2 99  1  8  3  7  9 99  6 99  5 99  4 99 99 99
  5  212 12 11  1 14  2  3  5  4 10 16 15  9 13  6  7  8
  5  213  2 99  1 99  4 99 99 99 99  6  5 99  3 99 99 99
  5  214  3 99  1  6  2  7 99  8 10 99  4  5  9 99 99 99
  5  215  2 15  1 14  3 13  4  5 11 12  8  9  7  6 16 10
  5  216  1 99 99  6  2  7 99  3  8 99 99 99  4  5 99 99
  5  217  1 99  2 99  3 99  6 99  8  7  4 99  5 99 99 99
  5  218  1 99  2 99  3 99  4 99  5 99 99  6  7 99 99 99
  5  219  1 14 10  6  2 15 11  3  9 12  8  7  5 13 16  4
  5  220  1 99  2 99  3 99 99 99 99 99  4 99 99 99 99 99
  5  221  1 16  8  9  2 10 13 11  5 15  4  6  3 12 14  7
  5  222  1 99 99 99  2 99  3  7  8 99  5  6  4 99 99 99
  5  223  1 14  2 13  3  8  6  4  7 16  9 12 10  5 11 15
  5  224  1 13 16 15  2 12  3  4  5 11  6 10  7  9 14  8
  5  225  5 99  4 99  1 11  6  7  9 99 10 99  2  3 99  8
  5  226  3 99  6 99  1 99 99 99 99  5  7  2  9 99  8  4
  5  227  7  8  3  6  1  9 11 14  5 16  4 12  2 10 13 15
  5  228 99 99 99 99  1  5  6  2 99 99  3 99  4 99 99 99
  5  229  5  7  8  9  1  3 10 11 12 13  4 14  2 15 16  6
  5  230  4  7  3  5  1 14  2 15 11 12 16  8  6 10 13  9
  5  231  3 16  2  7  1 11 15  8 12 13  4 14  5  9 10  6
  5  232  9 99  3 99  1  7  8 13 10  5  4 12  2 11  6 14
  5  233  7 99  5  8  1  6 99 99  9 99  2 99  3 99  4 99
  5  234 11 13  3 12  1  2  4 14 15 16  5 10  6  9  7  8
  5  235  3 99  6 99  1  7  2 99  5 99  4  8 99  9 99 10
  5  236  4 99 99 99  1 99 99 99  2 99 99 99  3 99 99 99
  5  237  6 11 15 12  1  8  2 16  5  9 13  7 14 10  4  3
  5  238  6  4  5  7  1 13  8 12  9 16  2 15  3 10 14 11
  5  239  8  7 13 16  1 15 14  4 11 12 10  3  9  2  5  6
  5  240  3 99 99 99  1 99 99 99 99 99 99 99  2 99 99  4
  5  241  5 99  2 99  1  7 99  8 99 99  3  6  4 99 99 99
  5  242 99 99 99 99  1 99 99 99 99 99 99 99 99 99 99 99
  5  243  8  7  1  4  3 10 11  6 12 16  9 15 13  5 14  2
  5  244 99 99  5 99 99 99 99  6 99 99  4 99  1  3 99  2
  5  245  4  9 10  3  7  8  2 14 11 16  6 12  1 13  5 15
  5  246 99 99  2 99 99 99 99 99 99 99  1 99 99 99 99 99
  5  247  6 10  2 99  3  9  4 99  7 99  1 99  8 99 11  5
  5  248  4 99  3  1  5 99  7 99  9 99  2 99  8 99 99 99
  5  249  8  9  5  1  2  3 10 99 11 14  7 13  4 12 16 15
  5  250  2  9  5  1  4 10  6 11 13 99  7  8  3 16 14 12
  5  251  3 99 99 99  7 99  4 99 99  6 99  2  1 99 99  5
  5  252  2  5 99  6  8  7 99 99  3 99  1 99  4 99  9 10
  5  253 15 13  5 16  6 18  4  7 10  9 14  1 11 12 17  2
  5  254  9  4  1 99  3 99  7 99  6 99 10  2  8 99 99  5
  5  255  2 13 11  5  8  9  6 17 12 10  7  3  4 14 15  1
  5  256 13 16  6 15 17  7 14  1  8 18  4  3  5  9  2 11
  5  257  9 10  1 11 12  2  4 15  3 16 13  5  6 14  7 17
  5  258 14 13  3  7 15  2  5  1 11  9  8 10  4 12 18 17
  5  259  2 12  7  5  3  9 10 99  8 15  6 11  4 99  1 16
  5  260 14  9  8 10 17 16 15  5  7  4 13  1 18  3  6  2
  5  261  1 99  5 99  3  9  2  8 99 99  4 99  7 99 99 99
  5  262  2  7 99 99  8 99  3 99  1 99  4 99  5 99 99 99
  5  263  4 13  5  7  6 11 12 14  1  8  3 11  2  9 10 15
  5  264  4 14  3  8  7  5  1  6 13 10  2 12 18 16 17 11
  5  265  2  8  4  5 10 11  1 12  3 99 99  7  9 99 99  6
  5  266  2  7  4 16 10 12  1 13  9  6  3 11  5 14 15  8
  5  267  3 11  4  5  6 12  1 18  7 13  8 16  2 17 14 15
  5  268  1  4  2  3  6 17  7 18  8  9 10 11  5 16 15 14
  5  269  1 99  6  2  3 99  4 99 99 99  5 99  7 99 99 99
  5  270 99 99  5 99  7 99 99 99  4 99  1 99  2 99  3  6
  5  271 11  2 15 16  3 12  6  7 13 17  1  8 18  9 14 10
  5  272  8  6  2  7  3 11  4 14  5 16  1 15  9 10 12 13
  5  273  5  9  7 12  1 10 11 16  8  4  6  2  3 13 14 15
  5  274  1 99  3 99  2 99  4  8 99 99  5 99 99  6 99  7
  5  275  1 16  2  8  3 12  9 13  4 18  5 14  6 15 17 11
  5  276 99 99  1 99  2 99  5 99  3  8  7 99  4 99  6 99
  5  277  9 10 15 16  3 17 18  2 11  1 12 14 13  4  5  6
  5  278  1  3  4  5 13  6  7 14 15 16  8 11  2 12 10  9
  5  279  1  2  4  3  5 17  6 10  9  8 11 12 14 16 15 13
  5  280  1  2  3  4  5  6  7  8  9 10 11 12 13 14 15 16
  5  281  1  2 15  3  7 11  4 14  5  8 10  9 16 12 13  6
  5  282 99  1 99  2 99  5 99  8 99  4 99  3 99 99  6  7
  5  283  2  1  3  4  8 10  7 11  9  5 12 14  6 13 16 15
  5  284  8  1  5  3  6  7  4 11 15 16  9 14  2 13 10 12
  5  285 99 99  3  4 99 99 99 99 99 99 99 99  2  1  6  5
  5  286 13 12  6 16  2  3  7  1 10 15 11  9  4 14  5  8
  5  287 13 12  6 16  2  3  7  1 10 15 11  9  4 14  5  8
  5  288  1 99  6  7  3 99 99  8 10  2  4 99  5 99  9 99
  5  289  1 99  3 99  4  8 99  9 11  2  5  6 10 13  7 12
  5  290  3  2  1 99  4  5  7 99 99 99  6 99  8 99  9 99
  5  291  3 99  1  5  4 99 99 99  6  7  8 99  9  2 99 10
  5  292  1  8  6 99  3  5  4 99 99 99  7 99  2 99 99 99
  5  293  1 11  2  6  4  9  8 16  7 13  5 12  3 14 10 15
  5  294  1 99  8  7  3 99  4 99 99 99  6  5  2 99 99  9
  5  295  1  5  4 99  3 99 99 99  6 99 99 99  2 99 99 99
  5  296  1 14  3 13  4 10  5 15  6 12  7  8  2 17  9 16
  5  297  1 14  3 16  4  8  9 11 10 15  5  6  2 12  7 13
  5  298  8  9  1 10  2 12 11 14  3  4  5 13  6  7 15 16
  5  299 99 99  1  6  2  3 99 99 99 10  5  4  8 99  9  7
  5  300  2  5  1  4  3  6 13 12  8  9 16  7 15 10 11 14
  5  301  2 12  1  7  3  4  5 13 14 16  8  6  9 11 15 10
  5  302  1 99  7  4  2  5 99 99 99 99  6 99  8 99  3 99
  5  303  1 99 99 99  2 99  4 99 99 99  3 99  5 99 99 99
  5  304  1  5  6  7  2 11  8 12 13 10  3  9  4 14 15 16
  5  305  1  5  2  7  3  8  6 14 10 15  9 13  4 12 11 16
  5  306  1  7  8  6  2  9  3 14 10 16  4  5 11 12 13 15
  5  307  1 10  2  9  3 99 99 99  5 99  6  4  7  8 99 99
  5  308  1  9  2  6  3  4  7 99 99 99  5 99 99 10 99  8
  5  309  1  8  2  6  3  7 10 12 14 11  4  5 13  9 15 16
  5  310  1  9  2 13  3 14 15 10  4 16  5 11  6 12  7  8
  5  311  1 99 99 99  2  3 99 99 99 99  4 99  5 99 99  6
  5  312  1 99  4 99  2 99 99 99  3 99 99 99 99 99 99 99
  5  313  1 11  2 99  3  4 12 13  9  5  6  7 10 99 99  8
  5  314  1  9  2 11  3  7 13 14  4  8  6 10  5 12 15 16
  5  315  1  9 15  6  2  7  8 16 11 10  3  5  4 14 12 13
  5  316  1 99  3 99  2 99 99 99  7 99  5  6  4 99 99 99
  5  317  1  7  2  6  3 11  8 13 10 16  4 15  5 14  9 12
  5  318  5 11  3  4  1  7  8 15  9 16  2 14  6 13 10 12
  5  319  5  7 99  2  1  6 99 99 99 99  3 99  4 99 99 99
  5  320  2 12  3  9  1 10  4 11 16  7  8  5  6 13 15 14
  5  321  5 99  3 99  1  2 99 99  8  4  7 99  6 99 99 99
  5  322  8 99 99  9  1  4 99 99 99 99  2  7  3  5  6 99
  5  323 10 13  4  3  1  2 14  9  5 15 12  7  8 16 11  6
  5  324 99 99 99  4  1  5 99 99 99  3  6 99  2 99 99 99
  5  325  4 10  7  5  1  9  3 16 11 13  8 12  2 15  6 14
  5  326  3  9  2  5  1  8  7 10 16 11  6 13  4 14 12 16
  5  327  2  5  3  4  1  6  7 16 12  9  8 10 11 13 14 15
  5  328  3 99  2 12  1  5  7 11  8 99  6 10  4  9 99 99
  5  329  8  2 14  6  1 11  5 12  7 13  4  3 10 15  9 16
  5  330 11  2  3  7  1 12  4 10  8  9 99 99  6 99  5 13
  5  331  4 99  3  5  1 99  2  9 99  8  6 99  7 99 10 99
  5  332  7 15  4  2  1  9  5 16  8 12  3 14  6 13 11 10
  5  333  3 10  2 11  1  4  5 15  6 12  9 13  7 14  8 16
  5  334  3  9  2 10  1 15  4 14 16  5  6 11  7  8 13 12
  5  335  5  7  6 14  1  8  4 16  9 15  2 11  3 12 13 10
  5  336 99 99  2 99  1 99 99 99 99 99 99 99 99 99 99 99
  5  337  2 99  3  6  1  8  7  9 10 99  4 99 99 99 99  5
  5  338  1 14  8  5  3 10  6 15  7 16  2  9  4 12 13 11
  5  339  1  8  2  7  5  4 10 11 13 12  3 14  9 15  6 16
  5  340  1 10  5  3  4  9  6 12  7 11  2 15  8 14 13 16
  5  341  1  7  5  6  3  8  9 16 10 15  2 13  4 12 11 14
  5  342  1 99  2  5 99 99  7 99  8 99  3 99  4 99  6 99
  5  343  5 10  4  2  6  7  8 14 11 16  1 13  3 15  9 12
  5  344  5 99  4 99  3 99 99 99  7 99  1  8  2  6 99 99
  5  345  2 13  3  7  5  9  4  8 14 16  1 10  6 12 11 15
  5  346  3 99  4  6 99 99  5 99 99 99  1 99  2 99 99 99
  5  347  9 11  5  6 10  7 14 16 12  8  1  4  2 13 15  3
  5  348  9 15  2  8  4 14 11 10  3 16  1 12  7  6 13  5
  5  349  2 14  5  4  6 12  3 13  7 11  1  8  9 16 10 15
  5  350  2 99  7 99  8  9  3 99 99 99  1 99  6 10  4  5
  5  351  2 99  4  9  5 99  6 99  7  3  1 99  8 99 99 99
  5  352  3  5  2  4  6  7  8 12  9 10  1 11 15 16 14 13
  5  353  6  7 14  5 16 15  4 13 10  3  2  8  1  9 11 12
  5  354  2  7  5  8  6  9  3 16 10  4 11 12  1 13 14 15
  5  355 16  4 15  5 14  7 13  6 12  2 11 10  1  8  3  9
  5  356  4 99  6  5  3 99  7 99  8  9 99 99  1 99 99  2
  5  357  3 99  4  2  6  7 10  8  9 99  5 99  1 99 99 99
  5  358  2 99  6 99  4  5  3 99  7  9 10  8  1 99 99 99
  5  359 99 99 99 99  2  4 99 99 99 99  3 99  1 99 99 99
  5  360  2 14  3 16 11 15 12  5  6  7  4  8  1 13 10  9
  5  361  3 99  2  9  4 99 10 99 99  7  8 99  1  6  5 99
  5  362  4  5  6  7  8  9 10 11 12 13 15 14  1  3  2 99
  5  363  4  5  1  5  3  5  5  5  5  2  3  5  3  5  5  5
  5  364  2 99  1 99 99 99 99 99 99 99 99 99 99 99 99 99
  5  365  1 99 99 99 99 99 99 99 99 99 99 99 99 99 99 99
  5  366  2  4  5  3  6  7  1  8  1  6  7  2  3  8  4  5
  5  367  2  1  3  2  3  3  2  3  1  2  3  2  1  3  3  1
  5  368  7  9  1  2 10  3  4 14  8 15 12 11  5  6 13 16
  5  369  4  3  1  2  5 15  6 16  8 11  7 14  9 10 12 13
  5  370  6 10  1  2  3  7  8  9 11 16  5 12  4 13 14 15
  5  371  6 14  1  2 10 15 11  4  7  3 12  5  9 13 16  8
  5  372  3  4  1  2  7  6  5 10 14 16 15  9 11 12 13  8
  5  373  4 11  1  2  5  6  9 15 10 14  3 13  8 16 12  7
  5  374 99 99  1  2  5 99 99  3  4 99 99 99 99 99 99 99
  5  375  2  6  1  3 10 13 14 15  8  7  9 16  4 11 12  5
  5  376  3 99  1  2  5  6 10 99  9 99  4  8  7 99 12 11
  5  377  2  8  1  3  4  6  9 16 14 15  5 13  7 12 11 10
  5  378  3  5  1  2  7  9  8 11 15 16  6 10  4 14 13 12
  5  379  8 11  1  2  6  9 10  3  5 13 12 16  4 15  7 14
  5  380  5 12  1  2  3  6 10 11  4 13  8 14 15  9  7 16
  5  381  4  9  1  3 15 13 10  5  6 16  7 14  2 11 12  8
  5  382  2  5  1  4  8 11  6  7 10  3  9 14 13 15 12 16
  5  383  1  7  8  4  9 13 12 14  5  2  6 10  3 11 15 16
  5  384  1  7  2  4 15  8  5 14  6  3  9 10 16 13 12 11
  5  385  1  2 12  3  4  8  5 13 15 11  9 14  6 16  7 10
  5  386  3 99  2 99  4  5  6 99  7 99  1  8  9 99 99 99
  5  387 11 14  5  6  7 10 15  4 13 16  1  2 12  8  9  3
  5  388 99 99  3  6  2  4  5 99  8 99  1 99  7 99 99 99
  5  389  6 99  5 99  3 99 99 99  4 99  1 99  2 99 99 99
  5  390  1 99  2 99 99 99 99 99  3 99 99 99  4 99 99 99
  5  391  3 99 99 99 99 99 99  2 99  4 99 99 99 99 99  1
  5  392  1 99  3 99 99 99 99 99  2 99 99 99 99 99 99 99
  5  393  2 13  3  1 11  6 15  5  7 12 10 16  8  4  9 14
  5  394  3 99  2  1  8  4  7 99 99 99  5 99  6 99 99 99
  5  395  2  3  8  1  4  5 11 10 15  9  6 14  7 16 12 13
  5  396  2  8  4  1  5  7  9 99 11 10  6  3 13 99 12 14
  5  397  2  7  5  1  6 11  4 15  9 16  3 13  8 12 14 10
  5  398  4 14  2  1  3  8  5  9  6 15 10 11 16 13 12  7
  5  399  2  6  3  1  5  9 10 99  8 99  6  7  4 11 99 99
  5  400  4  9  3  1  2 99 99 99 99  5  8  6 99 99 99  7
  5  401  3  8  2  1 11 13  4 15 10  5  6 16  7  9 12 14
  5  402  8 12  9  1  2 16  7 14  3  5  6 15 13 10 11  4
  5  403  3  4 99 99  5  6  1 99 99 99  8  7  2 99 99 99
  5  404  2  9 10  3  4  5  1 11  6 99  7 12  8 14 13 15
  5  405  4 99  6  5  9 10  1 99  3  7  2 99  8 99 99 99
  5  406  2  5  4 10  3 16  1  9  8 15  6 12  7 13 14 11
  5  407  4  8  2  5 14 15  1 12 10  7 13  9 16  3 11  6
  5  408  2  4 12 15  5 13  1 99  8  9  7 11  3  6 10 14
  5  409  2 99  6 99  7  8  1 99  3 99  5 99  4 99 99 99
  5  410  3  4  2  5  8  7  1  6 11 16 12 13 14 15 10  9
  5  411  4 99  6  2  7 99  1 99  8  8  3 99  5 99 99 99
  5  412 10  5  3 11  9  6  1 13  4 16  7 12  2 15  8 14
  5  413  4  5  8  2  9  3  1 99 99 99  7 99  6 10 99 99
  5  414  2 99  4 99 99  5  1 99 99 99 99 99  3 99 99 99
  5  415 15 10  7  6  2  8  1  9 99  5 14  4  3 11 13 12
  5  416  3 14  4  7 12  8  1  5  6 16 13  9  2 15 10 11
  5  417  5 99  4  6 99 99 99 99 99 99  3 99  2 99  1 99
  5  418  2  9  3  4  5 99  6 99 10 99  7 99  8 99  1 99
  5  419 99 99 99 99  3 99 99 99 99 99 99 99  2 99  1 99
  5  420 99 99  2  3  4 99 99 99 99 99 99 99 99 99  1 99
  5  421 99 99 99 99 99 99  3 99 99 99 99 99  2 99  1 99
  5  422 99 99 99  3  2 99 99 99 99 99 99 99 99 99  1 99
  5  423  2  3  6  8  5 99 99 99  1 99 99 99  7 99 99  4
  5  424  5 99  1  7  6 99  8 99  2 99  9 99  3 10  4 99
  5  425  2 99  1 99  8 99  7 99  5  3 99 99  6 99  4 99
  5  426 99 99  1  4 99 99 99 99 99 99 99 99  3 99  2 99
  5  427  1 99 99 99 99 99 99 99  4 99 99 99  3 99  2 99
  5  428  1 11 13  5 10 12  9 99  8  6  4  7  2 99 99  3
  5  429  1  5  4  9  8 10 11 16  2 12  7 13  3 15 14  6
  5  430  1 13  2  9  6 14  8 12 11 16  4  5 10 15  7  3
  5  431  1 99  7 99 99  5  6 99  9 99  4  8  3 99 99  2
  5  432  5  1  6  7  3  9  8 15  2 10  4 11 12 13 16 14
  5  433  1  2 10  9  8  7 15 12  4  3  5 16 11 13 14  6
  5  434  1 10  2  8  4  9  7 13  3 14  5 16  6 11 12 15
  5  435  1 99  2 99  4  7  8 99  3  9  5 99  6 99 99 99
  5  436  2 99 99  1  3 99 99 99 99 99  4 99 99 99 99 99
  5  437  3  6  5  1  7 99  9 10 99 99  8  4 99 11 99  2
  5  438 99  8  9  1  2  3 99 99  7  4 99 99  6 99 99  5
  5  439 99 99 99  1  2 99 99 99 99 99 99 99  3 99 99 99
  5  440  4 11  7  1  2  9  8 15  5 16 10 13  3 14 12  6
  5  441  2 14  3  1  5 10  6 16 13  8  4  9  7 11 12 15
  5  442 99 11  3  1  7  6  4 10  5 99  2 12 99 99  9  8
  5  443  2 14  7  1 13  6  3 10  5 16  9 12  4 15  8 11
  5  444  1  4  3  2 12  5 11 15 10 13  6  8  9 16 14  7
  5  445  1  7  6  2  8  9  5 16 15 14  3 10  4 11 13 12
  5  446  1 99 99  2  6  4 99 99  7 99  3 99  8 99  5 99
  5  447  1 99  2  3  6  7  5 99  9 99  4 10  8 99 11 99
  5  448  1  8  2  3  9 10  4 13  5 11  6 14 12 15  7 16
  5  449  1 11  6  2  4  5  3 16  7 12  8 13  9 15 10 14
  5  450  1 13  2  3  4 11  5 16  6 15  9 10  7 14 12  8
  5  451  1  9  2  3  4 13 10 14  5 16  6 12  8  7 11 15
  5  452  1 99 99  2 99 99 99 99  6 99 99 99  5  3 99  4
  5  453  2 15  1  6  7  8  9 16 10  3  4 14  5 13 12 11
  5  454 99  2  1 99  5  6 99 99 99 99  3  4 99 99 99 99
  5  455  1  4 99 99 99 99  5 99  6 99  3 99 99  2 99 99
  5  456  2 99  3  6  7  8 99  9 99 99  4 99 10  1  5 99
  5  457  1 99  3  7  8  6  9 99 99 10  4 99  2 99 11  5
  5  458  1  5 14 11  7  4  6 12 10 16  3  9  2 13 15  8
  5  459  1 99  2 99 99  8  6 99 99 99  4 99  3  7  5 99
  5  460  1 16  4  6  5  7 11 10 12  8  3 13  2 15 14  9
  5  461 12 11  1  3  4  5 99  6 99 99  2  8  7  9 10 99
  5  462  7 99  1 99 99  6 99 99 99 99  2  3 99  4 99  5
  5  463  1 99 99 99  3  8  4 99  2  9  6 99  5  7 99 99
  5  464  1  9  3  7  8 10  5 16  2 11  6 12  4 13 14 15
  5  465  7 99  2  8 99  5  4  1 99 99 99 99  3 99 99  6
  5  466  4  1  8  5 99 99  3 99 99  6 99  7  2 99 99 99
  5  467  1  2 16 12 15 14  3 13  4  5 11  6  7  8  9 10
  5  468  1  2  4  6 99  7  3 99 99 99 99 99  5 99 99 99
  5  469  1 16 11  5  6 15  3  8  7 12 13  4  2 14 10  9
  5  470  1 99  7  5  4  8  3 99 99 99  6 99  2 99 99 99
  5  471  1 99  2 99 99  6  4 99 99 99 99 99  3 99 99  5
  5  472  2  5  1 12  6  7  3 14 15 13  8 16  4  9 10 11
  5  473  2 99  1 99  8 99  3 99  5 99  6 99  4  7 99 99
  5  474  2 12  1  5  6  4  3 13  7 16 10  8  9 14 15 11
  5  475  8 16  1 15  7 12  2 14 10  9  5 13  4 11  3  6
  5  476  1 12 16 15  8  7  2  3  4 10 11  6  5 13  9 14
  5  477  1 99  2 99  4  5  3 99  6 99 99 99  7 99 99  8
  5  478  1  8  9  6  5 13  2 11 10  7  3 15  4 16 14 12
  5  479  1  7  2  6  8 12  3 13  4 14  5 16  9 15 11 10
  5  480  1 14  4  9  3  8  2 15  7 16  5 10  6 11 12 13
  5  481  1  7  8  5  3  9  2 99 99 99  6 99  4 99 99 99
  5  482  1  9 10 11 12 13  2 14  4 16  3 15  5  6  7  8
  5  483  1 99 99 99  4 99  2 99 99 99 99 99 99  3 99 99
  5  484  1 99  2  4  6 99  3 99 99 99 99 99  5 99 99 99
  5  485  1 15 12 14  6  5  2 13  7 16  4  8  3  9 10 11
  5  486  3  2 11 13  9  4  1 14 10  5  7 12  6 15 16  8
  5  487 99 99 99 99  4 99  1 99  3 99 99 99  2 99 99 99
  5  488  6  5  7  2 14  3  1 15  4  8 16  9 13 10 12 11
  5  489 99 99 99 99 99  5 99  3 99  6 99  1  2  4 99 99
  5  490  5 99  4  7  8 10 11  6 99 99  3 99  9  2  1 99
  5  491  4  3  5  6  7 11 14  8 10 13  9 15 12 16  1  2
  5  492  1 12  2  5  6 10  9  8 11 13  7 14  3 15  4 16
  5  493  1  4  8  9 12 13  6 15  2  7  5 14 11 10  3 16
  5  494  1  7  2  5  8  9 10 99  6 99  4 11 99 99  3 99
  5  495  2 11  3  8  5  6  7 15 12 10  9 13  4 16  1 14
  5  496  3  4  2  6  5  7 12 13 14 16 15 11  8  9  1 10
  5  497  2 16  4  5  8  6 14  7 13  9 11 10  3 12  1 15
  5  498  7 15  3  2  8  4 14  9 13 16  6 12  5 11  1 10
  5  499  2 16  3  4  6 12 13 11  5 10 14 15  7  9  8  1
  5  500 99 99 99 99 99  3 99  2 99 99 99 99 99 99  4  1
  5  501  2  6  1  5  4  7 16 15 13 14  8 12  9 11 10  3
  5  502  1 10  3  5  9  6  7  8 14 13 11 15  2 12 16  4
  5  503 99 99 99 99 99 99 99 99 99 99  4  3 99  1  2 99
  5  504  2 16  5  4 12 11 14  3  1 15 10  8 13  9  7  6
  5  505  1 10  6 11  4 12  5 13  9  7 15  8  2 14  3 16
  5  506  4  1  8  7  9 14 12 10  2 11 10  5  6 13 11  3
  5  507 99 99 99 99 99 99 99  1 99 99 99  4 99  3 99  2
  5  508 99 99 99 99 99 99 99  2 99  5 99  4 99  1 99  3
  5  509  5 14  7 13  2 10  9 15  6 11 12  8  3  4 16  1
  5  510  1 12  7  5  4  9  8 10 11 16 13  3  6 14 15  2
  5  511 11 10  2 13 99  6 99  1 99  5 12  3  8  7  9  4
  5  512  1 11 12  6 14  7 15  2  9 10  8  3 13  4 16  5
  5  513  3 11  5 12 14  6  4  7  9  1  8  2 10 16 13 15
  5  514  2  3 10 11  7  8  9 12 16  1  6  5  4 15 13 14
  5  515 16  3 15 14  9 10  4 13  5  1  8  2 12 11  7  6
  5  516  2  7  1  7 99 99 99 99 99  3 99  4 99 99  5  6
  5  517  1  7  4 99 99 99 99 99  6 99  5  3  2 99 99 99
  5  518  2 99  1 99 99  6 99  4 99 99 99  3  7 99  8  5
  5  519  2  8  1 10  7  4 11 16 13  5  9  3  6 14 15 12
  5  520  1 99  2  9  8 10  5 99 99  6  4  3  7 99 99 99
  5  521  1 10  8  6  4  9  3 12 11 16  5  2  7 15 13 14
  5  522  1 99  2 99  6  8  5 99  9 99  7  3  4 99 99 99
  5  523  1  7 11 14 12 15 13 16  8  6  9  2  4 10  3  5
  5  524 99 99 99 99 99 99  4 99  3 99 99  1  2 99 99 99
  5  525  5 11  3 10 12 14 13  2  9 16  6  1  7  8 15  4
  5  526  2 16  9  8 11 10 12  4  7  3  5  1 13  6 14 15
  5  527  3 99  5 99 99 99  4  7  6 99  8  1 99 99 99  2
  5  528  2 99 99 99  3 99  4 99 99 99 99  1  6 99 99  5
  5  529  2 15  5  4  6 14  7 16  9 12  3  1  8 13 11 10
  5  530 99 99 99 99 99 99 99 99  3 99  4  1 99 99 99  2
  5  531  3 99 99 99 99  2 99 99 99 99 99  1 99  4 99 99
  5  532  3 99  4  5  2 99 99 99 99  6 99  1 99 99 99 99
  5  533 13  7 14  8 10  9 11 12  6  3 15  1  4 16  5  2
  5  534  3 11  4 12  5 13  2 16  8 10  9  1 15 14  7  6
  5  535  4  6  7 12 16 14  8  3  5 11 10  1  9 15 13  2
  5  536 99 99 99 99 99  3  4 99  5 99 99  1 99  2 99 99
  5  537  8  5  1 99  4  2 99  6 99  9  7 99  3 99 99 99
  5  538 99 99  1 99 99  2 99  3 99 99  4 99  5 99 99 99
  5  539  3 99  1 99  7  2 99 99  6 99 99  4 99 99  5 99
  5  540  1  9  2 10  8  3  4 15 11 16  7 14 13 12  5  6
  5  541  1 12 13 14  5  2  3 15 16  6  7 11  4 10  9  8
  5  542  1  4  6  3  7  2  5  8  9 12 13 11 10 14 15 16
  5  543  6  9  2  3  7  1 99  8 99 99  4 99  5 99 99 10
  5  544  2 99  6  5 99  1  3  4 99 99  7 99 99 99 99 99
  5  545  2 99  5 99  7  1  3 99  8 99  6 99  4 99 99 99
  5  546  7 99 99 99  2  1  6 99 99 99  3  5  4 99  8 99
  5  547  4 13  3 15  8  1  7 14  6 16  2  5 10 12 11  9
  5  548  5 99  6 99  4  1  2 99  7 99  8 99  3 99 99 99
  5  549  6  3 11  2 12  1  4 15  7  5 15 13 14  8  9 10
  5  550  6 15  4 11  5 12 14  7  1 16  9 10  2 13  3  8
  5  551  2 11 10  9  3 12  4 99 99 99  5  7  6 99  1  8
  5  552  8  9  4  3  2 15  6 14 10 12  7 11  5 16  1 13
  5  553  3 99 99 99 99  1 99 99  2  4 99 99  5 99 99 99
  5  554  8 99 99  3  4  1 99 99 99 99  6  7  5  2 99 99
  5  555  5 99  3 99 99  1  6  4  7 99 99  9  2  8 99 99
  5  556  5  9  3  4  8  1 11 12 10 16  6 13  2 14  7 15
  5  557  1  7 99 99  3 99  4  8 99 99  5 99  9  6 99  2
  5  558  1 13  5 11  9 14  4  8 10 16  6 12  7  3 15  2
  5  559  1 16  2  9 10 13  4 12  7  8 14 11  5 15  6  3
  5  560  1  4  2  8 99 99  5  6 10 99 99  9  7 99 99  3
  5  561  6  7 99  8 99 99  4 99  1  5 99  9  3 99 99  2
  5  562  3  9  4 10  5 11  6 12  7  1 13 14 15  8 16  2
  5  563  4  5  6  7 99 99  8 99 99  1 99  2 99 99 99  3
  5  564  2 14  1  6 10  9  7  8 16  4 12 11 13  3 15  5
  5  565  5 99  1  4 99  6 99  2 99 99  7 99  3  8  9 99
  5  566  3  1  8  7  9  4 10 13  2 16 11 14  6 15 12  5
  5  567 99 99  2 99 99  3 99 99  1 99 99 99 99 99 99 99
  5  568  3 11 12 16  6  4  5 15  1  8  7  9  2 14 13 10
  5  569 11 10  2 16 12  3  9  1  8  7 13 14 15  6  5  4
  5  570  2  1  8 99 99  3  4  7  5 99 99 99  6 99 99 99
  5  571 99  7 99 99  6  2  5  3  4 99 99 99 99  1 99 99
  5  572  1 10  3 13 12  4  9 14  7 16  6  8  2 11  5 15
  5  573 99 99  1  4 99  3 99 99 99 99  5 99  2 99 99  6
  5  574  2 15  1 10  9  3  8 13  6 16  4  5 14  7 12 11
  5  575  3  6  1 10 14  2  5  4 11 16 13  8  7  9 15 12
  5  576  6 12  1  7 14  2  8 16  3 11  4 13  9 10  5 15
  5  577 99  5  1 99 99  2 99 99 99  4  3 99 99 99 99 99
  5  578  3 99  1 99  5 99  6 99 99 99  4 99  2 99 99 99
  5  579  4 99  1 99 99 99 99 99 99 99  2  3 99 99 99 99
  5  580 13 14  1  6  3  8 12 11  9  4  2 10  5 16  7 15
  5  581  6 99  1 99  5  7  8 99  4 99  2 99  3 99  9 99
  5  582  4  8  1  3  5 14  6  9 15 16  2 12  7 10 13 11
  5  583  9 10  1  4  6  7 12 16  5 14  2 11  3 13  8 15
  5  584  1 15  7  4  3  5  6 12 10 16  2 11  9  8 13 14
  5  585  1 10  2  4  5 12 11 15  7  8  3  9  6 16 13 14
  5  586  1  6  7 99  9 10  8 11 11  3  2 12  5 13 99  4
  5  587  1 99  6  5  3 99 99 99 99  7  2  4  8 99 99 99
  5  588  1 99  2  6  7 99  8 99  5 99  3 99  4 99 99 99
  5  589  1 10 11  6  4 99  5 99  8  7  2  9  3 99 99 99
  5  590  1 99 99 99 99 99  3 99 99 99  2 99  4 99 99 99
  5  591  1 14  2  4  7  9 12  8  5 16  3 13  6 10 11 15
  5  592  1 99 99  3  6 99  4 99 99 99  2 99  5 99 99 99
  5  593  1  9  4  3  7  6 14 13 11 16  2 10  8 15  5 12
  5  594  1 99  2  4  6 99 99  5 99  7  3 99  8 99 99 99
  5  595 16  5 13  2  4  1  8 11 14 12  3 10  6  9  7 15
  5  596 99 99  5 99 99  1  2 99  3 99 99 99  4 99  6  7
  5  597 99 99  4 99 99  1  2 99 99 99 99 99  3 99 99 99
  5  598  3  6  5  4  7  1  8  9 10 11 12 13  2 14 15 16
  5  599  2  4  3  8  9  1 10 11 15 14  7  6  5 16 13 12
  5  600  2  3 16 13 10  1  5  6  7 14  4  8  9 15 11 12
  5  601  3 99 99 99 99  1  4 99 99 99 99 99  2 99 99 99
  5  602  5 99  3 99  4  1  6  2 99 99  7 99  8 99 99 99
  5  603  2  4 11 15  3  7  6 13  1 16  8 10  5 12 14  9
  5  604  8 16  5 14  7  4  3 10  2  1 12  9  6 11 13 15
  5  605  1  5  6  8  7 10  4 15  3 11  9 12  2 14 13 16
  5  606  3  7  1  8  4  9  6 10  2 13 12 11  5 14 15 16
  5  607  1  8  3  2  7  4  5 99 12 14  7 10  6 11  9 13
  5  608  1 16  6  2  9 10  4 11  7  3 13 12  5 15 14  8
  5  609  1  7  2  3 13 14  8 15 12  9 10  6  5 16  4 11
  5  610  1 99  2  3  4 99 99 99 99  7  5 99  6  8 99 99
  5  611  1 10  2  3  5  4  6  9 14  8 15 13  7 12 16 11
  5  612  2 99  6 99  3  5  1  4  7  8 99 99 99 99 99 99
  5  613  7  8 11  2 13 12  1 16  4 10  9  3 15  5 14  6
  5  614  5  8 10  3  9  4  1 16  2 11  7 13 12 14  6 15
  5  615  2 12  7 15  3  6  1 12 10 16 11  4  8 13  9 14
  5  616  4  7  5  8  6  9  1 14 10 16 13  3  2 15 11 12
  5  617  8  4  9  5  3  2  1 14 12 10 13 11  7 15  6 16
  5  618  3 10  9  1  2  7  5 13 11 16  6 12  4 14  8 15
  5  619  3  5  4  1 99 99  2 99  8 99 99  6 99 99  7 99
  5  620  3  5  4  1 12 14  2 13 15  7  6 11 16 10  8  9
  5  621 99  6  4  1 99 99  3 99 99  5 99 99  2 99 99 99
  5  622  2  3 99  1 99 99 99 99 99  4 99 99 99  5 99 99
  5  623  2 12 16 15  3  7  8 99  4  5  1  6 11 99 14  9
  5  624  5 99  2  6  7 99 10 99  8  4  1 99  3 99 99 99
  5  625 99 99 99  1  2  1 99 99 99  2  1 99  1 99  2 99
  5  626  1  1  1  1 99  2  1  2  1 99  1  2  1  2 99 99
  5  627  3 99 99  4  9 99  2 99  8 99  5  7  1 99 99 99
  5  628  2 15 13 14  3  4  5 18 12 11  6 10  1 16 17  7
  5  629  8  6  3  4  2 11 12 14 10 15  9 16  1 13  5  7
  5  630  9 11  2  8  3 12  4 99  5  7  6 14  1 15 13 16
  5  631  2 18  4  5  1  6  8  7 11 17 12 16 10 13  9  3
  5  632  8 12  4  6  1  9 13 15  7 16  2 14  3 11  5 10
  5  633  9  7 12  2  1 14  3 15  4 11  5 10  6 16  8 13
  5  634  9 14  6  4  1 10 11  5 16  8  7 15  2 12 13  3
  5  635  4 99  3  6  5  7 99 99  9 99  2 99  1 99  8 99
  5  636  4  7  3  5  8 10  9 12  2 11  6 14  1 15 13 16
  5  637  4 99  3 99 99 99  5 99  2 99  6 99  1 99 99 99
  5  638 99 99 99 99 99  2 99 99 99 99 99 99  1 99 99 99
  5  639 15 10 16  7  3  4  5  6 13 14  2 12  1 11  8  9
  5  640 99 99 99 99  2 99 99 99 99 99  3 99  1 99 99 99
  5  641  3 15 16  4 11 12  2 13 14  5  6 10  1  7  8  9
  5  642  4 10  3  5  6  7 12 15  9 16  2 13  1 14  8 11
  5  643  4 11  3  9 10  5  6 16  2 12  7 14  1 13 15  8
  5  644  4 99  5 99 99 99 99 99  3 99  2 99  1 99 99 99
  5  645  3 11  4  7  5  6 10 15  9  2  8 13  1 14 12 16
  5  646  7 99  8 99  3  9  2 13 10 99  4  5  1 11 12  6
  5  647  9  3 10 13  4  8 11 12 14 15  5 16  1  6  7  2
  5  648  6  9  4  3  5  8  7 99 11 99  2 99  1 99 10 99
  5  649  8  6  3  5  2 14 13 15 12  7  4 10  1  9 16 11
  5  650  9  3  7  6  2 99 10 99  4  5  8 99  1 99 99 99
  5  651  5 16  4 15  3  8  6  7  9 10 11 14  1 12 13  2
  5  652  3 99  8  7  1  4  5 99  6 99  2 99  9 10 99 99
  5  653 99 99  3 99  1 99  4  6  5 99 99 99  2 99 99 99
  5  654  6 99 99 99  1 99 99 99  7 99 99 99  2  5  4  3
  5  655  6  8  4  5  1 99  7 99 99  9  3 99  2 99 99 99
  5  656  1 99  7  3  6  8  5 99 99 10  2  9  4 99 99 99
  5  657  1 12  2 16  5  8 15 14  9 13  3  7  4 10  6 11
  5  658  1 99  6  5  3  7  8 99 99 99  2 99  4 99 99 99
  5  659  1 99  2  5  4 99 99 99 99 99  3 99  6 99 99 99
  5  660  2 99  4  8  5  7 99 99 99  6  1  3 99 99 99 99
  5  661 99 99  6  3  7 99 99  5 99 99  1  4  2 99 99  8
  5  662  1 99 99 99 99 99 99 99 99 99  3 99  2 99 99 99
  5  663  2 10  1  8  5  6 99 99  9 99  3  7  4 99 99 99
  5  664  1 99 99  3 99 99 99 99 99 99  2 99 99 99 99 99
  5  665  1 99 99 99 99 99 99 99 99 99  2 99  3 99 99 99
  5  666  1 99 99 99 99 99 99 99 99 99  2 99 99 99 99 99
  5  667  1  3 99 99 99 99  5  2  7 99 99  8 99  6 99  4
  5  668 12 11 16  5  9  4  3  6 13  1 14 15  7 10  8  2
  5  669  2 10 11 14  9  7  3  8  5 16  4 12 15  6 13  1
  5  670  1  3  5 99  4 99  8 99  2  7 99 99  6 99 99 99
  5  671  1 99  7 99  8 99  3 99  6  2 99  5 99 99 99  4
  5  672  1  2 99 99  5 99  4 99 99 99 99 99  3 99 99 99
  5  673  7 99 99 99  3  5  2 99  6 99 99 99  4  1 99  8
  5  674  1 99 99 99  4  5  3 99  6 99 99  7  2  8 99  9
  5  675  1 99 99  5 99 99  3 99 99  4 99  6  2 99 99 99
  5  676  1  5 99  6 99 99  3 99 99 99  4 99  2 99 99 99
  5  677  2  5  1  8  7  4  3 16 10 15  9 12  6 13 11 14
  5  678  1 99 99 99 99 99  2 99  3 99 99 99 99 99 99 99
  5  679  1 99  5 99  3 99  2 99 99 99 99  6  4 99 99 99
  5  680  1 99  8  6  3  9  2 99  8  5  7 99  4 99 99 99
  5  681  1 99 99 99 99 99  2  3 99 99 99 99 99 99 99 99
  5  682 99 99 99 99 99 99 99 99 99 99 99  1  2 99 99 99
  5  683 99 99 99 99 99 99 99  3 99 99 99  1 99  4 99  2
  5  684  1 99 99 99 99  2  3 99 99  4  7  8  5 99 99  6
  5  685  1 99 99 99  3  2  4 99 99 99 99 99 99 99 99 99
  5  686  1 99  3  4 99  2 99 99 99 99 99 99 99 99 99  5
  5  687 99 99  2 99  4  1  5  3 99 99  6 99  7 99 99 99
  5  688  1  4  5 11  8 12  9 10 13  2 14  7  3 15 16  6
  5  689  3 99  4  5  8  1  6  2 99 99  7 99 99 99 99 99
  5  690  8 99 99 99 99 99 99  1  6  5  7  3  9  4 10  2
  5  691 99 99  3 99 99 99 99  1 99 99 99  4  2 99 99 99
  5  692 99 99  1 99 99 99 99  2 99 99 99  3 99 99 99  4
  5  693  5 99  1 99  6  7 99 99 99 99 99  2  3 99 99  4
  5  694  1  6  7  8  9 99 10 99 99  5  3  2 11 12  4 99
  5  695 99 99 99 99 99 99 99  3 99  4 99  1 99  6  2  5
  5  696  3 99 99 99 99  2 99  4 99  5  6  1 99 99 99 99
  5  697  3 99  5 99  6 99  7  2 99  4 99  1 99 99 99 99
  5  698  3 99 99  4 99 99  5 99 99  2 99  1  6 99 99 99
  5  699  1  3  2  4  6 99 99 99 99 99 99 99 99 99  5 99
  5  700  1  7  3 99  4  5  6 99  8  4 10 99  2 99 99 99
  5  701  1 99 99  4  3 99 99 99  6 99  5 99  2 99 99 99
  5  702  1 99  6  4  2 99  7 99 99 99  5 99  3  8 99 99
  5  703  1 14  2  4  3  6 13 16 12 15  7 11  5  9  8 10
  5  704  1 14 10 16  2 11 12 13  9  3 15  4  7  8  6  5
  5  705  1 99  2  8  3 99  9 99  5  4  6 10  7 99 99 99
  5  706  1 99 99 99  2 99 99 99 99 99 99 99  3 99 99 99
  5  707  1 99 99 99  2 99  3 99 99 99  5 99  4 99 99 99
  5  708  5  6  3  2  1  9 10 16  8 12  7 13  4 14 11 15
  5  709  3 99 99 99  1 99  2 99 99 99  4  5  6 99 99 99
  5  710  4 99  3  2  1 99 99 99 99 99  5 99  6 99 99 99
  5  711  4 99  6  7  1  3  8  5 12 99 11 99  2 10 99  9
  5  712 99 99  2 99 99 99 99 99 99 99  1 99 99 99 99 99
  5  713  4 99  7 99 99  5  6 99  2 99  1 99  3 99 99 99
  5  714 99 99  1  3 99 99 99 99  2 99 99 99 99 99 99 99
  5  715 99  2  3 99 99 99 99  4 99 99 99 99 99 99 99  1
  5  716  1 99 99 99 99 99 99 99  2 99 99 99 99 99 99 99
  5  717  3 99 99  1  6  7  4 99 10 99  9  8  2 99 99  5
  5  718 99  6 99  1  4 99  3 99 99 99  2 99  5 99 99 99
  5  719  4 13  3  1  5  6 14  9 11 12  2  8  7 99 10 99
  5  720  2 99 99  1  4 99 99 99 99 99  3 99 99 99 99 99
  5  721 11  8  4  1  3  5 99 99  9 99  2 10  6 99  7 99
  5  722 99 99 99  1 99 99 99 99 99 99 99 99 99 99 99 99
  5  723  3 99  1  4 99 99 99  2 99 99 99 99 99 99 99 99
  5  724  1 99  5  2  4 99 99 99 99 99  3  7  6 99 99 99
  5  725  1 99  3  2  4 99 99 99 99 99  6 99  5 99 99  7
  5  726  1 99 99  2 99 99 99  4 99 99 99  5 99 99 99  3
  5  727  2 99 99  6  3 99  1 99 99 99  4 99  5 99 99 99
  5  728  2 11  9 10  3  8  1  5 16 15  4 14  6 13 12  7
  5  729 99 99  4 99  2 99  1 99 99 99  5 99  3 99 99 99
  5  730  2 99 99  6  3  7  1 99  5 99 99  8  4 99 99 99
  5  731 99 99 99 99 99 99  1 99 99 99 99 99 99 99 99 99
  5  732  2  3  4 99 99 99  1 99 99 99 99 99 99 99 99 99
  5  733  3  6  4  5 99 99 99 99 99 99  8 99 99  1  2  7
  5  734  4 99 99 99 99 99 99 99 99 99  3 99  2 99  1 99
  5  735 99 99 99 99 99 99 99 99 99 99 99 99 99 99  1 99
  5  736 99 99 99  2 99 99 99  1 99 99 99 99 99 99  3  4
  5  737  1 99  6 99  5 99 99 99 99 99  4 99  2 99  3 99
  5  738  1 99  5 99  6  7 99 99 99  2  4 99  3 99 99  8
  5  739 99  1 99 99 99 99 99 99 99 99  2 99 99 99 99 99
  5  740  1  2  4 99 99 99 99  6 99 99  3 99 99 99 99  5
  5  741  3 99 99 99 99 99 99  4 99 99  2 99 99  1 99 99
  5  742  5 99  3  6  2 99 99 99 99 99  4 99  1 99 99 99
  5  743 99 99 99 99  2 99 99 99 99 99 99 99  1 99 99  3
  5  744 99 99 99  3 99 99 99 99 99 99 99 99  1 99 99  2
  5  745  4 99  3 99  2 99 99 99 99 99  5 99  1 99 99 99
  5  746  3 99  4 99  5 99  7 99  6 99 99  2  1 99 99 99
  5  747  3  8  7  2  9  5  6 99 99 99  4 99  1 99 99 99
  5  748 99 99 99  2 99 99 99 99 99  3 99 99  1 99 99 99
  5  749  5 99  6  2  3 99  7 99 99 99  4 99  1 99 99  8
  5  750  4 99  2 99  3 99 99 99 99 99  5 99  1 99 99 99
  5  751  2 99  5  4 99 99 99 99 99 99  3 99  1 99 99 99
  5  752 99 99 99 99 99 99 99  3 99 99 99  4  1 99 99  2
  5  753  4 99  2 99  3 99 99 99 99 99 99 99  1 99 99 99
  5  754 99 99  1 99 99 99 99 99 99 99 99 99 99 99 99 99
  5  755 99 99  1 99 99 99 99 99 99 99 99 99 99 99 99 99
  5  756  1 99 99 99 99 99 99 99 99 99 99 99 99 99 99 99
  5  757  1 99 99 99 99 99 99 99 99  2 99 99 99 99 99 99
  5  758 99 99  1  2 99 99 99 99 99 99  3 99 99 99 99 99
  5  759  9  8  1  2  4 99  3 99  7 99  6 99  5 99 99 99
  5  760  2 99 99  3 99 99 99 99 99 99  1 99  4 99 99 99
  5  761  1  2  1  1  1  3  1  2  2  1  1  1  2  1  3  1
  5  762  1  2  1  1  1  3  1  2  2  1  1  2  1  3  1  2
