A51   42 NON-PR VOTERS ELECT  3  FROM  6  BY STV
A51    1 99  1 99 99 99 99
A51    2 99  1 99 99 99 99
A51    3 99  1  1  1 99 99
A51    4  2  6  3  1  4  5
A51    5  2 99  3  1 99 99
A51    6  2  6  3  1  4  5
A51    7  4  6  5  1  2  3
A51    8 99 99  3  1  2 99
A51    9 99 99  3  1  2 99
A51   10  4  6  5  1  2  3
A51   11  6  5  4  1  2  3
A51   12  4  5  6  1  2  3
A51   13  5  4 99  1  2  3
A51   14 99 99 99  1  2  3
A51   15  4  2  3  1  5  6
A51   16  6  5  1  2  3  4
A51   17 99 99  2  1  3 99
A51   18  5  6  2  1  3  4
A51   19 99 99  2  1  3 99
A51   20  5  6  2  1  3  4
A51   21 99 99  2  1  3 99
A51   22  3 99  4  5  2  1
A51   23  6  5  4  2  3  1
A51   24  2  6  5  4  3  1
A51   25  4  5 99  2  3  1
A51   26  2 99 99 99  3  1
A51   27 99 99  3  2  1 99
A51   28  2 99 99  3  1 99
A51   29 99 99  2 99  1 99
A51   30  2  5  6  3  1  4
A51   31  3  4  5  6  1  2
A51   32  5  6  2  4  1  3
A51   33  1  6  3  5  4  2
A51   34  1 99  2  4  5  3
A51   35  1 99  2 99  3  4
A51   36  1  5  3  6  4  2
A51   37  1 99 99  3  2 99
A51   38  1  6  2  5  4  3
A51   39  1 99 99  2  3 99
A51   40  1 99 99  3  2 99
A51   41  1 99 99  3  2 99
A51   42 99 99  1 99 99 99
