A52  667 PR ASN VOTERS ELECT  6  FROM 10  BY STV   1/5  SAMPLE
A52    1  3 99 99  4  1  5 99  7  6  2
A52    2  4 99 99  2  1  5 99 99 99  3
A52    3  3 99  4  2  1 99 99 99 99 99
A52    4  3  6  5  2  1  7 10  4  8  9
A52    5  4  8  7  2  1  9  3  5  6 10
A52    6  3 99 99  2  1 99 99 99 99 99
A52    7  2  8 10  7  1  3  9  6  5  4
A52    8  2  4 99 99  1  3 99 99 99 99
A52    9  2  9  3  4  1 10  5  8  7  6
A52   10  2  4  7  3  1  9  6 10  5  8
A52   11  2  5 99  6  1 99 99 99  3  4
A52   12  2  4 99 99  1 99 99  3 99 99
A52   13  2  3 99 99  1  4 99 99  5  6
A52   14  2  5  6 10  1  3  7  9  8  4
A52   15  2 99 99 99  1 99  3 99 99  4
A52   16  2 99 99 99  1  3 99 99 99  4
A52   17  2 99 99 99  1 99  4 99  3 99
A52   18  4 99 99 99  1 99  3  2 99 99
A52   19  3 10  9  4  2  8  5  6  7  1
A52   20 99  2 99  4  6 99  5 99  3  1
A52   21  4 99 99 99 99 99  3  1 99  2
A52   22  3  7  5  4  2  9  6  8 10  1
A52   23  2 99 99 99  3 99  4 99  5  1
A52   24  3  5 99  4 99  6 99  2 99  1
A52   25  3  4  5 99  6 99 99  2 99  1
A52   26  1 99 99  2  5 99 99 99  3  4
A52   27  1  4  3  5  6  7  2 10  8  9
A52   28  1  6 99 99  3  5 99 99  2  4
A52   29  1  2  8  9  3 99  4  5  6  7
A52   30  1  5  6 99  3  2 99 99 99  4
A52   31  1  4 10  3  9  5  6  8  2  7
A52   32  1 99 99 99 99 99  2 99 99 99
A52   33  1 99 99 99  2 99 99 99 99 99
A52   34  1 99  3 99  2 99  6  4  5 99
A52   35  1 99 99 99  3  6 99  5  4  2
A52   36  1  2  9  6  7  8  3 10  4  5
A52   37  1 99 99  2  3  4 99 99 99 99
A52   38  1  2 99 99  3 99  4 99 99 99
A52   39  1 99 99 99 99 99 99 99 99 99
A52   40  1 99  5  2  4 99 99 99  6  3
A52   41  1 99  6  3  2  4  5 99 99 99
A52   42  1 99 99  2 99 99 99 99 99 99
A52   43  1 99 99 99  3  2  6 99  5  4
A52   44  1  2  7  8  3  6  4 10  5  9
A52   45  1  3  2  7  4  5  9 10  8  6
A52   46  1  9 10  3  5  6  4  8  7  2
A52   47  1  4  5  3  2  8  9  7  6 10
A52   48  1 99  4  2  3 99 99 99  5  6
A52   49  1 99 99 99 99 99 99 99 99 99
A52   50  1  4 99 99  2 99 99 99 99  3
A52   51  1  9  3  2  7  6  4  5  8 10
A52   52  1 10  8  9  2  7  6  4  3  5
A52   53  1 99 99 99 99 99 99 99 99 99
A52   54  1 99  4  5  6 99  2 99  3 99
A52   55  1 99 99 99 99 99 99 99 99 99
A52   56  1  6  7  2  9 10  3  4  8  5
A52   57  1 99  4  3  6 99  2 99  5 99
A52   58  1  8 10  4  5  2  9  7  6  3
A52   59  1 99 99  4  2  5 99  3 99 99
A52   60  1  5  4  8  2  6  3  7 10  9
A52   61  1  3  5  4 99 99 99 99  2  6
A52   62  1  2  8  5 99  4  6 99  7  3
A52   63  1  2 99 99 99 99  3 99  4 99
A52   64  1  4  5  6 99 99  2 99  3 99
A52   65  1 99 99 99 99 99 99 99 99 99
A52   66  1  9 10  7  3  5  4  8  6  2
A52   67  1  2  3  4 99  7 99 99  5  6
A52   68  1  4 10  5  2  3  9  7  8  6
A52   69  1  5  4 99  2 99  6 99  3 99
A52   70  1  2  8 10  6  4  9  7  3  2
A52   71  1 99 99 99  2  3 99  5  6  4
A52   72  1  8  6  7 99  3  2 99  5  4
A52   73  1  2 99 99 99 99  3 99  4 99
A52   74  1 99  3 99  2 99 99 99 99 99
A52   75  1 99 99 99 99 99  3 99  2 99
A52   76  1 99  4 99  6  5  2 99  3 99
A52   77 99 99 99 99 99 99 99  1 99 99
A52   78 99 99 99 99 99 99 99  1 99 99
A52   79 99 99 99 99  2 99 99  1 99 99
A52   80 99 99 99 99  1 99 99  2 99 99
A52   81 99 99 99 99  1 99 99 99 99 99
A52   82 99 99 99 99  1 99 99 99 99 99
A52   83 99 99 99 99  1 99 99 99 99 99
A52   84 99 99 99 99  1 99 99 99 99 99
A52   85 99 99 99 99  1 99 99 99 99 99
A52   86 99 99 99 99  1 99 99 99 99 99
A52   87 99 99 99 99  1 99 99 99 99 99
A52   88 99 99 99 99  1 99 99 99 99 99
A52   89 99 99 99 99  1 99 99 99 99 99
A52   90 99 99 99 99  1 99 99 99 99 99
A52   91 99 99 99 99  1 99 99 99 99 99
A52   92 99 99 99  2  1 99  4  3 99 99
A52   93 99 99 99  2  1 99 99  3 99 99
A52   94 99 99 99  2  1 99  3 99 99 99
A52   95 99 99 99  2  1 99  3 99 99 99
A52   96 99 99 99 99  1 99  3 99 99  2
A52   97 99 99 99  2  1 99 99  4 99  3
A52   98 99 99 99  2  1 99  3  4 99  5
A52   99 99 99 99 99  2 99  3  4 99  1
A52  100 99 99 99 99 99 99 99 99 99  1
A52  101 99 99 99 99  2 99 99 99 99  1
A52  102 99 99 99 99 99 99 99  1 99  2
A52  103 99 99 99  2 99 99 99  3 99  1
A52  104  1  5 10  6  8  4  3  2  7  9
A52  105  1 99 99 99 99 99 99 99 99 99
A52  106  1 99  4  3  2 99 99 99 99  5
A52  107  1 99  5 99  2  3 99 99  4 99
A52  108  1  3 99 99 99 99  2 99  4 99
A52  109  1  4  3  5 99  6  2 99 99 99
A52  110  1  2  8  7  6 10  3  9  5  4
A52  111  1 99 99  2 99  3  4 99  6  5
A52  112  1  2 99  3 99  4 99  5 99  6
A52  113  1 99 99 99  2 99  3 99 99 99
A52  114  1  6 99  2  3 99  4  5 99 99
A52  115  1 99 99 99  2 99 99 99  3 99
A52  116  1 99  3  2 99 99  4  6  5 99
A52  117  1 99 99 99  3 99  2 99 99 99
A52  118  1  3 99  4  2  5 99 99 99  6
A52  119  1  2 99 99 99  4 99 99  3 99
A52  120  1  5 99  6 99  2 99  3  7  4
A52  121  1  6  5  2  7  8  9 10  3  4
A52  122  1 99 99  2  3  4 99 99 99 99
A52  123  1 99 99 99  4  3 99 99  2 99
A52  124  1 99  5  3 99  2  4 99 99 99
A52  125  1  5 99  6  3  8  2  9  7  4
A52  126  1 99  2 99 99 99 99 99  3 99
A52  127  1  2 99  3 99  4 99  5 99  6
A52  128  3  5 99  2 99  4 99  1 99  6
A52  129  7  8  3  2  9  6  4  1 99  5
A52  130  3 99 99  2 99 99 99  1 99 99
A52  131 99 99  3 99  1 99 99 99 99  2
A52  132 99 99  3  2  1 99 99 99 99 99
A52  133 99 99  3  2  1 99  5  4 99 99
A52  134  4  5  3  2  1 99 99 99 99 99
A52  135 99 99  3  2  1 99 99 99 99 99
A52  136 99 99  4  2  1 99  3 99  6  5
A52  137  4  5  3  2  1 99 99 99 99  6
A52  138 99 99  2 99  1 99 99 99 99 99
A52  139  5  6  2  4  1  9  3 10  7  8
A52  140 99 99  2  3  1 99  4 99  5 99
A52  141 99 99  2  4  1 99  3 99 99 99
A52  142 99 99  2 99  1 99 99 99  3  4
A52  143  7  8  2  3  1  5  4  9 10  6
A52  144 99 99  2 99  1 99 99 99 99 99
A52  145 99 99  2  3  1 99  5  4  6 99
A52  146 99  4  2  3  1 99 99  5  6 99
A52  147 99 99  2  3  1 99 99 99 99 99
A52  148 99 99  2 99  1 99 99 99 99 99
A52  149 99 99  3 99  1 99  4  2 99 99
A52  150 99 99  3  2 99 99  4 99 99  1
A52  151  6  7  3  4  8  5 10  2  9  1
A52  152  6 99  4  5  3 99 99  1 99  2
A52  153 99  3  2  5  6 99 99 99  4  1
A52  154  6 99  5  3 99 99  2  1 99  4
A52  155 99  3  2 99 99 99 99 99 99  1
A52  156 99  4  3 99  2 99 99  1 99 99
A52  157 99 99  2  3  5 99  4  1  6 99
A52  158  5  6  2 99 99 99 99  1  4  3
A52  159 99 99  2 99 99 99 99  1 99 99
A52  160  4  3  2  8  7  6  5  1 10  9
A52  161  6  5  1  4  9  8  2  7  3 10
A52  162  2 99  1  3 99 99 99 99 99 99
A52  163  3 99  1  4  5 99  2 99 99 99
A52  164  3 99  1  5 99 99  4  2  6 99
A52  165 99  3  1  2 99  5 99 99  4 99
A52  166  2 99  1 99 99 99 99 99 99 99
A52  167  8  5  1 10  7  6  2  9  3  4
A52  168  3 99  1 99 99 99 99 99  4  2
A52  169 99 99  1 99  2 99 99 99 99 99
A52  170  6  4  1  3  5  7  2  9  8  9
A52  171 99  2  1  5  3 99  4 99 99 99
A52  172  2  4  1 99  3  5 99 99  7  6
A52  173  2 99  1 99  3 99 99 99  5  4
A52  174 99 99  1 99  2 99 99 99 99  3
A52  175 99  5  1  2  3 99  4 99 99 99
A52  176 99 99  1  2  3 99  4 99 99 99
A52  177  2 99  1 99 99 99  3 99  5  4
A52  178  3  2  1  5  4 99 99 99  6 99
A52  179  4  5  1  3 99  6 99  2 99 99
A52  180 99  2  1 99 99 99 99 99 99 99
A52  181 99  4  1  2 99 99 99  3 99 99
A52  182 99  3  1  5 99 99  2 99  4 99
A52  183  4 99  1  2  3 99  6 99  5 99
A52  184  3  7  1  2  8  5  9 10  6  4
A52  185 99  3  1  2 99  4 99 99  5  6
A52  186  5  3  1  4  2  6 99 99 99 99
A52  187 99  5  1  3  4 99  2 99 99 99
A52  188 99 99  1 99 99 99  3 99  2 99
A52  189 99  4  1  3 99 99 99 99  2 99
A52  190 99  2  1 99 99 99 99 99  3 99
A52  191 99 99  1  3  4 99  2 99 99 99
A52  192  5  3  1  2 99 99  4  6 99 99
A52  193 99 99  1  2  5 99  3  4  6 99
A52  194 99 99  1 99  2 99  3 99 99 99
A52  195 99 99  1  4 99  3 99  5  2  6
A52  196 99 99  1 99 99  2 99 99  3 99
A52  197  2  3  1  4 99 99  5 99  6 99
A52  198  2 99  1 99  3 99 99 99 99 99
A52  199  3  5  1  6  7  2  4 10  8  9
A52  200 99 99  1 99 99 99 99 99  2 99
A52  201 99  2  1  3  4 99  5 99 99 99
A52  202  8  3  1  2  7  9  4  5  6 10
A52  203  4  5  1  2  3  9  6 10  8  7
A52  204  2  3  1 99 99  4 99 99 99 99
A52  205 99 99  1  2 99 99  3 99 99 99
A52  206  3 99  1  2 99 99  4  5 99 99
A52  207 99 99  1  3 99 99  2 99 99  4
A52  208 10  2  1  5  3  9  4  6  7  8
A52  209 99 99  1  2 99 99 99 99  3 99
A52  210 99  4  1 99  2 99 99 99  3 99
A52  211  2 99  1 99  4 99  5  6 99  3
A52  212 99 99  1  2 99 99 99 99 99 99
A52  213 99 99  1 99 99 99 99 99 99 99
A52  214 99  2  1 99  3 99 99 99 99 99
A52  215  3  2  1  4  5 10  6  7  9  8
A52  216 99 99  1 99  2 99 99 99 99 99
A52  217 99  2  1  4  3 99 99 99 99 99
A52  218  8  6  1  2  3  9  4  5  7 10
A52  219  4  2  1  3 10  5  8  7  9  6
A52  220  6  5  1 99  2  3 99 99  4 99
A52  221  3  2  1 99 99  6 99  4 99  5
A52  222  6 99  1  5  3 99  2 99 99  4
A52  223  5 10  1  6  4  3  2  9  7  8
A52  224  4  6  1  2 99 99  3 99  5 99
A52  225 99 99  1  3 99 99 99 99  2 99
A52  226  5  4  1  3  2  6 10  7  8  9
A52  227  3 99  1 99  4  5  2 99 99 99
A52  228  3 99  1  5  4 99  2 99 99  6
A52  229 99 99  1 99  2 99 99 99 99 99
A52  230  7  8  6  2  1  9 10  3  5  4
A52  231  5  9 10  2  1  8  6  7  4  3
A52  232  6 99 99  2  1 99  3 99  5  4
A52  233 99 99 99  2  1 99  3  6  4  5
A52  234 99 99 99  2  1 99  3 99  4 99
A52  235 99 99 99  2  1 99 99 99  3 99
A52  236 99 99 99  2  1  4 99  6  3  5
A52  237  7  6  5  4  1  8  3 10  2  9
A52  238  7  6  5  4  1  8  9 10  2  3
A52  239  5  6  4  7  1  9  8 10  2  3
A52  240 99  3 99 99  1  4  5 99  2 99
A52  241  5 99 99  4  1  6  3 99  2 99
A52  242  8  5  6  7  1  3 10  9  2  4
A52  243  3 99 99 99  1 99 99 99  2  4
A52  244  9  6 10  5  1  3  7  4  2  8
A52  245 99  6 99  5  1  4 99 99  2  3
A52  246 99 99 99  4  1  3 99 99  2 99
A52  247 99 99 99 99  1 99  3 99  2 99
A52  248 99  3 99 99  1  6  5  4  2 99
A52  249 99 99 99 99  1  3 99  5  2  4
A52  250  5  8 10  9  1  6  7  2  3  4
A52  251 99 99 99  2  6 99  3  1  5  4
A52  252 99 99 99  4  3 99 99 99  2  1
A52  253 99 99 99 99  2 99 99 99  3  1
A52  254 99 99 99  3 99 99 99 99  2  1
A52  255 99 99 99  3 99 99 99 99  1  2
A52  256 99 99 99  3  2 99 99 99  1 99
A52  257 99 99  4  3 99  2  6 99  1  5
A52  258 99  4 99 99 99  3  5  6  1  2
A52  259 99 99 99  3  2  5  4 99  1  6
A52  260 99  6 99  5  2  3 99 99  1  4
A52  261 10  4  5  6  2  3  7  8  1  9
A52  262 99  3 99 99 99  2  5 99  1  4
A52  263  3 99 99 99 99  2 99 99  1  4
A52  264  6  7 10  2  1  5  8  4  9  3
A52  265  4 99 99 99  1  3 99 99 99  2
A52  266 99 99 99 99  1  3 99 99 99  2
A52  267 99 99 99  2  1  3 99 99  4 99
A52  268 99 99 99  2  1  3  4 99 99 99
A52  269 99 99 99  2  1  3  4 99 99 99
A52  270 10  9  6  4  1  2  7  8  5  3
A52  271 99 99 99 99  1  2 99 99 99 99
A52  272  7  6  9 10  1  2  3  8  4  5
A52  273  4  6 99  5  1  2 99 99 99  3
A52  274  9 10  3  8  1  2  5  6  4  7
A52  275 10  4  5  3  1  2  6  9  8  7
A52  276 99 99 99 99  1  2 99 99  4  3
A52  277  3 99  4 99  1  2 99 99 99  5
A52  278  6  9 10  8  1  2  7  5  4  3
A52  279  3  4 99 99  1  2  6 99  5 99
A52  280 99  6  5  4  1  3 99  2 99 99
A52  281 99 99  4  3  5  2 99  6 99  1
A52  282  6  7 10  2  9  5  3  1  8  4
A52  283 99 99 99 99 99  2 99 99 99  1
A52  284  9  4  5 10  3  2  7  6  8  1
A52  285  5 99 99  6  2  3 99  4 99  1
A52  286  8  9 10  7  3  2  6  1  5  4
A52  287 99 99 99  6  2  3  5  1  4 99
A52  288  5 99 99  2 99  1  3 99 99  4
A52  289  3 99  4  6  2  1 99 99  5 99
A52  290 99  3 99 99 99  1 99 99  2 99
A52  291  4 10  9  5  2  1  6  3  8  7
A52  292 99 99 99 99 99  1 99 99 99 99
A52  293  4  2  6  9  3  1  8 10  7  5
A52  294  5 99 99  3  2  1  4  6 99 99
A52  295 99 99 99 99 99  1 99 99 99 99
A52  296 99 99 99  5  2  1  3 99  4  6
A52  297  4 99 99 99 99  1 99  2 99  3
A52  298 99 99  4  3  2  1 99 99  5  6
A52  299  5  6 99  4 99  1  3 99 99  2
A52  300  6  7  5  3  2  1  8 99  4 99
A52  301 99 99 99 99  3  1 99 99 99  2
A52  302 99  2  3  4  5  1 99 99 99  6
A52  303 99  2  7  3 99  1  4 99  6  5
A52  304 99 99 99 99  2  1 99  4  3 99
A52  305  4  8 10  9  2  1  7  6  5  3
A52  306 99  6 99  5 99  1 99  3  2  4
A52  307  5  2 10  8  7  1  9  4  3  6
A52  308  3 99  5  4 99  1 99 99 99  2
A52  309 99 99 99  2  4  1  3  6  5 99
A52  310 99  3 99  2 99  1 99 99  4 99
A52  311  5  6 10  8  2  1  7  9  3  4
A52  312 99 99  3  2 99  1 99 99 99 99
A52  313 99 99 99 99  2  1 99 99 99  3
A52  314 99  3 99 99 99  1 99 99  2 99
A52  315 99  5 99 99  4  1 99 99  3  2
A52  316  2 99 99 99  4  1 99 99 99  3
A52  317 99 99 99  3  6  1  2 99  5  4
A52  318  6  5  9  7  2  1  8 99  3  4
A52  319 99  4 99  2 99  1 99 99  3 99
A52  320 99 99 99 99 99  1 99 99 99  2
A52  321  3  6 99 99  5  1 99 99  4  2
A52  322 99  4 99 99  2  1 99 99  3 99
A52  323 99  4 99  1 99  2 99 99  5  3
A52  324 99 99  4  1 99  5  2 99  3 99
A52  325  7  8  9  1  3 10  2  4  6  5
A52  326  2 99 99  1 99 99 99 99 99 99
A52  327  4 99  3  1  2  5 99 99 99 99
A52  328  5  2  4  1  3  8  9  6  7  8
A52  329 99 99  2  1 99 99 99 99 99 99
A52  330 99 99  3  1 99 99  2 99 99 99
A52  331 99 99 99  1  3 99  2 99 99 99
A52  332 99 99  5  1  4  6  3  2 99 99
A52  333 99 99  3  1  2 99 99  4 99 99
A52  334 99 99 99  1  2 99  6  3  4  5
A52  335 99 99 99  1  4 99  2  3 99 99
A52  336 99  6  2  1  3  7  4 99 99  5
A52  337  5  8  7  1  2  3 10  6  9  4
A52  338  7  5  6  1  9  8  3 10  2  4
A52  339 99  5 99  1 99  2 99 99  4  3
A52  340 10  9  2  1  4  7  8  3  5  6
A52  341  3 99 99  1  2 99 99 99 99 99
A52  342 99 99 99  1 99  2 99 99 99 99
A52  343 99  5 99  1 99 99  2  4  3  6
A52  344  2  8  3  1  5  4  9 10  7  6
A52  345 99 99 99  1  2  3 99 99 99 99
A52  346  3 99  2  1 99 99 99  4 99 99
A52  347  2 99 99  1 99 99 99 99 99 99
A52  348 99 99  5  1 99 99  2  3 99  4
A52  349 99  3  2  1  6 99 99 99  4  5
A52  350 99 99 99  1  2 99  3 99  4 99
A52  351  4  3  2  1  9  7 10  6  5  8
A52  352 99 99  2  1 99 99 99 99 99 99
A52  353 99 99  2  1 99  3  6  5 99  4
A52  354 99 99 99  1  2 99 99 99  3 99
A52  355 99 99 99  1  3 99  2 99 99 99
A52  356 99 99 99  1  2  3 99 99 99  4
A52  357  4  5 99  1  2 99  3 99 99 99
A52  358  6 99 99  1  2 99  3 99  5  4
A52  359  3 99 99  1 99 99  2 99 99 99
A52  360  3  2 99  1  4 99 99 99  6  5
A52  361  3 99 99  1 99  2 99  6  5  4
A52  362 99 99  4  1  3 99  2 99  6  5
A52  363 99 99  2  1 99 99 99 99 99 99
A52  364 99 99 99  1  2 99  3 99 99 99
A52  365  5 99 99  1  3 99  2  4 99 99
A52  366  2 99 99  1 99 99 99 99  4  3
A52  367  6 99  4  1  5 99  2  3 99 99
A52  368  5 99  3  1  4 99  2 99  6 99
A52  369 99 99  2  1 99  3 99 99 99  4
A52  370 99 99 99  1  3 99  2 99 99 99
A52  371 99 99  6  1 99 99  2  3  5  4
A52  372  2 99  2  1 99 99 99 99 99 99
A52  373 99 99 99  1  2 99 99  4  3 99
A52  374 99 99 99  1 99 99 99 99  2  3
A52  375 99 99 99  1 99 99  3 99  2 99
A52  376 99  5  2  1 99  6 99 99  3  4
A52  377  4 99 99  1  3 99 99 99  2 99
A52  378 99 99 99  1 99 99 99  2 99 99
A52  379 99 99 99  1 99 99 99 99 99 99
A52  380  2 99 99  1  3  4 99 99 99 99
A52  381 99 99 99  1 99 99 99 99 99  2
A52  382 99 99 99  1 99 99 99 99  2 99
A52  383  5 10  9  1  2  6  4  8  7  3
A52  384 99 99 99  1 99 99 99  2 99 99
A52  385  7  9 10  1  8  2  3  4  5  6
A52  386 99 99  2  1 99 99 99  3 99 99
A52  387  4 99 99  1  2 99  3 99 99 99
A52  388  5  4  2  1  6 99  3 99 99 99
A52  389 99 99  3  1  4 99 99  2 99 99
A52  390  2 99 99  1  6 99 99  4  3  5
A52  391  6  2  3  1  8  9  4  7  5 10
A52  392 99 99 99  1  2 99  3 99 99  4
A52  393 99 99 99  1 99 99 99 99 99 99
A52  394  2 99 99  1 99 99 99 99  4  3
A52  395  3 99 99  1  2 99 99 99 99 99
A52  396 10  4  2  1  3  5  9  8  6  7
A52  397 99 99  2  1  3 99 99 99 99 99
A52  398  5  3  9  1  6  7  2  4  8 10
A52  399  5  4  2  1  3 99 99 99 99 99
A52  400 99 99  3  1  2 99 99 99 99 99
A52  401 99 99 99  1  4  2 99  3 99 99
A52  402  6 99  3  1  2 99  5 99 99  4
A52  403  4 99 99  1  2 99  3 99 99 99
A52  404 99 99 99  1 99 99  2 99 99 99
A52  405  2 99  3  1 99 99 99  4 99 99
A52  406  3 99 99  1  6  4 99 99  5  2
A52  407  6  3  5  1  4 99  2 99 99 99
A52  408 99 99 99  1  2  3 99 99 99 99
A52  409  6  8  2  1  9  4  7  5 10  3
A52  410 99  2 99  1 99 99 99 99 99 99
A52  411  4  3  5  1  2  6  7  8  9 10
A52  412 99  3  2  1 99 99  4 99 99 99
A52  413  4  2 99  1 99  5  6  3 99 99
A52  414  6  5 10  1  3  7  9  2  4  8
A52  415 99 99 99  1 99 99 99 99  3  2
A52  416  7  8  9  1  5  6 10  2  4  3
A52  417  2  3 99  1 99  4 99 99 99 99
A52  418  8  2  9  1  6  7  5 10  3  4
A52  419  3 99  2  1 99 99  6  4 99  5
A52  420  4 99 99 99  2 99  1 99  3  5
A52  421 99 99 99  2 99 99  1 99  3 99
A52  422 99 99 99 99 99 99  1 99 99 99
A52  423  3 99 99 99 99  4  1 99 99  2
A52  424 99 99 99  3  2 99  1 99 99 99
A52  425 99 99 99  5  2 99  1 99  3  4
A52  426  3 99 99 99  2 99  1 99 99 99
A52  427  9  8 10  4  3  5  1  6  2  7
A52  428 99 99  2  5  3  4  1 99 99 99
A52  429 99  4 99  2  6 99  1  5  3 99
A52  430  3  5  2 99 99  6  1 99  4 99
A52  431  6  2  3  4  7  8  1 10  5  9
A52  432 99 99  3 99 99 99  1 99 99  2
A52  433 99 99  3  2 99 99  1 99 99 99
A52  434 99 99 99 99 99 99  1 99 99 99
A52  435  8  2  3  4  7  6  1 99  5 99
A52  436  4 99  3  5  2 99  1 99 99 99
A52  437  6  7  8  5  9  4  1 10  2  3
A52  438  4 99 99  3  2 99  1 99 99 99
A52  439 99 99 99 99 99 99  1 99 99 99
A52  440 99  2  7  3  4  6  1 99  5 99
A52  441 99 99 99 99  2  3  1 99  4 99
A52  442  9  7  4  5  3 10  1  2  6  8
A52  443  6  5  2  4  3 99  1  9  7  8
A52  444  5  7  9  6  3  8  1  2 10  4
A52  445 99  7  3  4  5 99  1  6  2 99
A52  446 99 99  4  3  2 99  1 99 99  5
A52  447 99 99 99 99  2 99  1 99 99 99
A52  448 99  4 99  3  2 99  1 99 99 99
A52  449 99 99 99  4  5 99  1  2 99  3
A52  450  3 99  4 99  2 99  1 99 99 99
A52  451 99 99 99 99  2 99  1  3 99 99
A52  452  2  6  5  4 99 99  1 99  3 99
A52  453 99 99  3 99 99 99  1 99  2 99
A52  454 99 99 99 99 99  2  1 99 99 99
A52  455 99 99 99 99  2 99  1 99  3 99
A52  456 99  5  3  2 99 99  1 99  4 99
A52  457 99  3 99 99  2 99  1  4 99 99
A52  458 99 99  3  2  5  6  1 99 99  4
A52  459 99 99 99 99  3 99  1 99  2 99
A52  460 99 99 99 99  2 99  1 99 99 99
A52  461  3 99 99 99 99 99  1 99 99  2
A52  462 99 99 99  3  2 99  1  4 99 99
A52  463  5  4  6  2  3  7  1  8  9 10
A52  464 99 99  5  4 99 99  1  3  2 99
A52  465  4  5  3 99  6 99  1 99  2 99
A52  466 99 99 99 99  2 99  1 99 99 99
A52  467 99 99 99  2 99  1 99 99 99 99
A52  468 99 99 99 99  2 99  1 99 99 99
A52  469 99  4 99 99  2 99  1 99  3 99
A52  470  5  2  4  3  8  9  1 10  6  7
A52  471  2 99 99 99 99 99  1 99 99 99
A52  472 99 99 99 99  2 99  1 99 99 99
A52  473  2 99 99 99 99 99  1 99 99 99
A52  474 99  3  2 99 99  4  1  6  5 99
A52  475 99 99 99 99 99 99  1 99  2 99
A52  476 99 99  3  2 99 99  1 99 99 99
A52  477 99  4  2  5 99 99  1  3 99 99
A52  478  2  3 10  9  8  7  1  6  5  4
A52  479  2  6  5  4  3 99  1 99 99 99
A52  480  3  4  2 99 99 99  1  5 99 99
A52  481  6  2  3  5 99 99  1 99  4 99
A52  482 99 99 99 99 99 99  1 99  2 99
A52  483 99 99 99 99  2  3  1 99  4 99
A52  484  8  6  5  4  2  9  1  3  7 10
A52  485 99  4  3  2  5 99  1 99 99 99
A52  486  3 99 99  2 99 99  1  4 99 99
A52  487 99 99  2 99 99 99  1 99 99 99
A52  488  3  6  4  7  8  5  1  9  2 10
A52  489  2 99 99  4  3 99  1 99  6  5
A52  490 99 99 99 99 99 99  1 99 99 99
A52  491 99 99  2  4  3 99  1 99  5 99
A52  492  5  6  9 10  3  2  1  8  7  4
A52  493  3 99 99  2 99 99  1 99 99 99
A52  494 99 99 99 99  2  3  1  4 99 99
A52  495  5  2 99 99  4  3  1  6  7 99
A52  496 99  4 99  2 99 99  1 99  3 99
A52  497  6  4  7  5  3 99  1  2  8  9
A52  498  4  7  6  2  3  8  1  9  5 10
A52  499 99 99 99  5  6 99  1  4  2  3
A52  500 99  5  6 99  1  3  2 99  4 99
A52  501  8  7 10  3  1  6  2  4  5  9
A52  502 99 99  3 99  1 99  2 99 99 99
A52  503 99 99 99 99  1 99  2 99 99 99
A52  504 99  4  5 99  1  3  2 99 99 99
A52  505 99 99  3  5  1  6  2 99  4 99
A52  506  7  6  9 10  1  3  2  8  4  5
A52  507 99  6 99  5  1  4  2 99  3 99
A52  508 99 99 99 99  1 99  2 99  3  4
A52  509  4 99 99 99  1  6  2 99  3  5
A52  510  7  6  9 10  1  4  2  8  3  5
A52  511 99 99 99 99  1 99  2 99 99 99
A52  512 99 99 99  3  1 99  2 99 99 99
A52  513 99  4 99  3  1  5  2 99 99  6
A52  514 10  8  6  5  1  4  2  9  3  7
A52  515 99 99 99 99  1 99  2 99  3 99
A52  516 99 99 99 99  1 99  2 99 99 99
A52  517  4  5 99 99  1 99  2 99  6  3
A52  518 99 99 99 99  1 99  2 99 99 99
A52  519 99 99 99 99  1  4  2  6  5  3
A52  520 99 99 99 99  1 99  2 99 99 99
A52  521 99 99 99 99  1 99  2 99 99 99
A52  522 99 99 99 99  1 99  2 99 99 99
A52  523  3 99 99 99  1 99  2 99 99 99
A52  524 99 99 99 99  1 99  2 99 99 99
A52  525  4 99  5 99  1  3  2  6 99 99
A52  526 99 99 99  3  1 99  2 99 99 99
A52  527 99  4  3  5  1 99  2 99 99  6
A52  528  7  8 10  9  1  5  2  6  3  4
A52  529  7 99  5  3  1 99  2  4  6  8
A52  530 99  4 99  3  1 99  2 99 99 99
A52  531 99 99 99 99  1 99  2 99 99 99
A52  532 99 99 99 99  1 99  2 99 99  3
A52  533 99 99 99 99  1 99  2 99 99 99
A52  534 99 99 99 99  1  4  2  3  5 99
A52  535  3  4  5  6  1 99  2 99  7 99
A52  536 99  5  4  3  1 99  2 99 99  6
A52  537 99 99 99 99  1 99  2 99  3 99
A52  538 99 99 99 99  1 99  2 99 99 99
A52  539 99 99  3 99  1 99  2 99 99 99
A52  540 99 99 99 99  1 99  2 99 99 99
A52  541 99 99 99 99  1 99  2  4  3 99
A52  542  4  5 99 99  6 99  2 99  1  3
A52  543  2 99 99  4 99 99 99 99  1  3
A52  544  2 99  5  4 99 99  3 99  1 99
A52  545  3  5  6  4 99 99 99 99  1  2
A52  546  3  9  8  4  5  6  7 10  2  1
A52  547  4  7 99  6  2  5  8 99  3  1
A52  548  3 99 99 99  4  5 99 99  2  1
A52  549  4  5  6  3 10  9  8  7  2  1
A52  550 99  4  3  5  2 99 99  6  1 99
A52  551  4  3  2  5  7  6 99 99  1 99
A52  552 99  4  3  6  2  5 99 99  1 99
A52  553  4 99  2  3 99  5 99 99  1 99
A52  554 99 99  4 99  5 99  3 99  2  1
A52  555 99 99  4 99  2 99 99 99  3  1
A52  556  6  5  4  7  3  8 10  9  2  1
A52  557 99 99  4 99 99 99  3 99  2  1
A52  558 99 99  2  3 99 99 99 99  1 99
A52  559  5  2  6 99  4 99 99 99  1  3
A52  560 99  3  6 99  4 99  5 99  1  2
A52  561  3  2 99 99  4 99  5 99  1 99
A52  562  5  4  9  8  7 10  2  6  1  3
A52  563  5  2  6  4  3  9  7 10  1  8
A52  564 99  5 99  2 99  6  3 99  4  1
A52  565  4  3  8  7  6  5  9 10  2  1
A52  566 99  4 99 99  6  5  2 99  3  1
A52  567 99  5 99  6  3 99 99  2  4  1
A52  568  4  3  8  5  6  7  9 10  2  1
A52  569  3  2  8  7  4 99  5  9  1  6
A52  570 99  6 99  5  2 99 99  3  1  4
A52  571  6  2  3  4  5 99 99 99  1 99
A52  572 99  4 99 99  2 99  3 99  1 99
A52  573  4  2  3 99 99  6 99 99  1  5
A52  574 99  2  3  5  6 99 99 99  1  4
A52  575  3  2  5  4 99 99 99  6  1 99
A52  576  5  4 99 99  3 99 99 99  1  2
A52  577  4  3 99 99  1  6 99 99  5  2
A52  578 99  3  4  2  1  5  6 99 99 99
A52  579 99  3 99  2  1 99  4 99 99 99
A52  580 99  3 99  2  1 99  4 99  5  6
A52  581 99  3  4  2  1 99  5 99  6 99
A52  582  9  2  5  8  1  6  3 10  4  7
A52  583  6  2  5  3  1  4 99 99 99 99
A52  584 99  2 99 99  1 99 99  3  4 99
A52  585 99  2  3 99  1 99 99  4 99 99
A52  586 99  4 99 99  1 99  3  2 99 99
A52  587 99  2  3 99  1 99  4 99  6  5
A52  588  8  2  4  3  1  5  6 10  7  9
A52  589 99  2 99 99  1 99 99 99 99 99
A52  590 99  2 99 99  3 99  4 99 99  1
A52  591 99  6 99  3  2 99  5  4 99  1
A52  592  4  2 99  3 99  5 99  6  3  1
A52  593 99  4 99 99 99 99  2  1 99  3
A52  594 99  4 99 99  3 99 99  2 99  1
A52  595 99  3  4  6  5 99  2  1 99 99
A52  596 10  5  8  2  4  9  3  1  6  7
A52  597 99  1 99  3 99 99  2 99 99 99
A52  598  6  1 99 99  2 99  4 99  5  3
A52  599  8  1  2 10  5  7  6  9  3  4
A52  600  3  1 99 99  2 99  4 99 99 99
A52  601 99  1  2 99  4 99  3 99  5 99
A52  602 99  1 99 99  2 99 99 99 99  3
A52  603  2  1  3 99 99  5  4 99  6 99
A52  604  5  1  9  6 10  2  3  7  8  4
A52  605 99  1  2  3  6 99  5 99  4 99
A52  606 99  1  3 99 99 99 99  2 99 99
A52  607 99  1  5 99  4 99  2  3 99  6
A52  608 99  1 99 99  2 99  4 99  5  3
A52  609 99  1 99 99  4  3 99 99  2 99
A52  610  2  1  3  4 99 99 99 99 99  5
A52  611 99  1 99  4  3 99 99 99 99  2
A52  612  5  1  2  3  7  8  6  9  4 10
A52  613 99  1 99  3  4 99 99 99  2 99
A52  614 99  1 99 99  3 99  4  5  2 99
A52  615 99  1 99  2 99  5  4 99  3 99
A52  616  2  1 10  3  4  5  7  9  6  8
A52  617  9  1  3  2  7  8  6 10  5  4
A52  618 99  1 99 99 99  2 99 99 99 99
A52  619  5  1  2 99  4 99  6 99  3 99
A52  620 99  1 99 99  2 99 99 99 99 99
A52  621 99  1  3  4  2 99  5 99 99 99
A52  622  7  1  5  8  6  2  9 10  4  3
A52  623 99  1 99 99 99 99 99 99  2 99
A52  624 99  1  4 99  3 99 99 99  2 99
A52  625 99  1  3  2 99 99 99 99 99 99
A52  626 99  1 99 99  2 99 99 99 99 99
A52  627 99  1  2 99  3 99  4 99 99 99
A52  628  7  1  8  4  3  9  6 10  2  5
A52  629  3  1 99  4  2 99  6 99  5 99
A52  630 99  1  6 99  2  7  3  4  5 99
A52  631  2  1 99  3  6  4 99 99  5 99
A52  632 99  1 99 99  2 99 99 99 99  3
A52  633 99  1  2  4  5  6 99 99  3 99
A52  634 99  1  2 99 99 99  3 99 99 99
A52  635 99  1 99 99  2 99 99 99  3  4
A52  636  5  1 99 99 99  4 99  6  2  3
A52  637  2  1 10  7  3  5  8  9  6  4
A52  638 99  1  2 99 99 99 99 99 99 99
A52  639 99  1 99  4  5 99  3 99  2  6
A52  640 99  1  2 99 99  3 99 99 99 99
A52  641  6  1 10  2  3  7  4  9  5  8
A52  642  6  1  2  3  5 99 99 99  4 99
A52  643  8  1  9  7  4 10  2  5  3  6
A52  644 99  1  2  5 99 99  4 99  3 99
A52  645 99  1  2  4 99 99  3  5  6 99
A52  646  6  1 99  2  8  3  7  9  4  5
A52  647 99  1  4  2 99 99 99 99  3 99
A52  648  2  1 99 99 99  3 99 99 99 99
A52  649 99  1  2 99  4  3 99 99  6  5
A52  650 99  1 99  2 99 99  3 99 99 99
A52  651 10  1  5  9  2  8  3  4  7  6
A52  652 99  1 99  2 99 99 99 99  3 99
A52  653 99  1 99 99 99 99 99 99  2  3
A52  654  5  1 99  3  4 99 99 99  2 99
A52  655  8  1 10  4  6  9  3  5  2  7
A52  656  7  1 99  6  4 99  2  3  5 99
A52  657 99  1 99  2  3 99  5 99  4  6
A52  658 99  1  3  6 99 99  2 99  4  5
A52  659  3  1 99  6  2 99  5 99 99  4
A52  660  4  1  2 99 99  3  5 99  6 99
A52  661 99  1  2 99 99 99 99 99 99 99
A52  662  8  1  6 10  4  9  2  5  3  7
A52  663  6  1  8  9 10  5  4  7  2  3
A52  664  6  1  2 10  7  8  3  9  4  5
A52  665 99  1 99 99  2  3 99 99  4 99
A52  666  6  1  5  4  7 10  3  9  2  8
A52  667  2  1 99 99  3 99  5 99  4  6
