A53  460 NON-PR VOTERS ELECT  4  FROM 10  BY STV   1/25 SAMPLE
A53    1  1 99 99 99 99  4  3  2 99 99
A53    2  1  2  4  5  3  9  6 10  8  7
A53    3  2  6 10  7  3  8  5  9  1  4
A53    4 99 99 99 99 99 99 99 99 99  1
A53    5 99 99 99 99 99 99 99 99 99  1
A53    6  3 99 99 99  5  4  6  7  2  1
A53    7  4 99  3 99 99 99 99 99  2  1
A53    8  3 99  1 99 99 99 99 99  4  2
A53    9  2 99  1 99 99 99 99 99 99 99
A53   10  3 99 99 99 99 99 99  2 99  1
A53   11 99  5 99 99  1  4  2 99  3  6
A53   12 99  4  5 99  1 99  2  3 99 99
A53   13  7  9  6 10  1  5  3  4  8  2
A53   14  4  5  3  9  1 10  2  6  8  7
A53   15 99 99 99 99  2 99  3 99  1  4
A53   16 99 99  4 99  2 99  3 99  1 99
A53   17  2 99  5 99  1 99  4 99  6  3
A53   18 99 99 99 99  1  4  2 99 99  3
A53   19  3 99 99  6 99  4  5  1 99  2
A53   20  4 99 99  5 99  2  3 99 99  1
A53   21  4  9  7  5  8  2 10  6  3  1
A53   22  4  7  3  6  8  2 10  5  9  1
A53   23  4 99 99  6  3  2 99  5 99  1
A53   24 99  5 99  4 99  3 99 99  2  1
A53   25 99 99 99  4 99  3 99 99  2  1
A53   26  4 10  9  8  7  3  5  6  2  1
A53   27  4 99 99  6 99  3 99  5  2  1
A53   28  3  4 99  2 99 99 99  5 99  1
A53   29  3 99 99  2 99 99 99 99 99  1
A53   30  8  9  7  2  3  4  5  6 10  1
A53   31  5  7  6  2  3  4 10  9  8  1
A53   32 10  8  4  2  3  9  7  5  6  1
A53   33  4  6 99  2  5  3 99 99 99  1
A53   34 99 99 99  2 99 99  3 99 99  1
A53   35  3  9  7  2  4  8  6 10  5  1
A53   36  1  5  2 99 99 99  3 99 99  4
A53   37  1  7  5  3  9  6  8  4 10  2
A53   38  1  7  5  6  3  2  8  9 10  4
A53   39  1  2  4  3 10  9  5  8  7  6
A53   40  1 99 99  3  6  2 99  4 99  5
A53   41  1 99 99 99 99 99  2 99 99 99
A53   42  1  8  5  2  4  3 10  9  7  6
A53   43  1 99 99  2  3  5 99 99  4 99
A53   44  1  2  3  5  7  4  8  9 10  6
A53   45  1  2  7  4  6  5  9 10  8  3
A53   46  1  2  3  5  4  6 10 11 12  7
A53   47  1  3  8  7  6  5  4  2  9 10
A53   48  1  7  6  4  5  2  8 10  9  3
A53   49  1  3  7  6 10  4  9  5  8  2
A53   50  1  8 10  4  7  2  3  9  6  5
A53   51  1 99  6 99  2  3 99  7  5 99
A53   52  1  3  6 10  7  9  5  2  8  4
A53   53  1 10  4  9  7  2  5  8  3  6
A53   54  1 99 99 99 99  2 99  3 99  4
A53   55  1  2 99 99 99 99  3 99 99  4
A53   56  4  5 99 99  6 99 99  3  2  1
A53   57  4  5  6 10  8  9  7  3  2  1
A53   58  4  5  9  6  7  8 10  2  3  1
A53   59  6  3  5  7 10  4  8  2  9  1
A53   60 10  3  4  9  5  6  8  2  7  1
A53   61  3  4  2  7  8  9 10  5  6  1
A53   62  7  3  6  9  2  8  5 10  4  1
A53   63  4  3  7  9  2  6 10  5  8  1
A53   64  5  3 10  7  2  9  8  6  4  1
A53   65 99  1  2 99 99 99 99 99 99  3
A53   66 99 99  1  6  2 99  3 99  4  5
A53   67 99 99  4  3  1 99  2 99 99 99
A53   68  2  9  8  5  1  6  3  7 10  4
A53   69  6  3  7  9  2  8  1 10  4  5
A53   70  4  9  6 10  3  7  1  8  5  2
A53   71  3  9  5  6  4  8  1  7 10  2
A53   72  2 99 99 99 99 99  1  4 99  3
A53   73  7  4  8  5  9  6  1  2 10  3
A53   74  9 10  8  5  7  6  1  2  3  4
A53   75 99 99 99  2  3 99  1 99 99 99
A53   76  7  8 10  3  2  6  1  9  4  5
A53   77  4  3  2 99 99 99  1 99 99 99
A53   78  3  7  4  5  6  8  1  9 10  2
A53   79  5 10  6  7  2  8  1  9  3  4
A53   80  2  5  4  6  7 10  1  8  9  3
A53   81 99 99 99 99 99 99  1 99 99  2
A53   82 99 99 99  3 99 99  1  2 99 99
A53   83  2  4  3  9 10  8  1  5  7  6
A53   84  4  7  2  6  5  8  1  9 10  3
A53   85 99  2 99 99  3 99  1 99 99 99
A53   86  2  5 99 99  4 99  1 99 99  3
A53   87  5 99 99  2  4 99  1  3 99  6
A53   88 99 99 99 99 99 99  1 99  2 99
A53   89  2 99  4 99 99 99  1 99 99  3
A53   90  7  3  4  2  9  6  1  8 10  5
A53   91  2  8  5  7  6  3  1 10  9  4
A53   92  7 10  6  9  5  4  1  8  3  2
A53   93 99  2 99 99 99 99  1  3 99 99
A53   94  3 99 99  2 99 99  1 99 99 99
A53   95 99 99 99 99 99  3  1 99  2  4
A53   96 99 99 99  2 99  3  1  4 99 99
A53   97 99 99 99 99 99  2  1 99  3  4
A53   98  6 10  8  9  7  5  1  4  2  3
A53   99  3 99 99  2 99 99  1 99 99 99
A53  100  5 99 99  4 99 99  1  3 99  2
A53  101  4 99 99  3  5 99  1 99 99  2
A53  102  3 99 99 99 99  2  1 99  5  4
A53  103  4  3 99  2 99 99  1 99  5  6
A53  104  3 99 99  4 99  2  1 99  6  5
A53  105 99  4 99  2 99  3  1 99 99 99
A53  106  3 99  4 99  5 99  1  6 99  2
A53  107 10  5  3  2  4  9  1  7  8  6
A53  108  3 99 99  1 99 99 99 99 99  2
A53  109 99  3  2  1 99  4 99 99 99 99
A53  110  2 99 99  1 99 99 99 99  4  3
A53  111 99 99 99  1 99 99 99 99 99  2
A53  112  5  4 99  1 99 99 99  3 99  2
A53  113 99 99 99  1 99 99  2 99 99 99
A53  114  6  5 10  1  3  7  2  8  9  4
A53  115 99 99 99  1  4 99 99 99  3  2
A53  116  2 99 99  1 99 99 99 99 99  3
A53  117 99  4 99  1 99  3 99 99 99  2
A53  118  4  3 99  1 99 99  2 99 99 99
A53  119  2  5  6  1  3  4  7 10  9  8
A53  120 99 99 99  1 99 99  2 99 99 99
A53  121  2 99 99  1 99  3 99 99 99  4
A53  122 99 99 99  1 99 99  2 99 99  3
A53  123  3  4 99  1 99 99  2 99 99 99
A53  124 99 99 99  1 99 99 99 99 99 99
A53  125 99 99 99  1 99  2  4 99  3 99
A53  126 99 99 99  1 99 99 99 99 99 99
A53  127  4  5  7  1  2  9  6  8  3 10
A53  128  3 99 99  1 99 99 99  2 99  4
A53  129  2  3 99  1 99 99  5 99 99  4
A53  130  3 10  6  1  4  8  7  9  5  2
A53  131  2 99  4  1 99  5 99 99 99  3
A53  132 99 99 99  1 99 99 99  3 99  2
A53  133 99 99 99  1  2  3 99 99 99  4
A53  134  3  2  7  1  6  9 10  5  8  4
A53  135  2  5  6  1 99  3  4 99 99 99
A53  136  5  4  8  1  6  9  7  3  2 10
A53  137  2  9  5  1  3 10  8  6  4  7
A53  138 99 99 99  1 99  2 99  3 99  4
A53  139 99 99 99  1  2  3 99 99 99 99
A53  140  9  7  8  1  2  6  3 10  5  4
A53  141  3  4  6  1  7  9  2 10  8  5
A53  142  5  6  7  1  2  9  3 10  4  8
A53  143  3  9  6  1 10  4  2  7  8  5
A53  144 99  4 99  1  5  3 99 99  2 99
A53  145 99 99 99  1 99 99 99 99 99 99
A53  146  2  6  9  1  8  5 10  3  7  4
A53  147  2 99  3  1 99 99 99 99  4  5
A53  148 99 99 99  1 99  2 99 99 99  3
A53  149  2 99 99  1  4 99 99 99 99  3
A53  150  3  6  5  2  7 10  8  9  1  4
A53  151  8  6  7  4  5 10  9  3  1  2
A53  152 99 99 99  3 99 99  4  1 99  2
A53  153  7 99  1  3  6  5  4 99 99  2
A53  154 99 99  1  2 99 99 99 99 99 99
A53  155 99  5  2  3 99  4 99 99  1  6
A53  156 99 99  2  3  5 99  4 99  1  6
A53  157  5  4  9  2  1  6  7  8 10  3
A53  158  4 10  5  2  1  6  3  9  8  7
A53  159 99 99 99  2  1 99 99 99 99 99
A53  160  2 99 99  3  1 99  5 99 99  4
A53  161  2  9  7  5  1  8  6  4 10  3
A53  162 99 99  1  3  2  4 99 99 99 99
A53  163  3  8  9  4 10  1  5  2  6  7
A53  164 99 99  6  4  3  1 99  5 99  2
A53  165  2  8  7  3  4  1  5  9 10  6
A53  166  8  6  5  3 10  1  4  7  9  2
A53  167  5 99  6  3 99  1 99  4 99  2
A53  168  6  8  5  7  4  1  9  3 10  2
A53  169  4 99 99  3 99  1 99 99  5  2
A53  170  6  8  7  2  9  1 10  5  4  3
A53  171  2 99 99  3 99  1 99 99  4 99
A53  172  8  9  6  2  4  1  3 10  5  7
A53  173  2 99 99  5  3  1  4 99 99 99
A53  174 99  5 99  3  4  1 99 99 99  2
A53  175  2  6  7  3  5  1  8 10  9  4
A53  176  9 10  3  8  2  1  4  7  5  6
A53  177  4 99 99  2 99  1  3 99 99 99
A53  178  9  6  4  5  2  3 10  8  1  7
A53  179  5 99  4 99 99  3 99  2 99  1
A53  180 99 99  4 99  6  3  5  2 99  1
A53  181  3 99 99 99 99  5  6  2  4  1
A53  182  3 99 99 99 99  4 99  2 99  1
A53  183  4 99 99 99 99  2 99  3 99  1
A53  184 99 99 99 99 99  2  3 99 99  1
A53  185  4 99 99 99 99  2  3 99 99  1
A53  186  3 99 99 99 99  2  4 99 99  1
A53  187  3  4  5  8  7  2  6  9 10  1
A53  188  7  8  9 10  3  6  4  2  5  1
A53  189 99  4 99 99  2  3 99 99 99  1
A53  190  4  9  7 10  2  5  8  3  6  1
A53  191  3  5  8  6 10  2  7  9  4  1
A53  192 10  5  6  9  4  3  7  8  2  1
A53  193  6  4 99  5 99  3 99  7  2  1
A53  194  5  8  6 10  4  3  9  7  2  1
A53  195 99  7 99 99  5  3  4  6  2  1
A53  196  5 10  9  4  6  7  3  8  1  2
A53  197 99 99 99 99  3 99  2 99  1 99
A53  198 99 99 99 99 99  3  2 99  1  4
A53  199 99 99 99 99 99 99  2  1 99 99
A53  200  3  9  1  5 10  6  2  4  8  7
A53  201  2  7  1  5  6  4  3  8  9 10
A53  202  2  6  1  7  9 10  3  8  5  4
A53  203 99  5  1 99 99 99  2  3  4 99
A53  204 99 99  1 99  4 99  3 99  5  2
A53  205  9 10  1  8  7  3  2  5  4  6
A53  206  2 99  3  5 99 99  4  1 99 99
A53  207  4 99 99 99  3 99 99  2 99  1
A53  208  4 99 99 99  3 99 99  2 99  1
A53  209 99 99 99 99  2 99 99 99 99  1
A53  210 99 99 99 99  2 99 99  3  4  1
A53  211  2  6  5  8  3  9  7  1 10  4
A53  212  3 99  4 99 99  2  1 99 99 99
A53  213 99 99 99 99 99 99  1  2  3 99
A53  214 99  4 99 99 99  2  1  3 99 99
A53  215 99 99  5 99  6  4  1 99  3  2
A53  216  5  4  6 99  8  2  1  7 99  3
A53  217  8 10  3  6  7  2  1  4  9  5
A53  218 99 99 99  3 99  2  1 99  4  5
A53  219  3  4  5 10  6  9  1  8  7  2
A53  220  2  6 10  8  7  4  1  5  9  3
A53  221 99  3 99  2 99  4  1 99 99 99
A53  222 99 99 99  3  4 99 99 99  2  1
A53  223  3 99  5  4 99 99 99  2 99  1
A53  224  4 99 99  3 99 99 99  2 99  1
A53  225  3 99  2  4 99 99 99 99 99  1
A53  226  4  9  2  6  5  7  8  3 10  1
A53  227  3  7  4  6  5  9  8  2 10  1
A53  228  5  4 99  3  2 99 99 99 99  1
A53  229  3  1 99 99 99  5  4 99  6  2
A53  230  2  1 99 99 99 99  4 99  3 99
A53  231  2  1 99 99 99  3 99 99  4 99
A53  232 99  1 99 99 99 99  3 99 99  2
A53  233  4  1  2  3 99 99 99 99 99  5
A53  234  6  1  5  7  4  8  2  9 10  3
A53  235  9  1  5 10  4  2  6  8  7  3
A53  236  4  1  5  9  3  6  8  7 10  2
A53  237 99  1 99 99  3 99  2 99 99 99
A53  238  2  1  3 99 99  4  5 99 99 99
A53  239 99  1 99 99  2 99 99  3 99  4
A53  240 99  1 99 99 99 99 99 99 99 99
A53  241  3  1  7  2  8  9  4 10  6  5
A53  242 99  1 99 99  2 99  3  4  5  6
A53  243  2  1  9  6  5  7 10  3  8  4
A53  244  7  1  8  3  6  4  5  9 10  2
A53  245  5  1  6  7  2 10  3  9  8  4
A53  246  2  1  8  5  9  6 10  7  3  4
A53  247  2  1  3 10  4  5  7  6  8  9
A53  248 99  1 99 99  2  4 99  3 99 99
A53  249  6  1  4  8  7  2  5 10  9  3
A53  250  2  1  9 10  7  6  4  5  8  3
A53  251  4  1  5  6 99 99  2  7 99  3
A53  252 99  1 99 99 99  2 99 99  3  4
A53  253 99  1  5 99  2 99  3 99 99  4
A53  254  3  1  5  2  8  4 10  7  9  6
A53  255  6  1  5  7  4  8  3  9  2 10
A53  256  5  1  6  3  2  9  4  7  8 10
A53  257  9  1  6  5  3 10  2  4  7  8
A53  258  6  1  3  5  4 10  2  8  9  7
A53  259 99  1 99 99 99  2 99 99  3  4
A53  260 99  1 99 99  4  3  5 99 99  2
A53  261 99  1  4 99 99  2 99 99 99  3
A53  262 99  1 99 99  2 99 99  3  4 99
A53  263 99  1 99 99 99  4  2 99 99  3
A53  264  5  1  9  4  2  6 10  7  8  3
A53  265  2  1  8  7  6  5  9 10  3  4
A53  266  3  1  7  6  9  5  4  8 10  2
A53  267  9  2  8  3  7 10  4  6  1  5
A53  268 99  3 99  4 99  5 99  1 99  2
A53  269 99  3  2 99  6 99  5  1 99  4
A53  270  7  4  2 10  5  9  6  1  3  8
A53  271  6  4  3 10  5  7  9  1  8  2
A53  272  3  2  1 99 99 99 99 99  4 99
A53  273 99  2  1 99 99  3 99 99 99  4
A53  274  9  5  8  7  2  6 10  1  3  4
A53  275  4  2  8  7  1 10  9  5  3  6
A53  276 99  2 99 99  1 99 99 99 99 99
A53  277  4  5  6  8  3  9 10  1  7  2
A53  278  6  3  5 10  1  4  9  7  8  2
A53  279  2  6  9 10  1  7  8  3  4  5
A53  280  6  4 99 99  3  5 99  1 99  2
A53  281  7  2  8  6  4  9  3 10  5  1
A53  282  3  2 99 99 99 99  4 99 99  1
A53  283  5  2  8  4  3  6 10  7  9  1
A53  284  7  2  9  8  3 10  4  5  6  1
A53  285 99  2 99  3 99 99 99  4 99  1
A53  286  5  2 10  7  4  3  8  6  9  1
A53  287  4  2  6  5  3  8  7 10  9  1
A53  288  2  3  9  5 10  6  7  4  8  1
A53  289  2  4 99  6  3 99 99  5 99  1
A53  290  2  4 99 99  5  6  3 99 99  1
A53  291  2  3 99 99 99 99  5  4 99  1
A53  292  2  3 10  4  9  5  6  7  8  1
A53  293  2 99 99 99  3 99  4  5 99  1
A53  294  2 99 99 99 99  4 99  3 99  1
A53  295  2  3  4  8  7 10  5  6  9  1
A53  296  2 99 99 99 99  3 99  4 99  1
A53  297  2 99 99 99 99  3  4 99 99  1
A53  298  2 99  3  4 99  5 99 99 99  1
A53  299  2 99 99 99  3 99 99 99  4  1
A53  300  2  5  4  3  6 99 99 99 99  1
A53  301  2 99 99 99 99 99  4 99  3  1
A53  302  2 10  3  4  6  9  5  7  8  1
A53  303  2 99  5 99 99  3 99 99  4  1
A53  304  2  3  6  7  8  4  9  5 10  1
A53  305  2  5 99 99 99 99 99  4  3  1
A53  306  2  3 99 99 99 99 99  4 99  1
A53  307  2  3 10  8  7  4  9  5  6  1
A53  308  2 99 99 99 99  3 99  2  3  1
A53  309  2  3 99 99 99 99  4 99 99  1
A53  310  2  9  4  5  6  7  3 10  8  1
A53  311  2  3  6  4 99 99 99 99  5  1
A53  312  2 99 99  4 99 99 99 99  3  1
A53  313 02 10 03 09 06 05 08 07 04 01
A53  314  2 99 99 99 99  3 99  4 99  1
A53  315  2  3  5  8  7  6  9  4 10  1
A53  316  2 99 99  3 99 99  4 99 99  1
A53  317  2  3  7  6  8  4  9  5 10  1
A53  318  2  4 99  3 99 99  5 99 99  1
A53  319  2 99  5  3  4 99  6 99 99  1
A53  320  2  3  6 10  5  4  7  8  9  1
A53  321  2  4  7  8  5  9 10  3  6  1
A53  322  2 99 99  5  3 99  4 99 99  1
A53  323 99 99  4 99  1 99 99 99  3  2
A53  324 99 99 99 99  1 99 99  3  4  2
A53  325 99 99 99 99  1 99 99 99 99 99
A53  326 99 99 99 99  1 99 99 99 99  2
A53  327  2 99  3 99  1 99 99 99 99 99
A53  328  4 99  5  3 99 99  1 99 99  2
A53  329  5 99  2  4 99  3  1 99 99 99
A53  330 99 99 99  2 99 99  1 99 99  3
A53  331 99 99 99  2 99 99  1  4 99  3
A53  332 99 99  3  2  4  5  1 99 99 99
A53  333  3  5 99 99 99  4  1  6 99  2
A53  334  5 99  6  4  2 99  1 99  3 99
A53  335  2  3 99 99 99 99  1 99 99 99
A53  336 99  3  2 99 99 99  1 99 99 99
A53  337  6  3  7  2  4 10  1  8  9  5
A53  338 99  4  5 99 99  2  1 99  3 99
A53  339 99  3 99  4 99 99  1  2 99 99
A53  340 99 99 99 99 99 99  1 99 99 99
A53  341  8  9  7  2  3  4  1 10  5  6
A53  342  2  3  5  6  9 10  1  4  8  7
A53  343  2  7  3  4  9  8  1 10  6  5
A53  344  5  4  9  3  8 10  1  7  2  6
A53  345 99 99 99 99 99 99  1 99 99 99
A53  346  2 99 99  4  3 99  1  6  7  5
A53  347  4  9  7 10  3  2  1  8  6  5
A53  348  9  8  7  2 10  6  1  5  4  3
A53  349  3 99 99 99 99 99  2 99 99  1
A53  350 99  4 99 99 99 99  2 99  3  1
A53  351 99 99 99 99 99 99  2  3  4  1
A53  352 99 99 99 99 99 99  2 99 99  1
A53  353  3 99 99 99  4 99  2 99 99  1
A53  354  3  4  8  7 10  9  2  6  5  1
A53  355  3 99 99 99 99 99  2 99  4  1
A53  356 99  4 99  3 99 99  2 99 99  1
A53  357  5  8  7  3 10  4  2  9  6  1
A53  358 99 99 99  3  4 99  2 99 99  1
A53  359 99  4 99  3 99 99  2 99 99  1
A53  360 99  4 99 99 99  3  2 99 99  1
A53  361  4  3 99 99 99 99  2 99 99  1
A53  362 99  3 99  4 99 99  2 99 99  1
A53  363 99 99 99 99 99 99  3 99  2  1
A53  364 99 99 99 99  4 99  2  3  1 99
A53  365  3  7  8 10  9  6  4  2  5  1
A53  366  5  9 10  6  8  4  3  2  7  1
A53  367  7  4  2  6  8  5  3 10  9  1
A53  368 99  4 99 99  3  1  2 99 99 99
A53  369  3  7  6 10  9  1  2  4  8  5
A53  370  3  4 99 99 99  1  2 99 99  5
A53  371  4  2 99 99 99  1 99  3 99 99
A53  372  5  6  7 10  8  1  2  3  9  4
A53  373  4  3  5  9  8  1  6 10  7  2
A53  374  4  8  5  9  7  1  3 99  2  6
A53  375  2  4  3  5  6  1 10  8  9  7
A53  376  5  9  2 10  3  1  6  7  4  8
A53  377 99  2 99 99 99  1  3 99  4  5
A53  378  6  7 10  9  5  1  2  9  4  3
A53  379  3  2 99  4 99  1 99 99 99 99
A53  380  5  6  4 10  3  1  2  7  9  8
A53  381  5  4  7  8  1  3  6  9 10  2
A53  382  2  5 99 99  1  4 99 99  3 99
A53  383  3  6  7  9  1  2  8  5  4 10
A53  384 99  2  5 99  3  1  4 99 99 99
A53  385  4 99  3 99 99  1 99 99 99  2
A53  386  4 99 99 99  2  1 99 99 99  3
A53  387 99 99  3 99 99  1  2 99 99 99
A53  388 99 99  3 99 99  1  4 99 99  2
A53  389 99 99 99 99 99  1  3  4 99  2
A53  390 99 99  5 99 99  1 99  3  4  2
A53  391  5 99  3 99 99  1  4 99  6  2
A53  392 99 99 99 99  2  1  5 99  3  4
A53  393  4 99  5 99 99  2 99 99  1  3
A53  394 99 99 99 99  1  2  3 99  4 99
A53  395 99 99  1 99  2  3 99  4 99 99
A53  396 99 99  2 99  1  3 99  4 99  5
A53  397 99 99  4 99  3  1  2 99 99 99
A53  398  3 99 99 99 99  1 99 99 99  2
A53  399 99 99 99 99 99  1 99 99 99  2
A53  400 99 99  2 99 99  1 99 99 99 99
A53  401  1  7  5  2 10  8  6  9  3  4
A53  402  1 99  3 99 99 99  2  4 99 99
A53  403  1  6  8  2  9  5  7  4 10  3
A53  404  1 99 99  2 99 99 99 99 99  3
A53  405  1 99 99 99 99 99  2 99 99  3
A53  406  1  4 99 99 99 99 99  2 99  3
A53  407  1 99 99  5  4 99 99 99  3  2
A53  408  1 99  4  5 99  6  3  7  8  2
A53  409  1 99  5  3  4 99  2 99 99 99
A53  410  1 10  9  8  6  4  7  2  5  3
A53  411  1 99  3  2 99 99  4 99 99 99
A53  412  1  3 99 99  2  4 99 99 99 99
A53  413  1 10  6  4  9  8  3  7  2  5
A53  414  1 99 99 99 99  2 99 99 99 99
A53  415  1 99  2 99 99 99 99  3 99  4
A53  416  1  4 99 99 99  3  2 99 99  5
A53  417  1  3 99 99 99  2 99 99  4 99
A53  418  1 99 99  4 99  5  3 99 99  2
A53  419  1  7  4  7  8  9  3  5  6  2
A53  420  1 99 99 99 99  2  3 99 99  4
A53  421  1  6  3  7  2  9  5  4 10  8
A53  422  1 99  2  7  8  9  3  4  6  5
A53  423  1 99 99  2 99 99  3 99 99 99
A53  424  1 10  9  2  5  3  7  6  8  4
A53  425  1  3 99 99 99 99 99  4 99  2
A53  426  1 99 99 99 99  2 99 99 99  3
A53  427  1  6 99 99  3 99 99  4  5  2
A53  428  1  8  9  4  7  2  3 10  6  5
A53  429  1  6 10  3  9  7  8  2  4  5
A53  430  1 99 99 99 99  4  3 99 99  2
A53  431  1  9  2  8  3 10  4  6  7  5
A53  432  1  4 99 99 99 99 99  3 99  2
A53  433  1 99  3 99 99 99  4 99 99  2
A53  434  1 99 99 99 99 99 99 99 99  2
A53  435  1 99  3 99 99  2 99 99  5  4
A53  436  1 99  2  3  5 99  4 99 99  6
A53  437  1 99 99 99 99  2  3 99 99  4
A53  438  1  4 10  6  5  8  2  9  3  7
A53  439  1 99 99  3 99 99  4 99 99  2
A53  440  1 99 99 99 99 99  2  4  3 99
A53  441  1  6  2  5  3  9 10  7  4  8
A53  442  1  8  9  2  4  7 10  5  6  3
A53  443  1 99 99 99 99 99  2 99 99 99
A53  444  1  2 99 99 99 99  4 99  5  3
A53  445  1  7  8  9  6  4 10  3  5  2
A53  446  1  3 99 99 99  5 99  4 99  2
A53  447  1 99  2  4  3 99 99 99 99 99
A53  448 99  1 99 99 99 99 99 99 99 99
A53  449  1  4 99  5 99  3 99 99 99  2
A53  450  1  2  6  9  5  7  8  3 10  4
A53  451  1  2  3 99 99 99  4 99 99 99
A53  452  1  3 99  4 99 99 99 99 99  2
A53  453  1 99 99  2  3 99 99 99 99  4
A53  454  1  3  2  8  7 10  9  6  4  5
A53  455  1 99 99  3 99  4 99 99 99  2
A53  456  1 99 99 99 99  2 99  4 99  3
A53  457  1  6 10  2  5  8  3  9  4  7
A53  458  1  4 10  5  9  8  6  2  7  3
A53  459  1 99  3  2 99 99 99 99 99 99
A53  460  1  3  7  2 10  8  6  9  4  5
