A54  924 NON-PR VOTERS ELECT  9  FROM 11  BY STV
A54    1  3 99 99  2  4 99 99 99 99 99  1
A54    2 99 99 99 99 99 99 99 99 99 99  1
A54    3 99 99 99 99 99 99 99 99 99 99  1
A54    4  2 99 99  3 99 99 99 99 99 99  1
A54    5 99 99 99 99  2 99 99 99 99 99  1
A54    6 99 99 99 99 99 99 99 99 99 99  1
A54    7 99 99 99  3  2 99 99 99 99 99  1
A54    8 99 99 99 99 99 99 99  2 99 99  1
A54    9 99 99 99 99 99 99 99 99 99 99  1
A54   10  2 99 99  4 99  3 99 99 99 99  1
A54   11  2 99 99  4 99  3 99 99 99 99  1
A54   12  2 99 99  4 99  3 99 99 99 99  1
A54   13  2 99 99  4 99  3 99 99 99 99  1
A54   14 99 99 99 99 99 99 99 99 99 99  1
A54   15 99 99 99 99 99 99 99 99 99 99  1
A54   16 99 99 99 99 99 99 99 99 99 99  1
A54   17 99 99 99  3  2 99 99 99 99 99  1
A54   18 99 99 99  3  2 99 99 99 99 99  1
A54   19 99 99 99  2 99 99 99 99 99 99  1
A54   20 99 99 99 99 99 99 99 99 99 99  1
A54   21 99 99 99  1  3 99  2 99 99 99 99
A54   22 11  6 10  1  2  3  4  5  8  7  9
A54   23  5  4  2  6  7  8  1  9 10  3 11
A54   24  5  4  2  6  7  8  1  9 10  3 11
A54   25  6  2  3  7  4 99  1 99  8 99  5
A54   26 99  2  3 99  4 99  1 99 99 99  5
A54   27 99  7  4 99  5  2  1 99 99  3  6
A54   28 10  5  6  3  4 11  1  9  2  7  8
A54   29 99  3 99  4  5  2  1 99 99 99 99
A54   30 99  7  2  6  3  4  1 99 99 99  5
A54   31  6  3  7 99  2 99  1  4  5 99 99
A54   32 99 99 99 99  2 99  1  5  4  3 99
A54   33 99 99 99  2  3 99  1 99 99 99 99
A54   34  4 99  2  3 99 99  1 99 99 99 99
A54   35  9  5  6 11  2  4  1  7 10  3  8
A54   36 99  3 99  2 99 99  1 99  5  4  6
A54   37  7 99  5  3  1 99  2  4 99  6 99
A54   38 99 99 99  3  1 99  2 99 99 99 99
A54   39 99 99 99  2  1  5  3  4 99 99 99
A54   40 99 99 99  2  1  5  3  4 99 99 99
A54   41  4 99  6  3  1 99  2 99 99  5 99
A54   42  6 99 99 99  1  5  2 99 99  3  4
A54   43 99 99 99 99  1  2  3 99 99 99 99
A54   44 99  5  4  3  1 99  2 99 99 99 99
A54   45 99 99  5  3  1  4  2  6 99 99 99
A54   46  5  6 99  3  1  2  4 99 99  7  8
A54   47 99 99 99  3  1 99  2 99 99 99 99
A54   48 99 99  7  2  1  8  3 99  6  5  4
A54   49  5  6 99  2  1 99  3  4 99 99 99
A54   50 99  5 99  2  1 99  3 99  4 99 99
A54   51  3  7 99  8  1  9  2  5  6  4 99
A54   52  7  6  9  3  1 99  2 99  5  8  4
A54   53 99 99 99 99  1 99  3 99  4 99  2
A54   54 99 99 99 99  1 99  3 99  4 99  2
A54   55 99 99 99 99  1 99  2 99 99 99 99
A54   56  7  6  9  3  1 99  2 99  5  8  4
A54   57  7  6  9  3  1 99  2 99  5  8  4
A54   58  8  9 10  7  1  2  3  4  5  6 11
A54   59 99  4  5  2  1 99  3 99 99 99 99
A54   60  5 99  3  4  1 99  2  6 99 99  7
A54   61  8  5  6  4  1  3  2  7 10  9 11
A54   62  8  5  6  4  1  3  2  7 10  9 11
A54   63  6  8  7  4  1 10  5  9  2  3 11
A54   64  7  5  9  3  1 99  2 10  6  8  4
A54   65  7  5  9  3  1 99  2 10  6  8  4
A54   66 99  5 99  4  1  3  2 99 99  6 99
A54   67 99 99 99  1  3 99 99  2 99 99 99
A54   68 99 99 99  1  2 99 99  3 99 99 99
A54   69 99 99 99  1 99 99 99 99 99 99 99
A54   70  2 99 99  1 99  3 99 99 99 99 99
A54   71  2 99 99  1 99  3 99 99 99 99 99
A54   72 99 99 99  1  2 99 99  3 99 99 99
A54   73 99 99 99  1  2  3 99 99 99 99 99
A54   74 99 99 99  1  2  3 99 99 99 99 99
A54   75 99 99 99  1  2  3 99 99 99 99  4
A54   76 99 99 99  1  2  3 99 99 99 99  4
A54   77  3  4 10  1  7  8  2  9  5  6 11
A54   78 99  5  7  1  2  4  3 99 99  6 99
A54   79 99 99 99  1 99  3  2 99 99 99 99
A54   80 99 99  8  1  2  3  4  5  6  7 99
A54   81 99  5 99  1  2 99  4 99  6 99  3
A54   82  2  5 99  1  7 99  3  4  9  8  6
A54   83  3 99  5  1  2 99  4 99 99  5 99
A54   84 10 11  5  1  7  2  3  8  9  4  6
A54   85 99  7  6  1  2  5  4 99 99 99  3
A54   86  7  6  5  1  4 99  3  2  8  9 99
A54   87 99 99 99  1 99  3  2 99 99 99 99
A54   88  5 99 99  1  2  7  4  3  9  6  8
A54   89  6 99  5  1  7  2  3  9  8  4 99
A54   90 99  2 99  1  3 99  4 99 99 99 99
A54   91 99 99  3  1 99 99  2 99 99 99 99
A54   92  7  9  5  1  2  8  3  4  6 10 11
A54   93  7  9  5  1  2  8  3  4  6 10 11
A54   94 99 99 99  1  3 99  2 99 99 99 99
A54   95  7  5  4  1 99  6  2 99 99  3 99
A54   96 99 99 99  1  3 99  2 99 99 99 99
A54   97 99 99 99  1  2  3 99 99 99 99 99
A54   98 99 99 99  1 99 99 99 99 99 99 99
A54   99 99 99 99  1 99 99 99 99 99 99 99
A54  100  2 99 99  1 99  4 99  3 99 99 99
A54  101 99 99 99  1  3  2 99  4 99 99 99
A54  102 99 99 99  1  4  3 99  2 99 99 99
A54  103  3  5  9  4  6 99  1  7  2 99  8
A54  104  7  8  4  2  3 99  1  6 10  5  9
A54  105 99 99  2  3 99 99  1 99 99 99 99
A54  106 99 99 99 99  2 99  1  3 99 99 99
A54  107 99 99 99 99  2 99  1  3 99 99 99
A54  108 99 99  5  6 99  4  1 99 99  3  2
A54  109 99 99  3  7  8  4  1  6 99  5  2
A54  110 99  5 99  3  2  8  1  7  4  6 99
A54  111  6  8  7  5  9  2  1 99 99  3  4
A54  112  2 99 99  3 99 99  1 99  4 99 99
A54  113 99 99 99 99 99 99  1 99 99 99 99
A54  114 99 99 99 99 99 99  1 99 99 99 99
A54  115 99  7  3  5  4  2  1  9  8  6 99
A54  116  6  7  5  2  3 10  1 11  8  4  9
A54  117 99  2  3  4 99 99  1 99 99 99 99
A54  118 99 99 99 99  2 99  1 99 99 99 99
A54  119 99 99  2  3 99 99  1 99 99 99 99
A54  120 99  9  2  6  3  4  1  7  8 99  5
A54  121  8  5  9  6  2  7  1  9 99  3  4
A54  122 99 99  3  4 99  2  1 99 99 99 99
A54  123  8  5  2  7  4  3  1  9 99  6 99
A54  124 99  3  4  2  5  6  1 99 99 99  7
A54  125 99  8  9  6  7  3  1  4 99  5  2
A54  126 99 99 99  2  3 99  1 99 99 99 99
A54  127 99 99  2  3 99 99  1 99 99 99 99
A54  128 99 99  4  5  3  2  1 99 99 99 99
A54  129  6 99  7  8  9 99  1  2  3  4  5
A54  130 99  4  6  5 99  2  1 99 99  3 99
A54  131 99 99 99  3 99 99  1 99 99  2 99
A54  132 99  5  2 99  4  3  1 99 99 99 99
A54  133  9  8  5  3  2  7  1 10 99  6  4
A54  134 99  3  6  2  4  5  1  7 99  9  8
A54  135 99  3  6  2  4  5  1  7 99  9  8
A54  136  8  5  6  3  4  7  1  9 99  2 99
A54  137 99  5 99  4  3 99  1 99 99 99  2
A54  138 99  5 99  4  3 99  1 99 99 99  2
A54  139  6  8  4  9  3  5  1  7 99  2 99
A54  140  6  8  4  9  3  5  1  7 99  2 99
A54  141 99 99 99 99 99 99  1 99 99  2 99
A54  142 99 99  2 99 99 99  1 99 99 99  3
A54  143 99 99  2  3 99 99  1 99 99 99 99
A54  144 99  6 99  5  4 99  1 99  3 99  2
A54  145 99  6 99  5  4 99  1 99  3 99  2
A54  146 10  5  7  3  4  8  1 11  6  2  9
A54  147  9  5  2  7  3  6  1 99  8  4 99
A54  148  3 99  2 99  4 99  1 99 99 99 99
A54  149  4 99  2 99  3 99  1 99 99 99 99
A54  150 99  4 99  3  6  8  1 99  2  5  7
A54  151 99  3  4  2 99 99  1 99 99  5  6
A54  152 99 99 99 99  2 99  1 99 99 99 99
A54  153 99  5  3  2 99 99  1 99 99  6  4
A54  154  7  3  2  6  4 99  1  5  9  8 99
A54  155  3 99 99 99  2 99 99  1  4 99 99
A54  156  5  7  6  8 99  3  2  1  4  9 99
A54  157 99  4 99  5 99  6  3  1  8  7  2
A54  158  7 99 99  4  5  2  6  1  8  3  9
A54  159  5 99 99  2  3  4  7  1  6 99 99
A54  160  7  9 99 99  5  2  8  1  6  3  4
A54  161  7  9 99 99  5  2  8  1  6  3  4
A54  162 99 99 99  3  4  2 99  1 99 99 99
A54  163 99 99 99  3  4  2 99  1 99 99 99
A54  164 99 99 99  2  3  4 99  1 99 99 99
A54  165  2 99 99 99 99 99 99  1 99 99 99
A54  166 99  5  9  6  8  2  7  1 99  3  4
A54  167  4  3 99 99 99  2 99  1 99 99 99
A54  168 99 99 99  2 99 99 99  1 99 99  3
A54  169 11 10  9  8  3  4  2  1  6  5  7
A54  170  5  4  7  8  6  3  2  1  9 10 11
A54  171  6 10  2  9  3  7  4  1  5  8 11
A54  172 99 99 99 99 99 99 99  1 99 99 99
A54  173 99 99 99 99 99 99 99  1 99 99 99
A54  174  5  8 99  3  2  4  9  1  6  7 99
A54  175 11 10  9  5  4  3  8  1  7  2  6
A54  176  8  4  9  3  2  5 10  1  7  8  6
A54  177  2 99  9  3  8  5  4  1  7  6 99
A54  178  9  6 99  8  7  2 99  1  5  3  4
A54  179  9  6 99  8  7  2 99  1  5  3  4
A54  180 99 99 99  2  3  4 99  1 99 99  5
A54  181  3  4 99 99  6  5 99  1 99 99  2
A54  182 99 99 99 99  3  2 99  1 99 99 99
A54  183  8  3  9  6  7  5  4  1 99  2 99
A54  184 99 99  3  6 99  2 99  1  5  4 99
A54  185 99  2 99 99  3 99 99  1 99 99 99
A54  186 99  2 99 99  3 99 99  1 99 99 99
A54  187  5  9  3  8  2 10 11  1  6  4  7
A54  188 99 99 99  3  2 99 99  1  4 99 99
A54  189  2  8 11  3  5  4  6  1  9  7 10
A54  190  2  8 11  3  5  4  6  1  9  7 10
A54  191 99 99 99  5  6  2  3  1  4 99 99
A54  192  4  6 99 99 99  2 99  1  3 99  5
A54  193  8  9 99  4  2  3  7  1  6  5 99
A54  194  8  9 99  4  2  3  7  1  6  5 99
A54  195  8  9 99  4  2  3  7  1  6  5 99
A54  196  8  9 99  4  2  3  7  1  6  5 99
A54  197  5 99 99  4  3 99 99  1  2 99 99
A54  198 99 99 99 99  4  2 99  1 99  3 99
A54  199  3  5  4  9  6 99  2  1  7  8 99
A54  200  3  5  4  9  6 99  2  1  7  8 99
A54  201  5 99 99 99  2  4 99  1  6  3 99
A54  202  3  2  5 99 99 99  4  1  6 99 99
A54  203 99  3 99 99 99 99 99  1  2  4 99
A54  204 99  3 99 99  2 99 99  1 99 99 99
A54  205 99  3 99 99  2 99 99  1 99 99 99
A54  206 99  3 99 99  4 99 99  1  2 99 99
A54  207 99  3 99 99  4 99 99  1  2 99 99
A54  208 99 99 99 99  1  3 99 99 99 99  2
A54  209 99 99 99 99  1  3 99 99 99 99  2
A54  210 99 99 99 99  1  3 99 99 99 99  2
A54  211 99 99 99 99  1 99 99 99 99 99 99
A54  212 99 99 99  2  1  3 99 99 99 99 99
A54  213 99 99 99 99  1 99 99 99 99 99 99
A54  214 99 99 99 99  1 99 99 99 99 99 99
A54  215 99 99 99  2  1 99 99 99 99 99  3
A54  216 99 99 99  2  1 99 99 99 99 99  3
A54  217 99 99 99  2  1 99 99 99 99 99 99
A54  218 99 99 99  2  1  3 99 99 99 99 99
A54  219 99 99 99  2  1  3 99 99 99 99 99
A54  220 99 99 99 99  1 99 99 99 99 99 99
A54  221  3 99 99  2  1 99 99 99 99 99 99
A54  222  2 99 99  3  1 99 99 99 99 99 99
A54  223  3 99 99  2  1 99 99 99 99 99 99
A54  224 99 99 99  2  1  3 99 99 99 99 99
A54  225 99 99 99  3  1  2 99 99 99 99 99
A54  226 99 99 99  3  1  2 99 99 99 99  4
A54  227 99 99 99 99  1 99 99 99 99 99 99
A54  228 99 99 99  2  1 99 99 99 99 99 99
A54  229 99 99 99 99  1 99 99 99 99 99 99
A54  230 99 99 99 99  1  2 99 99 99 99 99
A54  231 99 99 99  2  1  3 99 99 99 99 99
A54  232 99 99 99 99  1 99 99 99 99 99  2
A54  233  2 99 99  3  1 99 99 99 99 99 99
A54  234  2 99 99  3  1 99 99 99 99 99 99
A54  235 99 99 99 99  1 99 99 99 99 99 99
A54  236 99 99 99 99  1 99 99 99 99 99 99
A54  237  3 99 99  2  1 99 99 99 99 99 99
A54  238  3 99 99  2  1 99 99 99 99 99 99
A54  239 99 99 99 99  1 99 99 99 99 99 99
A54  240 99 99 99 99  1 99 99 99 99 99 99
A54  241 99 99 99  2  1  3 99 99 99 99 99
A54  242 99 99 99  2  1 99 99 99 99 99  3
A54  243 99 99 99  2  1  3 99 99 99 99 99
A54  244 99 99 99  2  1 99 99 99 99 99  3
A54  245  4  5 99 99  6  1 99  2 99 99  3
A54  246  7  4 99  5  2  1 99  3 99 99  6
A54  247  5  2 99  6  4  1 99  3 99 99 99
A54  248 99  3 99 99 99  1 99  2 99 99 99
A54  249  9  3 99  2 99  1  6  7  5  4  8
A54  250 99  4 99  3  2  1 99 99 99 99 99
A54  251  4  5  6  3  2  1  7 11 10  8  9
A54  252 99  4  6  2  5  1  3 99 99 99 99
A54  253  7  3  8  4  2  1 99  5 99 99  6
A54  254  4  3 99  2 99  1 99  5 99  6 99
A54  255  1 99 99 99 99 99 99 99  2 99 99
A54  256  1 99 99 99 99 99 99 99  2 99 99
A54  257  1 99 99 99 99 99 99 99  2 99 99
A54  258  1 99 99 99 99 99 99 99  2 99 99
A54  259  1 99 99 99 99 99  2 99  3 99 99
A54  260  1  2 99 99 99 99 99 99 99 99 99
A54  261  1  2 99 99 99 99 99 99 99 99 99
A54  262  1  4 99 99  2  5 99  3 99 99 99
A54  263  1  4 99 99  2  5 99  3 99 99 99
A54  264  1  4 99 99  2  5 99  3 99 99 99
A54  265  1  4 99 99  2  5 99  3 99 99 99
A54  266  1  4 99 99  2  5 99  3 99 99 99
A54  267  1  4 99 99  2  5 99  3 99 99 99
A54  268  1  4 99 99  2  5 99  3 99 99 99
A54  269  1  4 99 99  2  5 99  3 99 99 99
A54  270  1 99 99  4  3 99  5  2 99 99 99
A54  271  1 99 99  4  3 99  5  2 99 99 99
A54  272  1  3 99 99  2  5  6 99  4 99 99
A54  273  1  7 99  3  2  6  4  5  8 99 99
A54  274  1  2 99  3  4  5 99  6 99 99 99
A54  275  1  2 99  3  4  5 99  6 99 99 99
A54  276  1  2 99  3  4  5 99  6 99 99 99
A54  277  1 99 99  2  3 99 99 99 99 99 99
A54  278  1 99 99 99  3 99 99  2 99 99 99
A54  279  1  3  4  2  8  9  5 99  7  6 99
A54  280  1  2  4  5  3 99  7 99  8 99  6
A54  281  1  2  7  4  3  9  5  6 10 11  8
A54  282  1  2 99 99 99 99 99 99 99 99 99
A54  283  1  2 99 99 99 99 99 99 99 99 99
A54  284  1  2 99 99 99 99 99 99 99 99 99
A54  285  1  2 99 99 99 99 99 99 99 99 99
A54  286  1  2 99 99 99 99 99 99 99 99 99
A54  287  1  2 99 99  3 99 99  5  4 99  6
A54  288  1 99 99 99 99 99  3  4  2  5 99
A54  289  1 99 99 99 99 99  3  4  2  5 99
A54  290  1 99 99 99 99 99  3  4  2  5 99
A54  291  1 99 99 99 99 99  3  4  2  5 99
A54  292  1 99 99 99 99 99  3  4  2  5 99
A54  293  1  9 99  2  3  8  5  4  6  7 99
A54  294  1  6 10  3  4  9 99  5  7  8  2
A54  295  1 99 99 99  2  3 99 99  4 99  5
A54  296  1  4  8  7  5  2 11  6 10  9  3
A54  297  1  2  3  4  5  6  9  8  7 99 99
A54  298  1  2 99  3  4  5 99  6  9  7  8
A54  299  1  2 99  3  4  5 99  6  9  7  8
A54  300  1  2 99 99  3  4 99  5  6 99 99
A54  301  1  2 99  3  5 99  7  4  6 99 99
A54  302  1  8 99  7  3  5  4  2  9 99  6
A54  303  1  8 99  7  3  5  4  2  9 99  6
A54  304  1  9  8  2  3 99 99  7  5  6  4
A54  305  1  8  7  2  3  9  5 10  6  4 11
A54  306  1  7 99  3  2 99  4  8  5  6  9
A54  307  1 99 99 99  2 99 99  3 99 99 99
A54  308  1  2  3 99  4  9  6  8 99  7 99
A54  309  1  2  8  3  4  6  9  7 10  5 11
A54  310  1  6  9  2  3  4  5  8  6 99  7
A54  311  1  8  7  2  3 11  4  5 10  9  6
A54  312  1  6  8  5  3  4  2  9  7 11 10
A54  313  1  9 11  3  2  4 10  6  8  7  5
A54  314  1  4 99  6  3  5 99  7 99 99  2
A54  315  1  9 11  3  2  4 10  6  8  7  5
A54  316  1 10  5 11  3  6  9  4  7  8  2
A54  317  1 10  5 11  3  6  9  4  7  8  2
A54  318  1 99 99 99  2 99 99 99 99 99 99
A54  319  1 99 99 99  2 99 99 99 99 99 99
A54  320  1  5 99 99  4 99 99  2  6  7  3
A54  321  1  7 99  4  2  6 99  3  5 99 99
A54  322  1  7 99  4  2  6 99  3  5 99 99
A54  323  1  2  3  4 99  5  6 99 99 99 99
A54  324  1 99 99 99  2  3 99 99  5 99  4
A54  325  1  4 99 99  3  8 99  2  6  7  5
A54  326  1  4 99 99  3  8 99  2  6  7  5
A54  327  1  4 99 99  3  8 99  2  6  7  5
A54  328  1  4 99 99  3  8 99  2  6  7  5
A54  329  1  4 99 99  3  8 99  2  6  7  5
A54  330  1  2 99 99  6  3 99  4 99 99  5
A54  331  1  2 99  3  4  5  6  7  8 99  9
A54  332  1  2 99  3  4  5  6  7  8 99  9
A54  333  1  7  6  9  3  8 10  2  5  4 11
A54  334  1  2 99  5  4  3 99  6  7 99 99
A54  335  1  2 99  5  4  3 99  6  7 99 99
A54  336  1  2 99  5  4  3 99  6  7 99 99
A54  337  1  2 99  5  4  3 99  6  7 99 99
A54  338  1  2 99  5  4  3 99  6  7 99 99
A54  339  1  2 99  5  4  3 99  6  7 99 99
A54  340  1  2 99  5  4  3 99  6  7 99 99
A54  341  1  3 99  2  4  5 99  7 99 99  6
A54  342  1  3 99  2  4  5 99  7 99 99  6
A54  343  1  2  3  4  5  6 99 99  9  8  7
A54  344  1  2  3  4  5  6 99 99  9  8  7
A54  345  1  2  3  4  5  6 99 99  9  8  7
A54  346  1  2  3  4  5  6 99 99  9  8  7
A54  347  1  2  4 99 99 99 99  3 99 99 99
A54  348  1 99 99  2 99 99 99 99 99 99 99
A54  349  1 99 99 99 99 99 99 99 99 99 99
A54  350 99 99 99 99 99  1 99 99 99 99 99
A54  351 99 99 99  3 99  1 99  2 99 99 99
A54  352 99 99 99 99  2  1 99 99 99 99 99
A54  353 99 99 99 99  2  1 99 99 99 99 99
A54  354  4 99 99 99 99  1 99  2 99 99  3
A54  355  4 99 99 99 99  1 99  2 99 99  3
A54  356  2 99 99 99  3 99 99 99 99 99  1
A54  357  3 99  2  1 99  4 99 99  5 99 99
A54  358  4  5  3  1 11 10  6  9  7  8  2
A54  359  2  7  6  1  5  3 99  4  9  8 99
A54  360 99  4  3  1  2 99 99 99 99  5 99
A54  361  6 99  2  1  4 99 99  5 99  3 99
A54  362  6  7  2  1  5  9  8 10  4  3 11
A54  363  3  8  4  1  5 99  9  2  7  6 99
A54  364  5 99  2  1  4  3  6  8 99  9  7
A54  365  6  5  2  1  3 99  4 99 99 99 99
A54  366 99 99  2  1 99  3 99 99 99 99 99
A54  367  6  7  2  1 11  8  4  5  9  3 10
A54  368 99 99  2  1  3 99 99 99 99 99 99
A54  369  8  9  2  1 99  5  7  6  4  3 99
A54  370  6  7  2  1  3  5  4  8 99 10  9
A54  371  6  7  2  1 99  3  9  8 99  5  4
A54  372  8  9  2 10 11  4  7  6  5  3  1
A54  373 10  7  2  4 11  6  3  9  8  5  1
A54  374 99 99  2 99 99 99 99 99 99 99  1
A54  375 99 99  2  3 99 99 99 99 99 99  1
A54  376 99 99  2 99  3 99  4 99 99 99  1
A54  377  6 99  2  7  4 99  3 99  5 99  1
A54  378  2 99  3 99 99  4 99 99 99 99  1
A54  379  2 99  3 99 99  4 99 99 99 99  1
A54  380  5  6  2  4  3 99 99 99 99 99  1
A54  381 99 99  4  3  2 99 99 99  5  6  1
A54  382  7  8  3  2  9  1  4  6 99  5 99
A54  383  9  5  3  6  8  1  2  4 11  7 10
A54  384 99  6  2  4  3  1 99 99 99 99  5
A54  385 99  6  2 99  4  1  3 99 99  5 99
A54  386 99 99  4  2 99  1  3 99 99 99 99
A54  387 99  7  3  5  2  1  4  6 99 99 99
A54  388 99  5  4  2  3  1 99  7 99  6 99
A54  389 99  5  1  4  3 99 99 99 99 99  2
A54  390 11  5  1  6  3  7  2  9  8 10  4
A54  391  5  6  1  2  7  9  3 99 99  8  4
A54  392  5  4  1  3  8  2  7 99 99  6  9
A54  393 99  3  1  4  6  7  5  2 99  8  9
A54  394 99  2  1  4  5  3  6 99 99  7 99
A54  395  2  5  1  4  9  8  7  3  6 10 11
A54  396  7  4  1  2  3  6  8  5 99  9 99
A54  397 99  4  1 99  2  3  5 99 99  6 99
A54  398 99 99  1 99 99  2  3 99 99 99 99
A54  399 99 99  1 99 99 99 99 99 99 99 99
A54  400 99 99  1  2  3 99 99 99 99 99 99
A54  401  4 99  1 99 99 99  3 99 99 99  2
A54  402 99 99  1 99 99  4  2 99 99 99  3
A54  403 99  1 99  3  2 99 99 99 99 99 99
A54  404  6  1  5  3  2 99 99 99 99  4 99
A54  405 99  1 99  3  2 99 99 99 99  4 99
A54  406  9  1 99  2  4  8  5  7 99  3  6
A54  407  2  1 99 99  3 99 99 99 99 99  4
A54  408 99  1 99  3  2 99 99 99 99 99 99
A54  409  4  1  7 11  5  2  3  9  8  6 10
A54  410  2  1  4  5  3 99 99 99 99 99 99
A54  411  2  1  4  5  3 99 99 99 99 99 99
A54  412 99  1  6 99  2 99  5 99  3 99  4
A54  413 99  1 99 99  4 99  2 99 99 99  3
A54  414 99  1 99  4 99  3 99  5 99  2 99
A54  415  2  1  4  5  3 99  7 99  8 99  6
A54  416  2  1  4  5  3 99  7 99  8 99  6
A54  417  3  1 99 99 99 99  2 99 99 99 99
A54  418 99  1 99 99  2 99 99 99 99  3 99
A54  419  8  1  5  9  3  4  7 99  2  6 99
A54  420  3  1  6  5  4 11  7  9  2 10  8
A54  421 99  1 99 99 99  2 99 99 99 99 99
A54  422 99  1  4  2  3 99  5 99  6 99 99
A54  423 99  1  4 99  3 99 99 99 99 99  2
A54  424 99  1  4 99  3 99 99 99 99 99  2
A54  425  8  1  7 10  4  2 11  3  5  9  6
A54  426  8  1  7 10  4  2 11  3  5  9  6
A54  427  3  1 99  6  5  4  9  2  7  8 99
A54  428  7  1 99  4  2  5  8 99  3  6  9
A54  429 99  1  2  3  4 99 99 99 99 99 99
A54  430  5  1  3  4  9  2  6 99  8  7 99
A54  431  5  1  3  4  9  2  6 99  8  7 99
A54  432  2  1 99 99 99 99 99 99  4 99  3
A54  433  2  1 99 99 99 99 99 99  4 99  3
A54  434  2  1 99 99 99 99 99 99  4 99  3
A54  435  7  1 99  6  4  3 99  2  5 99 99
A54  436  3  1 99 99  2 99  5  6 99 99  4
A54  437  3  1 99 99 99 99  2 99 99 99  4
A54  438  6  1  7  5  2 99  3 99  4 99 99
A54  439 99  1  6  4  3 99  2 99 99 99  5
A54  440  3  1 99  5  2 99 99  6 99 99  4
A54  441  5  1 99 99  6  2 99  3 99 99  4
A54  442  6  1 99  2  3  4 99 99 99  5 99
A54  443  2  1  7  3  6 99  4 99  5 99 99
A54  444 99  1 99 99 99  4 99  3 99 99  2
A54  445  6  1  7  3  2 99  5 99 99  4 99
A54  446  2  1 99  4 99 99 99 99 99  3 99
A54  447 99  1 99 99  2  4 99 99 99 99  3
A54  448  4  1  6  2  5  9  7 99  8  3 99
A54  449 99  1 99 99  3 99 99 99 99  2 99
A54  450 99  1 99  4 99  2 99  3 99 99  5
A54  451  7  1 10  8  4  6  3  9 11  5  2
A54  452  7  1 10  8  4  6  3  9 11  5  2
A54  453 99  1  2 99  3 99  4  5 99  6 99
A54  454  2  1  4  5  3 99  7 99  8 99  6
A54  455 99  1 99 99  2 99 99 99 99 99 99
A54  456 99  1 99 99  2 99 99 99 99 99 99
A54  457  8  1 99  9  2  5  4  7  3 99  6
A54  458 99  1  4  2  3 99  6 99 99  5 99
A54  459  2  1 99  8  5  3 99  6  7 99  4
A54  460 99  3  8  2  1 99  5  6  7  4  9
A54  461  2  3 99 99  1 99  4  6 99 99  5
A54  462  3  4 99  5  1  2  7  6  8 99 99
A54  463  6  2  8  5  1  3  7  4 99  9 99
A54  464  9  2 10  8  1  7 11  3  5  6  4
A54  465  7  2 99  4  1  3 99  5 99 99  6
A54  466  7  3  5  2  1  7  6 99  4 99  5
A54  467  4  3 99 99  1  2 99 99 99 99 99
A54  468  8  2  5  4  1  6  3 10 11  7  9
A54  469 99  3 99  4  1  5 99 99 99 99  2
A54  470 99  2  6  7  1  9  8 99  3  5  4
A54  471  8  2  3  7  1  4 10  9  5  7  6
A54  472  7  2  8  5  1 99  4  6  9  3 99
A54  473  3  5  8  2  1  4  9  6  7 10 11
A54  474  5  4  8  3  1  2 99  7  6 99  9
A54  475  8  2 99  6  1  9 99  3  7  4  5
A54  476 99  2 99 99  1 99  3 99 99  4 99
A54  477 99  3 99  5  1  2 99  6 99  4  7
A54  478 99  2 99 99  1  3 99 99 99 99 99
A54  479 99  3 99  2  1  5 99 99 99  4 99
A54  480 99  3 99  2  1 99 99 99  4  5 99
A54  481 99  2 99  3  1 99  5 99  4 99 99
A54  482 99  4 99  2  1  3 99 99 99 99 99
A54  483  8  3  7  5  1  9  4  6 99 99  2
A54  484  8  3  7  5  1  9  4  6 99 99  2
A54  485 99  2 99 99  1 99 99 99 99 99 99
A54  486  6  3  4  2  1  5  7 99  9  8 99
A54  487 99  2 99 99  1 99 99 99 99 99 99
A54  488  5  4  6  1  3  7  8  2 99  9 99
A54  489 99  3  5  1  2  4 99  6 99 99 99
A54  490  6  2  7  1 99  3  8  4  9  5 99
A54  491  6  2  7  1 99  3  8  4  9  5 99
A54  492  4  3 99  1  2 99 99 99 99 99 99
A54  493  4  3  8  1  6 11  7  9  5 10  2
A54  494 99  2  6  1 99  5 99  3 99  4 99
A54  495 99  3  5  1  4  2  8  6  8  7 99
A54  496  7  2  8  1  6 99  5  9 99  3  4
A54  497 99  3  4  1 99  2 99 99 99 99 99
A54  498 99  2 99  1 99 99 99 99 99 99 99
A54  499  2  3  8  1  4  6 99  7 99 99  5
A54  500  2  3  8  1  4  6 99  7 99 99  5
A54  501  6  3 99  1  5  7 99  2 99  4 99
A54  502  3  2  8  1  4 11 10  7  5  9  6
A54  503  9  5  8  1  2  3 10  4  7  6 11
A54  504  8  5 99  1  3  4  7  6  9 99  2
A54  505  3  4 99  1  2 99 99 99 99 99 99
A54  506  3  4  5  1  2  6  7  8  9 99 99
A54  507  2  3  4  1 11  7  6 10  8  5  9
A54  508  2  4 99  1  3 99  5  8  9  6  7
A54  509  2  4 99  1  3 99  5  8  9  6  7
A54  510  2  4 99  1  3 99  5  8  9  6  7
A54  511  2  4 99  1  3 99  5  8  9  6  7
A54  512  2  4 99  1  3 99  5  8  9  6  7
A54  513  8  3 99 99  2  6  5  4 99  7  1
A54  514  2  3 11  6  5  9  8  7  4 10  1
A54  515  2  3 11  6  5  9  8  7  4 10  1
A54  516  2  3 11  6  5  9  8  7  4 10  1
A54  517  2  4 99  6  3  5 99  7 99 99  1
A54  518  2  5  8  3  4 99  9 10  7  6  1
A54  519 99  3 99  4  2 99 99 99 99 99  1
A54  520 99  2 99 99 99  3 99 99 99 99  1
A54  521  2  6 99  3  4  9 99  5  7  8  1
A54  522  9  2  6 99  4 99  5  3  8  7  1
A54  523  9  2  6 99  4 99  5  3  8  7  1
A54  524  9  2  6 99  4 99  5  3  8  7  1
A54  525 99  2  4  3 99 99 99 99 99 99  1
A54  526 99  3 99  2  4 99  5 99  6 99  1
A54  527  2  4  7  5  3  6  8 99 99 99  1
A54  528  2  3 99 99  6  4 99  5 99 99  1
A54  529  2  3 99 99  6  4 99  5 99 99  1
A54  530 99  2 99 99  3 99 99 99  4 99  1
A54  531  8  3  7  4  2 99 99 99  6  5  1
A54  532  6  5 10  9  4  3 11  8  1  2  7
A54  533 99 99 99 99 99  2 99 99  1 99  3
A54  534 99 99 99 99 99  2 99 99  1 99  3
A54  535  3  2  9 10  4  8  6  7  1  5 99
A54  536 99 99 99  4 99 99 99 99  1  2  3
A54  537 99  5 99  4  3 99 99 99  1 99  2
A54  538  9 99  4  5  6  7  3  8  1  2 99
A54  539 99  7  2  3  6  5  8  4  1 99 99
A54  540 99 99 99  3  4 99  2 99  1 99  5
A54  541  2 99  3  8 99  5  4  7  1  6  9
A54  542  2 99  3  8 99  5  4  7  1  6  9
A54  543  2 99  3  8 99  5  4  7  1  6  9
A54  544 99  3 99 99  4 99 99  2  1 99  5
A54  545 99  3 99 99  4 99 99  2  1 99  5
A54  546  7  5  8  4  3  6  9  2  1 10 11
A54  547  6  3  9  7  2  4 10  5  1  8 11
A54  548 99 99  2  4 99 99  5 99  1  3 99
A54  549  6  3  7  5  2 99  4 99  1 99 99
A54  550  3 99  9  4  7  8  6  5  1  2 99
A54  551  3 99  9  4  7  8  6  5  1  2 99
A54  552  3 99  9  4  7  8  6  5  1  2 99
A54  553  3 99  9  4  7  8  6  5  1  2 99
A54  554 99 99 99 99 99  3  2  4  1  5 99
A54  555 99 99 99 99 99  3  2  4  1  5 99
A54  556  5 99  8  3  4  6  9  2  1  7 99
A54  557  5 99  8  3  4  6  9  2  1  7 99
A54  558  5 99  8  3  4  6  9  2  1  7 99
A54  559  5 99  8  3  4  6  9  2  1  7 99
A54  560 99 99 99 99 99 99 99 99  1 99 99
A54  561 99 99 99 99 99 99 99 99  1 99 99
A54  562 99 99 99 99 99  2 99  3  1 99 99
A54  563 99 99 99 99 99  2 99  3  1 99 99
A54  564  8  4  9  3  6  5 99 99  1  2  7
A54  565 99 99 99  4  3  5  2  6  1 99 99
A54  566 99 99 99 99 99 99  2 99  1 99 99
A54  567 99  6  4  3  2 99  5 99  1 99 99
A54  568  9  5 99  7  4  2  6  3  1 99  8
A54  569  9  8 99  7  6  3 10  4  1  2  5
A54  570  8  4  7  2  1  6 11  5  3  9 10
A54  571 99  7  6  4  1  9  8  5  3 99  2
A54  572 10  7  8  9  1  2  6 11  3  4  5
A54  573  5  9 10  3  1  7 11  6  2  8  4
A54  574  3  5  8  2  1  9  7  6  4 99 99
A54  575 99  5 99  6  1  2 99  7  3 99  4
A54  576  3 99 99  2  1  4  9  8  5  6  7
A54  577 99  5 99  3  1 99 99  6  2 99  4
A54  578 99  5 99  3  1 99 99  6  2 99  4
A54  579  7  9 99  2  1  8 99  6  3  5  4
A54  580  6  7 99  3  1  4  9  8  5  2 99
A54  581  6  8  7  4  1 10  5  9  2  3 11
A54  582 99 99 99 99  1  4 99 99  2  3 99
A54  583  7  4  5  1  2 99  6  9  3  8 99
A54  584  6  5 99  1  2  7  8  3  4  9 99
A54  585 99  9  8  1  6  4 99  2  3  5  7
A54  586  9  3  8  1  6  5  4  7  2 99 99
A54  587 99 99 99  1  2  3 99 99  4 99  5
A54  588  7  9 99  1  2  8 99  6  3  5  4
A54  589 99  3 99  1  4 99 99 99  2 99 99
A54  590 99  7  3  1  5  6  8  9  2  4 99
A54  591  2  8 99  1  3  7  9  4  5  6 99
A54  592 99  5 99  1  6  2 99 99  3  4 99
A54  593 99  5 99  1  6  2 99 99  3  4 99
A54  594 99  5 99  1  6  2 99 99  3  4 99
A54  595 99  5 99  1  6  2 99 99  3  4 99
A54  596  7  8  5  1  9 11  6 10  3  4  2
A54  597 99  5 99  3  4 99 99  6  2 99  1
A54  598 99 99 99 99  3 99 99 99  2 99  1
A54  599 99 99 99 99  3 99 99 99  2 99  1
A54  600 99  4 99 99  6  5 99 99  2  3  1
A54  601  3  4 99 99 99 99 99 99  2 99  1
A54  602  3  8  9  7  5 99  6 99  2  4  1
A54  603  8  7 10 99  4  5  6  3  2  9  1
A54  604  4  8 99 99  2  9  7  3  5  6  1
A54  605  9  6 99  4  2  5 99  7  3  8  1
A54  606  4  5 99 99 99  3  6 99  2 99  1
A54  607 99  5  6  8  9  7 99  2  3  4  1
A54  608  3  8  9 99  2  6  7  4  5 99  1
A54  609  2 99  6  3 99 99  7 99  4  5  1
A54  610  4 10  3  6  5  7  9 11  2  8  1
A54  611  4 99  5  7  3  6 99  9  2  8  1
A54  612  2  5 10  6  4  9  8 11  3  7  1
A54  613 99 99 99  3  4  2  6 99  5 99  1
A54  614 99 99 99 99 99  4  3 99  2 99  1
A54  615  4 99 99  5  3  6 99 99  2 99  1
A54  616  2 99 99  5  4 99 99 99  3 99  1
A54  617 99 99 99 99  2 99 99 99  3 99  1
A54  618 99 99 99 99  2 99 99 99  3 99  1
A54  619 99 99 99  4  5  6  3 99  2 99  1
A54  620  2 99 99 99  3 99 99 99  4 99  1
A54  621  6 99 99  2  3  4  9  5  7  8  1
A54  622 11  9  8  3  2  5 10  6  4  7  1
A54  623 99  4 99 99  5 99  2 99  3 99  1
A54  624  4 99 99  3  2 99 99 99  5 99  1
A54  625 99  5 99 99 99  3 99  4  2 99  1
A54  626 99 99 99 99  2 99 99 99  3 99  1
A54  627  3  7  5  6  4 99  8  9  2 99  1
A54  628  7 10 11  2  3  4  8  5  6  9  1
A54  629 99 99 99 99 99  1 99  2  3  4 99
A54  630 99  4 99 99  2  1 99  5  3 99 99
A54  631 99  4 99 99  2  1 99  5  3 99 99
A54  632 99  4 99 99  2  1 99  5  3 99 99
A54  633 99  4 99 99  2  1 99  5  3 99 99
A54  634  9  6  8 99  2  1  5  3  4 99  7
A54  635  6  7  9  4 99  1  5  2  3  8 99
A54  636  7  6 10  4  5  1 11  3  2  8  9
A54  637  7  6 10  4  5  1 11  3  2  8  9
A54  638  7  6 10  4  5  1 11  3  2  8  9
A54  639  5  8 99  7  2  1 99  3  6 99  4
A54  640  5  8 99  7  2  1 99  3  6 99  4
A54  641  5  8 99  7  2  1 99  3  6 99  4
A54  642  5  8 99  7  2  1 99  3  6 99  4
A54  643 99 99 99 99 99  1 99 99  2 99 99
A54  644  5  7  2  4  1  6 10  3  9  8 11
A54  645  5  7  2  4  1  6 10  3  9  8 11
A54  646  5  7  2  4  1  6 10  3  9  8 11
A54  647  5  7  2  4  1  6 10  3  9  8 11
A54  648  5  7  2  4  1  6 10  3  9  8 11
A54  649  7  8  3  2  1  5  6  4 99  9 99
A54  650  2 99  3 99  1 99 99 99 99 99 99
A54  651  7  8  2  6  1  9  3  5 10  4 11
A54  652  8  7  2  5  1  9  4 10 11  3  6
A54  653  8  5  2 99  1  7  3 99  6  4  9
A54  654  9  3  2  4  1  7  5  6  8 10 11
A54  655 99  8  2  7  1  3  5  4  6  9 99
A54  656 99 99  2 99  1  3 99  4 99 99 99
A54  657 99 99  2 99  1  3 99  4 99 99 99
A54  658  7  8  2  4  1  3  5 99  9  6 99
A54  659  3  5  4  2  1 11  6  9  7 10  8
A54  660  3 99  4  2  1  5  7  6  8  9 99
A54  661  3  9  2 99  1  8  4  5  6  7 99
A54  662  7  6  9 10  1  5 11  3  4  2  8
A54  663  7  6  9 10  1  5 11  3  4  2  8
A54  664  7 99  4  2  1 99  5 99 99  3  6
A54  665  7  6  8  2  1 99  5  9  4  3 99
A54  666  9  7 99  8  1  2 99  6  5  4  3
A54  667 99 99  5  3  1 99 99 99  4  2 99
A54  668  6  5 11  2  1  3 10  8  7  4  9
A54  669 99  6 99  2  1  3 99  5 99  4 99
A54  670  9 11  8  2  1  3 10  7  6  4  5
A54  671  9 11  8  2  1  3 10  7  6  4  5
A54  672  9  6  5  2  1 10  7  8  4  3 11
A54  673  5 10 11  8  1  3  9  6  7  4  2
A54  674  9  7  6  2  1  5  4 10  8  3 11
A54  675  5  9  8  3  1  4  6  7 99  2 99
A54  676 10  6  5  2  1  7  8  9  4  3 11
A54  677 10  6  5  2  1  7  8  9  4  3 11
A54  678 11  6  9  7  1  4  8  5 10  3  2
A54  679 10  8  9 99  1  3  6  4  7  2  5
A54  680  8  4 10 11  1  9  7  3  5  2  6
A54  681 99 99  4  2  1  8  9  5  6  3  7
A54  682 99 99  4  2  1  8  9  5  6  3  7
A54  683  3 99 99 99  1  4  5 99 99  2 99
A54  684 99 99 99  2  1  3 99 99 99  4 99
A54  685  4  3  7  5  1  6 99 99 99  2 99
A54  686  8  9  4  7  1  6  5  3 99  2 99
A54  687  2  7  5  3  1  8  6 99 99  4 99
A54  688 99 99 99  2  1 99 99 99 99  3  4
A54  689  4  6  5  3  1  8  7 99 99  2 99
A54  690  7  8  9  5  1  3  6  4 99  2 99
A54  691  9 99  6  5  1  8 99  3  7  2  4
A54  692  9 99  6  5  1  8 99  3  7  2  4
A54  693 99 99 99  3  1  4  5 99  6  2 99
A54  694  9  7  8  3  1  4 10  6  5  2 11
A54  695 10 11  6  5  1  2  7  8  9  4  3
A54  696 99 99 99  1  3 99 99 99 99  2 99
A54  697 99 99 99  1  5  2 99  3 99  4  6
A54  698 99 99 99  1  5  2 99  3 99  4  6
A54  699 99  8  6  1  2  7  5  4  9  3 99
A54  700  4  7 99  1  3  8  6  5  9  2 99
A54  701  5  4  6  1  3  7 99  8 99  2  9
A54  702  2 99 99  1  3 99  5 99 99  4 99
A54  703  4  8  9  1  2  3  7 99 99  6  5
A54  704  5  7  9  1  2  4  8  3 10  6 11
A54  705 99 99 99  1  2 99  4 99 99  3 99
A54  706 99 99 99  1  2 99  4 99  5  3 99
A54  707  8  5  6  1  3  7  4 99 99  2 99
A54  708 99  5 99  1  4 99  3 99 99  2 99
A54  709 99 99 99  1  5  3 99  2  6  4 99
A54  710  2 10 11  1  4  6  9  3  7  5  8
A54  711 10  5  4  1  2  6  9  8  7  3 11
A54  712  3  8 99  1  2  4 99  6  7  5  9
A54  713  2 99  7  1  5  3  8  9  6  4 99
A54  714 99  9 99  1  2  3  8  4  7  5  6
A54  715 99 99 99  1  4  5 99 99  3  2 99
A54  716  7  6 11  1  2  4  8 10  9  5  3
A54  717  6  7  4  1  2 11 10  9  8  3  5
A54  718 10  5  7  1  2  4  8  6  9  3 11
A54  719 10  7  9 11  5  2  6  8  4  3  1
A54  720 99 99 99 99 99 99 99 99 99  2  1
A54  721 99 99  3  5  6 99  4 99  7  2  1
A54  722 99  4 99  4 99  2  5 99 99  3  1
A54  723 10 11  8  2  3  6  7  5  9  4  1
A54  724  2  6 99  7 99  3 99  4 99  5  1
A54  725 99 99 99  5  2 99 99  3 99  4  1
A54  726 99  9  8 99  5  4  7  3  6  2  1
A54  727 99  7  6  2  8  3  5 99 99  4  1
A54  728  7  8  6  4  2  5  9 10 11  3  1
A54  729  2 99 99  5  4 99 99 99 99  3  1
A54  730  6 99 99  3  2  4 99 99 99  5  1
A54  731 99 99 99 99  2  4 99 99 99  3  1
A54  732  9  3  6 11  7  4  8 10  5  2  1
A54  733  9  3  6 11  7  4  8 10  5  2  1
A54  734 99 99 99 99 99  1 99 99 99  3  2
A54  735 99  7 99  4  3  1 99  2 99  6  5
A54  736  7 99  8  4  2  1  5  3  9  6 10
A54  737 99 99 99 99  4  1 99  3 99  2 99
A54  738 99 99 99  2 99  1 99 99 99  3  4
A54  739  6  5 10  7  4  1 11  3  8  2  9
A54  740 99  7  5  3  2  1  8 99  6  4 99
A54  741  6  5 99  7  9  1 99  3  4  2  8
A54  742 99  9 99  7  8  1  6  2  4  3  5
A54  743 99 99 99  4 99  1 99  3 99  2 99
A54  744 99 99 99 99 99  1 99  2 99  3 99
A54  745 99 99 99  5  4  1 99  3 99  2 99
A54  746 99  6  7  4  3  1 99 99  5  2 99
A54  747 99 99 99 99 99  1 99  3 99  2 99
A54  748  5  7  9  8 10  1 11  2  6  3  4
A54  749 99 99 99 99 99  1 99  3 99  2 99
A54  750 10  5  4  6  2  1  7  8  9  3 11
A54  751  5 99 99 99  4  1 99  2  6  3  7
A54  752 11 10  7  8  5  1  6  3  9  2  4
A54  753  7  9  6  5  3  1  8  2 99  4 99
A54  754  7  9  6  5  3  1  8  2 99  4 99
A54  755  4 99  2 99 99  1  5 99 99  3 99
A54  756 99  6 99  4 99  1 99  2 99  3  5
A54  757 99 99 99  5  2  1 99  3 99  4 99
A54  758 99 99 99 99  2  1 99 99 99  3 99
A54  759  8 11  7  4  5  1 10  3  6  2  9
A54  760 99 99 99  3  5  1 99 99 99  2  4
A54  761 99  6  7  3  8  1  9  5 99  2  4
A54  762 11  7  8  5  4  1 10  3  9  2  6
A54  763 99 99 99 99  2  1 99  4 99  3 99
A54  764  3 99 99 99 99  1 99 99 99  2 99
A54  765  5  9 11  8 10  1  7  3  6  2  4
A54  766  4 99  5  7  6  1 99  8  3  2 99
A54  767 99 99 99 99  4  1  5  2  6  3 99
A54  768  6  8  7  3  4  1  5 99  9  2 99
A54  769 99  7  6 99  5  1  2 99 99  4  3
A54  770  8  4 99  9  5  1 99  2  7  3  6
A54  771  7  8 99  9 99  1  6  3  5  2  4
A54  772 99  9  8  7  2  1  6  5  4  3 99
A54  773 99 99 99  5  4  1 99  2 99  3 99
A54  774 99  4 99  5 99  1 99  3 99  2 99
A54  775 99 99 99  3 99  1 99  2 99  4 99
A54  776  4  6  7 10 11  1  9  5  8  3  2
A54  777  5  6 99  7  4  1 99  2  8  3  9
A54  778  4  5 99  7  8  1 99  6 99  3  2
A54  779  6  5  8 11  3  1  7  2 10  4  9
A54  780  6  7 99 99 99  1 99  2  4  3  5
A54  781 99  6  7 99  3  1  5  4 99  2 99
A54  782 99 99 99 99 99  1 99  3 99  4  2
A54  783 99 99 99 99 99  1 99  3 99  4  2
A54  784  8 10  5 11  3  1  9  4  6  2  7
A54  785  8 10  5 11  3  1  9  4  6  2  7
A54  786 99  7 99  6 99  1 99  5  4  3  2
A54  787  3 99 99 99  4  1 99  2 99  5 99
A54  788 99 99 99 99  2  1 99 99 99  3 99
A54  789  6  8 10  4 11  1  5  2  9  3  7
A54  790 99  9  5  7  2  1 99  3  8  6  4
A54  791 99  5  3 99  6  1  4 99 99  2 99
A54  792  1  3  1  3  2  2  1 99  2  3 99
A54  793  1  1  1 99  1  1 99  1  1  1  1
A54  794  4  8  1  7  2  3 10  9  6  5 11
A54  795  4 99  1  2 99 99  5 99 99  3 99
A54  796  2 99  1  3 99 99  5 99 99  4 99
A54  797  5  8  1  6  7  2  4 11 10  3  9
A54  798  5  4  1 11  3  6  9  7  8  2 10
A54  799  7  4  1  3 99  2  8  9  6  5 99
A54  800  5  7  1  6  2  8  3 11 10  4  9
A54  801  9  9  1  3  2  8  4  7  6  5 99
A54  802  2 99  1  3  4 99 99 99 99  5 99
A54  803  2  6  1  5  3 99  7  8  9  4 99
A54  804  5  8  1 99 99  4  6  3  7  2 99
A54  805 99 99  1  2  6 99  3 99  5  4 99
A54  806 99  4  1 99 99  6  3 99  5  2  7
A54  807 99 99  3  5  6 99  2 99  7  4  1
A54  808 99  3  6  5  4  7  2 99  8 99  1
A54  809 99  3  6  5  4 99  2 99 99 99  1
A54  810 10  7  5  4  2  6  3  9 99  8  1
A54  811  7  9 11  8  2  3  5  4  6 10  1
A54  812  6  7 99  4  5  8  2  9 99  3  1
A54  813 99 99 99 99 99 99  2 99 99 99  1
A54  814 99 99 99 99 99 99  2 99 99 99  1
A54  815 99 99 99 99  2 99  3 99 99 99  1
A54  816  3 99 99  6  1  8  4  2  9  7  5
A54  817  2  7  6  3  1  5 99  4  8  9 99
A54  818  2  7  6  3  1  5 99  4  8  9 99
A54  819  2  8  9 99  1  6  7  3  5 99  4
A54  820  2  8  9 99  1  6  7  3  5 99  4
A54  821 99  9  4  3  1 99  8  2  6  7  5
A54  822  8  5  9  4  1  6  3  2 99  7 99
A54  823  4 99 99 99  1  3 99  2 99 99 99
A54  824 99 99 99 99  1  2 99  3 99  4 99
A54  825 99 99 99 99  1  2 99  3 99  4 99
A54  826 99  6 99  5  1  2 99  3 99 99  4
A54  827 99 99 99 99  1  4 99  2 99 99  3
A54  828  4  5 99 99  1  3 99  2  6  7 99
A54  829  4  8  9  2  1  5 10  3  6  7 11
A54  830 99  6  5 99  1  2 99  3 99 99  4
A54  831  3  6 99  5  1 99  7  2  9  4 99
A54  832 99 99 99  4  1  2 99  3 99  5 99
A54  833  6  4  8  7  1  3  9  2  5 11 10
A54  834  6  8  9  5  1  4  7  2 11  3 10
A54  835  4  6 10  7  1  8 11  2  5  3  9
A54  836  4  6 10  7  1  8 11  2  5  3  9
A54  837  4  6 10  7  1  8 11  2  5  3  9
A54  838  4  6 10  7  1  8 11  2  5  3  9
A54  839  4  6 10  7  1  8 11  2  5  3  9
A54  840  5  6  7 11  1  2  8  3  9  4 10
A54  841  3  8 99  2  1  7  9  4  5  6 99
A54  842  4  5 99 99  1 99 99  2 99  3 99
A54  843  5 99 99  3  1  4 99  2 99  6 99
A54  844  6  4 99 99  1  3 99  2  7  5  8
A54  845  6  4 99 99  1  3 99  2  7  5  8
A54  846 99 99 99  4  1  2 99  3 99 99 99
A54  847 99 99 99 99  1 99 99  2 99 99 99
A54  848  9  7 10  5  1  8 11  2  3  6  4
A54  849 99  4 99 99  1 99  3  2 99 99 99
A54  850  6  8  9  5  1  2 99  3 99  7  4
A54  851 99 99 99 99  1 99 99  2  3 99 99
A54  852  8 99  7  2  1  3  6  4  9  5 99
A54  853  6 99  8  3  1  2  7  4  9  5 99
A54  854  4 99 99 99  1  2 99  3 99 99  5
A54  855 10  5  7  4  1 11  6  2  9  3  8
A54  856  7 99  8  2  1  6  9  3 99  5  4
A54  857  7 99  8  2  1  6  9  3 99  5  4
A54  858  6  5  8 99  1  3  7  2  9  4 99
A54  859  4  5 99 99  1  3 99  2  6  7 99
A54  860  6 99 99 99  1  4 99  2 99  5  3
A54  861  8  5  7  2  1  6 10  3 11  4  9
A54  862 10  7 11  6  1  2  5  3  8  4  9
A54  863  3  6  9  4  1  2  7  5  8 10 11
A54  864  4 10  8  2  1  3  7  5  6 99  9
A54  865  4 10  8  2  1  3  7  5  6 99  9
A54  866  4 10  8  2  1  3  7  5  6 99  9
A54  867  4 10  8  2  1  3  7  5  6 99  9
A54  868 99  5 99 99  1  4 99  3 99 99  2
A54  869 99  5 99 99  1  4 99  3 99 99  2
A54  870 99  5 99 99  1  4 99  3 99 99  2
A54  871 99  3 99 99  1 99 99  2 99 99 99
A54  872 99  9  5  7  1  2 99  4  8  6  3
A54  873 11  7  1 10  9  6  3  8  2  5  4
A54  874  5  7  1  6  2  8  9 10  3  4 11
A54  875 99 99  1 99 99 99  2 99  3 99 99
A54  876 99  6  1  2 99 99  5 99  3  4 99
A54  877  9  8  1  5  4  7  3 10  2  6 11
A54  878  3 99  1 99  2 99 99 99  4 99 99
A54  879  5  4  9  3 11  2  8  6  7  1 10
A54  880  5  4  9  3 11  2  8  6  7  1 10
A54  881 99  4 99 99  3  5  2 99 99  1 99
A54  882 99  4  7  8  2  6  9  5  3  1 99
A54  883 99  6  5 99 99  4 99 99  3  1  2
A54  884  9  5  4  6  7  2  8  3 99  1 99
A54  885 99 99 99 99  5  2 99  3 99  1  4
A54  886 99 99 99  4 99  2 99  3 99  1 99
A54  887 99  6  5  2 99  3  4 99 99  1 99
A54  888 99 99  2  3  6  4 99  5 99  1 99
A54  889  5  8  7 99  4  3  9  6  2  1 99
A54  890  8 99 99  2  3  7  6  9  5  1  4
A54  891  9  7  4 99  2  8  3 99  6  1  5
A54  892  8 99 99  2  3  5  4  6  7  1  9
A54  893  8 99  7  6  3  4  9  5 99  1  2
A54  894  9  8  7  6  5  4 99  3  2  1 99
A54  895 99  2 99  3  4 99  5 99 99  1 99
A54  896 99 99 99  4  3 99  5  2 99  1 99
A54  897  7  8  9 10 11  3  6  2  5  1  4
A54  898  5  4 99  6  2  7 99  3 99  1 99
A54  899  4  6  7  8  5  3  9  2 99  1 99
A54  900  5 99 99  3 99  2 99 99 99  1  4
A54  901 99 99 99 99 99 99 99 99 99  1  2
A54  902 99  9  8  5  4  2 99  3  7  1  6
A54  903  2 99  3  4  6  5 99 99 99  1 99
A54  904 99 99 99 99 99  2 99 99 99  1 99
A54  905 99 99 99 99 99 99 99 99 99  1 99
A54  906  8  5  9 99 99  3  6  2  4  1  7
A54  907  8 99  6  9  5  3  4  2  7  1 99
A54  908 99 99  5  6 99  2  7  3  8  1  4
A54  909 99 99  9  8  3  2  4  5  6  1  7
A54  910  8  7  9 99 99  3  5  2  4  1  6
A54  911 99  6  5  7  4  2  8  3 99  1 99
A54  912  9  6  8  2  4 10  7  5  3  1 11
A54  913 99  5 99  4 99  2 99 99 99  1  3
A54  914  8  7  6  4  2  5  3  9 99  1 99
A54  915 99 99  4  2 99 99  3 99 99  1 99
A54  916  7  6 99  5  4  9 99  8  3  1  2
A54  917  7  6 99  5  4  9 99  8  3  1  2
A54  918  9  6 11 10  5  2  4  3  7  1  8
A54  919 99 99  4  3  5  2 99 99 99  1 99
A54  920 99 99  8  2  4  3  9  5  6  1  7
A54  921 99  3 99  2 99 99 99 99 99  1 99
A54  922  6  9  7  3  4  2  5 99  8  1 99
A54  923 99  5 99 99  4  2 99  3 99  1  6
A54  924 99 99 99  3  4 99 99 99 99  1  2
