A55  302 PR ASN VOTERS ELECT  5  FROM 10  BY STV
A55    1 99 99 99 99 99 99 99  2  1 99
A55    2 99 99  3 99 99 99 99  2  1 99
A55    3 99 99 99 99 99 99 99  1  2 99
A55    4  2 99 99 99 99 99 99  1 99 99
A55    5  4  3 99 99 99 99  2  1 99 99
A55    6 99 99 99 99 99 99 99  1 99 99
A55    7  3  2 99 99 99 99  4  1  5 99
A55    8 99 99 99 99 99  3  3  1  2  3
A55    9  3 99 99 99 99 99 99  1  2 99
A55   10  3 99  2 99 99 99  4 99  1 99
A55   11 99  3  1 99 99 99 99 99  2 99
A55   12 99 99 99 99 99 99  1 99 99 99
A55   13 99  2 99 99 99 99  1 99 99 99
A55   14 99  2 99 99 99 99  1 99 99 99
A55   15  1 99 99  4 99 99  2  3 99  5
A55   16  1  3  2 99 99 99 99 99 99 99
A55   17  1 99 99  2  3 99  4  5 99 99
A55   18  1  4  5  9  3  2  6  7 10  8
A55   19  1  7  9  6  5 10  3  2  4  8
A55   20  1 99 99 99 99  2 99 99 99 99
A55   21  1  3 99 99 99  2  5  4 99 99
A55   22  1 99 99  2 99 99  3 99  4  5
A55   23  1 99 99 99 99  2  4  3  5 99
A55   24  1  6  7  2 99  3  5  8  9  4
A55   25  1  6  7 10  3  2  9  5  4  8
A55   26  1  5 99 99  2 99  3  4 99 99
A55   27  1 99  4  5 99 99  3 99  2 99
A55   28  1 99 99 99  2 99 99  3 99 99
A55   29  1 99 99 99  2 99 99  3 99 99
A55   30  1  2 99 99 99  3 99 99  4 99
A55   31  1 99 99 99 99 99 99 99 99 99
A55   32  1 99  3 99 99  2 99  4 99 99
A55   33  1  3 99 99  5  2 99  4 99 99
A55   34  1  2  5  6  4  3  7  8  9 10
A55   35  1  3 99 99  4  2 99  5 99 99
A55   36  1  6  8  9  5  2  4 10  3  7
A55   37  1 99 99  3  2 99 99 99  4 99
A55   38  1 99 99 99 99 99 99 99 99 99
A55   39  1 99 99 99 99  3  2 99 99 99
A55   40  1  6 99 99  3 99  2  5  4 99
A55   41  1 99 99  5  2  3  6 99  4 99
A55   42  1 99 99 99  3  2 99  4 99  5
A55   43  1  5  4 99  2 99 99 99  3 99
A55   44  1 10  2  7  3  9  5  8  6  4
A55   45  1 99 99 99 99  3 99  2 99 99
A55   46  1 99 99 99  3  2 99 99 99 99
A55   47  1  5 99 99  3  4  7  2  6 99
A55   48  1 99  4  5 99  6 99  3  2 99
A55   49  1  6 10  7  3  2  8  9  4  5
A55   50  1 99 99 99 99 99 99 99 99 99
A55   51  1 99 99 99  2 99  3  5  4 99
A55   52  1  8  5  9  3 10  7  6  4  2
A55   53  1 99 99 99 99  2 99  3 99 99
A55   54  1  6  6  3  2  6  4  6  6  5
A55   55  2  1  9  6  4  5 10  7  3  8
A55   56  2  1 99 99 99  3 99  5  4 99
A55   57  2  4  6  7  5  3  8 10  1  9
A55   58  2  5  9  7  3  8  4  6  1 10
A55   59  3 99 99 99  5  4  2 99  1 99
A55   60  3 99 99 99 99 99  2  4  1 99
A55   61  3 99  5  6 99  4  2 99  1 99
A55   62  2 99 99 99 99 99  1 99  3 99
A55   63  2 99 99  5 99  6  1 99  3  4
A55   64  2  9 10  4  3  7  1  5  8  6
A55   65  2 99 99 99  4 99  1 99  3 99
A55   66  2  3  6  5  8 10  1  4  7  9
A55   67  2 99  4  5 99 99  1 99  3 99
A55   68  4  3  1  6  5  8  7  9  2 10
A55   69  2 10  1  5  7  8  4  3  9  6
A55   70  2 99 99  1 99  4  5 99  3 99
A55   71  5  9 10  1  3  4  6  8  7  2
A55   72 10  7  6  1  3  8  5  9  4  2
A55   73 99 99 99  1  2 99 99  5  3  4
A55   74  9  8  5  1  3  7  2  6 10  4
A55   75 99  2 99  1  4 99 99 99  3 99
A55   76 99  2 99  1  4 99 99 99  3 99
A55   77 99 99 99  1  6  5  7  2  3  4
A55   78 99 99  3  1 99 99 99  4  2 99
A55   79  5  9 10  1  8  7  2  4  6  3
A55   80  7  3  8  1  6  4  9  5  2 10
A55   81  6  2  8  1  3  4 10  9  7  5
A55   82  2 99 99  1 99 99 99 99  3 99
A55   83  6  8  4  1  2  3 10  5  9  7
A55   84  3 99 99  1  2 99 99 99 99 99
A55   85  3 99 99  1 99 99 99 99 99  2
A55   86 99 99 99  1 99  5  4  2  3 99
A55   87  4  3 99  1 99 99  2 99  5 99
A55   88 99  3  2  1 99 99  4 99  5 99
A55   89  5  9 10  1  8  7  2  4  6  3
A55   90  5  3 99  1 99  4 99 99  2  6
A55   91 99 99  4  1  3 99 99 99 99  2
A55   92 99 99  3  1 99  2 99 99 99 99
A55   93 99 99 99  1 99 99  2  4 99  3
A55   94 99 99 99  1 99  3  4 99 99  2
A55   95 99 99 99  1 99 99  2 99 99  3
A55   96 99 99  5  1 99  4 99  3 99  2
A55   97  4 10  5  1  6  8  7  2  3  9
A55   98 99  1 99  2  3 99 99 99 99 99
A55   99 10  5  4  2  7  9  6  8  1  3
A55  100 10  8  7  2  5  6  9  3  1  4
A55  101  3 99 99  2 99  6  5 99  1  4
A55  102 99 99  3  2  4 99 99 99  1 99
A55  103 99  4  3  2 99  5 99 99  1  6
A55  104  3 10  9  2  5  7  8  6  1  4
A55  105 99 99  5  2  3 99 99 99  1  4
A55  106  5  6 10  2  4  8  7  3  1  9
A55  107  9  3  8  2 10  4  7  6  1  5
A55  108 99 99 99  3 99 99  2 99  1 99
A55  109 99  1 99  3 99  5  2  4 99 99
A55  110  5 10  2  3  7  4  8  9  1  6
A55  111  9 10  2  3  4  5  8  7  1  6
A55  112  8  9  2  3  8  6  4  5  1  7
A55  113 99 99  1  2 99 99  3 99 99 99
A55  114  7  3  1  2  6  5 10  8  4  9
A55  115  7  9  1  2  5  3  8 10  6  4
A55  116 99 99  1  3 99 99 99 99  2 99
A55  117 99 99  1  2 99 99  3 99 99 99
A55  118 99  4  1  3 99 99 99 99  2 99
A55  119 99 99  1  2 99 99 99  4  5  3
A55  120  5  9  4  3 10  6  8  2  1  7
A55  121  6  2  3  5  7  8  9  4  1 10
A55  122  6 10  2  5  7  9  4  3  1  8
A55  123 99  4 99  3 99 99  5  1  2 99
A55  124  7  9  3  4  8  6  2  1 10  5
A55  125 99  4 99  3  5 99 99  1  2 99
A55  126  8 10  6  2  9  5  7  1  4  3
A55  127  5  9  4  3 10  6  2  1  7  8
A55  128 99  2 99  3  4 99 99  1 99  5
A55  129 99  1  2  4 99 99  6  3  5 99
A55  130 10  7  3  5  9  6  1  4  2  8
A55  131 99  1 99  3 99  5  4  2 99 99
A55  132 99 99  2 99  1 99 99 99  3 99
A55  133  3 99 99 99  1  2  4 99 99  5
A55  134  9  8 10  6  1  3  4  7  2  5
A55  135  2  3 99 99  1 99 99 99  4 99
A55  136 99  3 99 99  1 99  4  2 99  5
A55  137  2 99 99 99  1 99  4  3 99 99
A55  138  7  5 99  3  1  4  6  2 99 99
A55  139  2  4  5  7  1  6  8  3 10  9
A55  140 99 99 99  3  1 99 99  2 99 99
A55  141 99  3 99 99  1  4 99 99 99  2
A55  142  5 99 99 99  1  2 99  4 99  3
A55  143  6  5  8  9  1  4  3  7 10  2
A55  144 99 99  3 99  1 99 99 99  2 99
A55  145  4 99 99 99  1  3 99 99 99  2
A55  146 99 99  2 99  1 99 99 99 99 99
A55  147 99 99  3 99  1 99  5  4  2 99
A55  148  3 99 99 99  1  4 99 99  2 99
A55  149 10  7  4  5  1  8  3  6  2  9
A55  150 99  3 99 99  1 99  4  5 99  2
A55  151  5  7  6 10  1  4  8  9  2  3
A55  152 99 99 99 99  1 99 99 99  2 99
A55  153 99 99 99 99 99  1 99 99 99  2
A55  154 99  7  5  2  1 99 99  3  4 99
A55  155  4  9  7  6  1  5  3  2 10  8
A55  156  2 99 99 99  1  3 99 99 99 99
A55  157  2  5 99 99  1  4 99  3  6 99
A55  158  5  1 99 99  2  3 99 99  4 99
A55  159 99 99 99  4  2  5 99 99  1  3
A55  160 99 99 99  4  2  5 99 99  1  3
A55  161  3  4  5  6  2  8  7 10  1  9
A55  162  3 99 99 99  2 99 99 99  1 99
A55  163 99 99 99 99  2 99 99 99  1 99
A55  164  4 99 99  6  2  5  3 99  1 99
A55  165  3 99 99 99  2 99 99 99  1 99
A55  166  4  7  3 99  2  6  5 99  1  8
A55  167 99 99 99  4  2 99 99  3  1  5
A55  168 99  3  6 99  2  5  7 99  1  4
A55  169  6  9  7  5  2 10  8  4  1  3
A55  170 99 99 99 99  2 99 99  3  1 99
A55  171 99 99 99  5  3  4  2 99  1 99
A55  172  4  2 99  5  3 99  1 99 99 99
A55  173 10  4  6  8  2  5  1  9  3  7
A55  174 99 99 99 99  2 99  1 99  4  3
A55  175  7  8  3  5  4  9  2  6  1 10
A55  176 10  7  2  5  3  4  9  8  1  6
A55  177 99  5  1 99  2  4 99  3 99 99
A55  178 99 99  1 99  2 99 99 99 99 99
A55  179  9  8  1  7  2 10  6  5  3  4
A55  180  4 99  1  6  2  3 99 99  5 99
A55  181 99  4  1 99  2  3 99 99 99 99
A55  182 99 99  1  4  3 99 99 99  2 99
A55  183  5  6  1  9  3  4  7 10  2  8
A55  184  9  3  5  7  4  6 10  2  1  8
A55  185 99  3  5  6  2  8  4  7  1 99
A55  186 99 99 99 99  3 99 99  2  1  4
A55  187  4 99  2 99  3 99 99  1 99 99
A55  188 99 99 99 99  3 99  2  1 99 99
A55  189  3  4  2 99  5  7 99  1  6 99
A55  190  3  5  6  7  2 10  9  1  8  4
A55  191  2 99  5 99  3 99  6  1 99  4
A55  192  2 99 99 99 99  1 99 99 99 99
A55  193  3  2 99 99  4  1 99 99 99  5
A55  194  3  2  4 10  9  1  8  7  5  6
A55  195 99 99  3  2  4  1  5 99  6 99
A55  196  2 99 99 99 99  1 99 99 99 99
A55  197  4 99 99  2 99  1 99 99  3 99
A55  198  2 99  5  6  4  1  3 99 99 99
A55  199  2  4  8  9  7  1  5  6  3 10
A55  200  3  9  5  6  7  1  8  4 10  2
A55  201 10  9  3  4  8  1  2  5  6  7
A55  202 99 99 99  3  2  1 99 99  5  4
A55  203  2 99 99 99 99  1 99 99  3 99
A55  204 99  5  4  2  3  1 99 99 99 99
A55  205 99 99 99  2 99  1 99  3  4 99
A55  206  5  7 99  4 99  1  2 99  3  6
A55  207 99 99  3 99 99  1 99  4 99  2
A55  208  3  7  4  8 10  1  5  9  6  2
A55  209  3  4 99 99 99  1 99 99  2  5
A55  210  8  3  9  2  4  1  7  6 10  5
A55  211  5 10  8  2  4  1  2  7  9  3
A55  212  2  3 99 99  4  1  5 99 99 99
A55  213 99  4 99 99 99  1  3 99 99  2
A55  214  2  3 99 99 99  1  4 99  5 99
A55  215  2 99 99 99 99  1 99 99  3 99
A55  216  2 99  5 99  3  1 99 99 99  4
A55  217  3  2  4  7  6  1  5  9 10  8
A55  218  2 10  7  8  4  1  3  5  6  9
A55  219  8  5  4  9 10  1  6  3  2  7
A55  220 99 99 99 99  2  1 99 99 99 99
A55  221  3 99 99 99 99  2 99  5  1  4
A55  222  3 99 99 99 99  2 99  5  1  4
A55  223 99  4 99  5  3  2 99 99  1 99
A55  224  9  7  8  4  6  2  5  3  1 10
A55  225 99  3 99 99  4  2 99 99  1 99
A55  226 99 99 99 99 99  2 99 99  1  3
A55  227  6  4  9  3 10  2  5  8  1  7
A55  228 10  9  6  7  3  2  5  8  1 11
A55  229 99 99 99 99  3  2 99 99  1 99
A55  230  8  4  5 10  9  2  1  7  3  6
A55  231  3 99 99 99 99  2  1  4 99 99
A55  232 99 99 99 99  3  2  1 99  4 99
A55  233 99 99  1 99 99  2 99 99 99  3
A55  234 10  8  1  9  7  2  5  6  3  4
A55  235 99 99  1 99 99  2 99 99 99 99
A55  236 99 99  1 99 99  3  2  4 99 99
A55  237 99 99  1  4  5  2 99 99 99  3
A55  238  5  6  2  7  8  4  9  3  1 10
A55  239  4  2  3 99 99  6  5  1 99 99
A55  240  2  6  9  7  8  5  4  1  3 10
A55  241 99 99  3 99 99  2 99  1 99 99
A55  242  3 99 99 99 99  2  5  1  4 99
A55  243  3  5 10  9  6  2  8  1  4  7
A55  244  1  2  3  4 99 99 99 99 99 99
A55  245 99  2 99 99 99  3 99  1  4 99
A55  246  2  6 10  8  4  3  7  1  5  9
A55  247  4 99  5  2 99  6 99 99  3  1
A55  248  8  7  3  4  9  6 10  2  5  1
A55  249  6  5  9  4  7  2  8  3 10  1
A55  250 99 99  4 99  3 99  5 99  2  1
A55  251 99 99 99 99 99 99 99 99 99  1
A55  252  2 99 99 99 99 99 99 99 99  1
A55  253  4 99 99  2  3  5 99 99 99  1
A55  254  2 99 99  4 99  5 99  3  6  1
A55  255 99 99 99 99 99  2 99 99  3  1
A55  256  9  5 10  7  8  3  6  4  2  1
A55  257 99 99 99  3  2 99  4  5 99  1
A55  258 99 99 99  2 99 99  3 99 99  1
A55  259 99 99 99  2 99 99 99 99 99  1
A55  260 99 99 99 99 99 99 99 99  2  1
A55  261  8  4  3  5  6  7  9  2 99  1
A55  262 99 99 99  2 99 99 99 99  3  1
A55  263  2 99  3 99  4  5 99 99 99  1
A55  264 99  3 99 99 99  2 99  4 99  1
A55  265 99 99 99 99  2 99 99 99 99  1
A55  266  9  8  3  4  5  6  2  7 10  1
A55  267  3  4 99 99 99  2 99  5 99  1
A55  268 99 99 99 99 99 99 99 99  2  1
A55  269 99 99 99  2  4 99 99  3 99  1
A55  270 99 99 99 99 99 99  3  4  2  1
A55  271  2 99 99 99 99 99 99  3 99  1
A55  272 99 99 99  3 99 99  2 99 99  1
A55  273 99 99 99  3 99 99 99  4  2  1
A55  274 10  6  7  8  2  3  5  4  9  1
A55  275  6  6  6  6  6  2  3  5  4  1
A55  276  2  6  4 99 99  3  5 99 99  1
A55  277 10  3  5  9  7  2  8  6  4  1
A55  278  2  3  4 99 99 99 99  5 99  1
A55  279  5  6  7  3  8 10  9  4  1  2
A55  280  7  3  8 10  5  6  4  9  1  2
A55  281 99 99  4 99  3 99 99 99  1  2
A55  282 99 99  4  3 99 99 99 99  1  2
A55  283  8  7  9  6 10  5  4  3  1  2
A55  284 99 99  4  3 99 99 99  5  1  2
A55  285  3 99 99 99  4  5  6 99  1  2
A55  286  8  4  7  3  9  5  6 10  1  2
A55  287  6  7  3 10  9  4  5  8  1  2
A55  288  3 99 99  5 99  6 99  4  1  2
A55  289  6  4 99 99 99  3  1  5 99  2
A55  290 99 99 99  3  4  5  1 99 99  2
A55  291 99 99  5 99 99 99  1  4  2  3
A55  292  4  5  7 99  3 99  1 99  6  2
A55  293  9  4  2  5  8  6  7 10  1  3
A55  294 99  2  1 99  4 99  5 99 99  3
A55  295  3  9  1  5  7  8  6  4 10  2
A55  296 99 99  1 99 99  4 99 99  2  3
A55  297 99  3  2 99 99 99  1 99 99  4
A55  298  7  2  4  8 10  6  9  3  1  5
A55  299 99 99  4  5  3 99 99  1 99  2
A55  300 99 99 99 99 99  5  3  1  2  4
A55  301  3  7 10  4  6  8  9  1  5  2
A55  302  4 99  1 99 99  6 99  3  2  5
