A56  685 CORP   VOTERS ELECT  2  FROM 13  BY STV   1/5  SAMPLE
A56    1 99 99 99 99 99 99 99  1 99 99  2  3 99
A56    2 99  3 99  1 99  5 99  2 99 99  4 99 99
A56    3 99 99 99 99  4 99 99  1 99  5  2 99  3
A56    4 99 99 99 99 99 99 99  1 99 99  2 99  3
A56    5 99 99 99 99  2 99  4  1 99 99  3 99 99
A56    6 99 99 99  4 99 99 99  1 99 99  2  3 99
A56    7  6  1 11  9 12  8 13  2  5  7  4 10  3
A56    8 99 11 12  4 10  9  3  2  8  6  5  1  7
A56    9 99 99 99 99 99 99  3  1 99 99  2 99 99
A56   10 99 99 99 99  2 99  3  1 99 99  4 99  5
A56   11 99 99 99  5 99 99 99  2 99 99  3  4  1
A56   12 99 99  3 99 99 99 99  1 99 99  2 99 99
A56   13 99 99 99  3 99 99  5  1 99 99  4 99  2
A56   14 99  4 99 99  2 99 99  1 99 99  3 99 99
A56   15 99 99 99 99 99 99 99  1 99 99  2  3  4
A56   16 10  2 12  3  4 11  6  1 13  7  5  9  8
A56   17 13 11 12  4  7  3  8  1  9 10  2  5  6
A56   18 99 99 99 99  2 99 99  1 99  4  3 99 99
A56   19 99 99 99 99 99 99 99  1 99 99  3 99  2
A56   20 99 99 99  3 99  4  5  1 99 99  2 99  6
A56   21 11  6 13  7  2 12  1  3  9  8  5 10  4
A56   22 99 99 99 99  4 99  1  2 99 99  3  6  5
A56   23 99 99 99 99 99 99 99  2 99  4  3 99  1
A56   24 99 99 99 99  3 99  1  4 99 99  5 99  2
A56   25  6  7 10  8 13  4 12  2  9 11  3  5  1
A56   26 11  3 12  2  6  9  1  4 10 13  5  8  7
A56   27  1 99 99 99  5 99 99  3  6 99  4  2 99
A56   28 99 99 99 99  1 99  3  2  4  6  5 99 99
A56   29 99 99 99 99  1 99 99  2 99 99  3 99 99
A56   30 99 99 99 99  1 99 99  2 99 99  3  4 99
A56   31 99 99 99  5  2 99 99  3 99 99  4  1 99
A56   32 99 99 99 99  1 99  3  2 99 99  4 99 99
A56   33 99 99 99 99 99 99 99  1  3  4  2 99 99
A56   34 99 11 12  6  9 10  5  8  7  4  2  3  1
A56   35 99 99 99  3 99 99  4 99 99  5  2 99  1
A56   36 99  5 99  4 99 99 99 99 99  3  2 99  1
A56   37 99 99 99 99 99 99 99 99 99 99  2 99  1
A56   38  9  8  7  6  5 11 12  4 10  3  2 13  1
A56   39  1 99 99 99  5 99  4 99 99 99  6  2  3
A56   40 99 99 99 99 99 99 99 99 99 99  3  1  2
A56   41  9 10  1  2  7  6  8  5 13 12  4 11  3
A56   42 99 99 99 99 99 99 99  4 99  3  2 99  1
A56   43 99 99 99 99 99 99 99 99 99  3  2 99  1
A56   44 99  1 99 99  3 99 99 99 99 99  4 99  2
A56   45 13  6  8  7  2  5  1 12  9 10  4 11  3
A56   46 99 99 99  3 99 99 99 99 99 99  2 99  1
A56   47 99 99 99 99  2 99  3  5 99 99  4 99  1
A56   48 99 99 99 99 99  5  1 99 99  4  3 99  2
A56   49 99  6 99  7  1 99  2  5 99 99  4 99  3
A56   50 99 99 99 99 99 99 99 99 99 99  2 99  1
A56   51 99 99  5 99 99 99  2  4 99 99  3 99  1
A56   52  4 99 99 99 99 99  1 99 99 99  2  3 99
A56   53 99 99 99  2  1 99  3 99 99  5  4 99  6
A56   54 99 99 99 99  2 99  1  4 99  5  3 99 99
A56   55 99 99 99 99 99 99  1 99 99  3  2 99 99
A56   56 99 99 99 99  1 99  2 99 99 99  3 99 99
A56   57 99 99 99 99  1 99  2  4 99 99  3 99  5
A56   58 99 99 99 99 99  3  1 99 99  4  2 99 99
A56   59 99 99 99 99 99 99  1 99 99  4  2 99  3
A56   60 99 99 99 99 99 99  1 99 99 99  2 99 99
A56   61 99 99 99 99 99 99  1 99 99  3  2 99 99
A56   62 99 99 99 99 99 99  1 99 99 99  2 99  3
A56   63 99 99 99  1 99 99 99 99 99 99  2 99 99
A56   64 99  3 99  1 99 99 99 99 99 99  2 99 99
A56   65 99  4 99  1 99  5 99 99 99 99  2 99  3
A56   66 99 99 99  1 99 99 99 99 99  3  2 99 99
A56   67 99  4 99  1 99 99 99 99  2 99  3 99 99
A56   68 99  2 99  1 99 99 99 99 99 99  3 99 99
A56   69 99 99 99  2 99 99 99 99  1 99  3 99 99
A56   70 99 99 99  1 99  3  4 99 99 99  2 99 99
A56   71  2  6  7  1 12  9 11 10  4 13  5  3  8
A56   72 99 99 99  1 99 99 99 99  3 99  2 99 99
A56   73 99 99 99  1 99 99 99 99  2 99  3 99 99
A56   74 99 99 99  1 99 99  3 99 99 99  2 99 99
A56   75  1 99 99 99 99 99 99 99 99 99  2 99 99
A56   76  1  4  5  8 13  3 10  7 11  9  2 12  6
A56   77  1 99 99  3 99  4 99 99 99 99  2 99 99
A56   78  1 99  2  4 99  5 99  6 99 99  3 99 99
A56   79  1 99 99 99  2 99 99 99 99 99  3 99 99
A56   80 99 99 99  3  1 99 99 99 99 99  2 99 99
A56   81 99 99 99 99  1 99 99  4 99 99  2  3 99
A56   82 99 99 99 99  1 99 99  4 99 99  2  3 99
A56   83 99  2 99 99  1 99  5 99  4  6  3 99 99
A56   84 99  3 99 99  1 99 99 99 99 99  2 99 99
A56   85 99 99 99 99  1  4 99 99 99 99  2 99  3
A56   86 99 99  1 99 99 99 99 99 99 99  2 99 99
A56   87  5  2  1  6 12 13 11 10  9  8  3  7  4
A56   88 99 99 99 99 99  3 99  4 99 99  2  1 99
A56   89 99 99 99 99  3 99 99 99 99 99  2  1 99
A56   90 99  1 99  4 99 99 99 99 99 99  3  2 99
A56   91 99 99 99 99 99  4 99 99  1 99  2 99  3
A56   92 99  1 99 99 99 99 99 99 99 99  2 99 99
A56   93 99 99 99 99 99 99 99 99  1 99  2  3 99
A56   94 99 99 99  5 99  6 99  7  1 99  2  4  3
A56   95 11 12 13 10  3  4  9  2  6  5  1  7  8
A56   96 99 99 99 99  2 99 99 99 99 99  1 99  3
A56   97 99 99 99 99 99 99 99 99 99 99  1  2 99
A56   98 99 99 99 99 99  3 99 99 99 99  1  2 99
A56   99 99 99 99 99 99 99 99  2 99 99  1  3 99
A56  100 99 99 99 99 99 99  3 99  5 99  1  2  4
A56  101 99  4 99  3  2 99 99 99 99 99  1 99 99
A56  102 99 99 99 99 99 99 99  3 99 99  1 99  2
A56  103  4  7  6  3  5 13 14 12 11  2  1  9 10
A56  104 99 99 99 99  3 99 99  2 99 99  1 99 99
A56  105  2  9  3 12 11  5 13 14 10  6  1  7  8
A56  106 99 99 99 99  6 99  5  2 99 99  1  3  4
A56  107 99 99 99  2 99  5 99 99 99 99  1  4  3
A56  108 99 99 99 99  3  2 99 99 99  4  1 99 99
A56  109 99 99 99 99 99 99 99  2 99 99  1 99 99
A56  110 99 99 99 99 99  2 99 99 99 99  1 99 99
A56  111 99 99 99 99 99 99 99 99 99 99  1 99 99
A56  112  2 99 99  3 99 99 99 99 99 99  1 99 99
A56  113 99 99 99  4 99 99 99  5 99  3  1 99  2
A56  114 99 99  2 99 99 99 99 99 99 99  1 99 99
A56  115  4 99  7  6 99 99 99  5  2 99  1  3 99
A56  116  4 11  5 10  3 14  6  9  7  8  1 12  2
A56  117 99 99 99 99 99 99  2 99 99 99  1 99 99
A56  118 99 99 99 99 99  2 99 99 99 99  1 99 99
A56  119  2 99 99  3 99 99 99  4 99 99  1 99 99
A56  120 99 99 99 99 99 99 99  2 99 99  1 99 99
A56  121 99 99 99 99  2 99 99 99 99 99  1 99 99
A56  122 99 99 99 99 99 99 99 99 99 99  1 99 99
A56  123  2 99 99 99 99 99 99 99 99 99  1 99 99
A56  124 99 99 99 99  2 99 99  3 99  4  1  5 99
A56  125 99 99 99 99 99 99 99 99 99 99  1 99 99
A56  126  5 99 99 99 99  3 99  4 99  2  1 99 99
A56  127 99 99 99 99 99 99 99 99 99  2  1 99 99
A56  128 99 99 99 99 99 99 99  3 99  4  1 99  2
A56  129 99 99 99  2 99  4 99 99 99 99  1  3 99
A56  130  2 99 99 99 99  3 99 99 99  4  1 99  5
A56  131 99 99 99  3 99 99  2 99 99 99  1 99 99
A56  132 99 99 99  2 99 99 99 99 99 99  1 99 99
A56  133 99 99 99 99 99 99 99  2 99  3  1 99 99
A56  134 99 99 99 99 99 99  3 99 99  2  1 99 99
A56  135  3  4  6  5 11  2 10  9  8  7  1 12 13
A56  136  2  5 99 99 99  3 99 99 99 99  1  4 99
A56  137  7  5 10  3 13  8 12 11  6  2  1  4  9
A56  138  3  4  2  9  7 99 99  5 10 99  1  8  6
A56  139 99 99 99 99 99 99 99 99 99 99  1 99 99
A56  140  3 99 99  2 99  5 99 99  4 99  1 99 99
A56  141 99 99 99 99 99 99 99 99 99  2  1 99 99
A56  142  3 99 99  2 99  4 99 99 99 99  1 99 99
A56  143 99 99 99 99 99 99 99  2 99 99  1 99 99
A56  144  2 99 99 99 99 99 99 99 99  3  1 99 99
A56  145 99  3 99  4 99 99 99 99 99 99  1 99  2
A56  146 99 99 99  2 99 99  3 99 99 99  1 99 99
A56  147  2 99 99  4 99 99 99 99 99 99  1  3 99
A56  148  4 99 99  5 99 99 99 99 99  2  1 99  3
A56  149 99 99 99 99  3 99 99  2 99 99  1 99 99
A56  150 99 99 99  2 99  3 99 99 99 99  1  4  5
A56  151 99 99 99 99 99 99 99 99 99  2  1 99 99
A56  152 99 99 99 99 99  2 99 99 99 99  1 99 99
A56  153  3  4 99  2 99 99 99 99  5 99  1 99 99
A56  154 99 99 99 99 99 99 99 99 99 99  1 99 99
A56  155 99 99 99 99 99 99 99 99 99 99  1 99 99
A56  156 99 99 99  3 99  4 99 99 99 99  1  2 99
A56  157  2  3 99 99 99 99 99 99 99 99  1 99  4
A56  158 99 99 99 99 99 99 99  2 99 99  1 99  3
A56  159 99 99 99  4  3 99  2  5 99 99  1 99 99
A56  160 99  7  8  9  4  6 10  5 11 12  1  2  3
A56  161 99 99 99  2 99  3 99 99  4 99  1 99 99
A56  162 99 99 99  5 99 99 99  3  2 99  1  6  4
A56  163 99 99 99 99 99 99 99 99 99  2  1 99 99
A56  164 99  4 99 99 99 99 99 99  2  3  1 99 99
A56  165 99 99  7  3 99  2 99  6 99  4  1  5 99
A56  166 99 99 99 99 99  2  4  3 99 99  1 99 99
A56  167  6 99 99  5  2 99  3 99 99 99  1 99  4
A56  168 99 99  2 99 99  3 99  4 99 99  1 99  5
A56  169 99  6  3  2 99 99 99  4 99  5  1 99  7
A56  170 99 99 99 99 99 99  3 99 99 99  1 99  2
A56  171 99 99 99 99 99 99 99 99 99 99  1 99  2
A56  172  3 99 99 99 99  4 99  2 99 99  1 99 99
A56  173 99 99 99 99 99 99 99 99  2  3  1 99  4
A56  174 99 99 99 99 99 99 99 99 99 99  1 99 99
A56  175 99 99  1 99 99  2 99 99 99 99 99 99 99
A56  176  3  2 99 99 99  1 99 99 99 99 99 99 99
A56  177  3 99 99 99 99  1 99  2 99 99 99 99 99
A56  178  2 99 99 99 99  1 99 99 99 99 99 99 99
A56  179 99 99 99 99 99  1  2  4 99 99 99 99  3
A56  180  3 99 99 99 99  1 99  2 99 99 99  4 99
A56  181 99 99 99 99 99  1 99 99 99 99 99  2 99
A56  182  4 99  3 99 99  1 99 99 99 99 99  2  5
A56  183 99 99 99  2 99  1 99 99 99 99 99 99  3
A56  184  2 99 99 99 99  1 99 99 99 99 99 99 99
A56  185 99 99 99 99 99  1 99  2 99 99 99 99 99
A56  186  2 99 99 99 99  1 99 99 99 99 99 99 99
A56  187 99 99 99  4 99  1 99  2  3 99 99 99 99
A56  188 99  1 99 99 99  2 99 99 99 99 99 99 99
A56  189 99 99 99 99 99  2 99 99 99 99 99  1 99
A56  190 99 99 99 99 99  2 99 99 99 99 99  1 99
A56  191 99 99  1 99 99  2 99 99 99 99 99 99 99
A56  192 99 99  1 99 99  2 99 99 99 99 99  3 99
A56  193  3 99  1 99 99  2 99 99 99 99 99 99 99
A56  194  3 99  1 99 99  2 99 99 99 99 99 99 99
A56  195 99  3 99  4  1  2 99 99 99 99 99 99  5
A56  196  4 99  1 99  2  3 99 99 99 99 99  5 99
A56  197 99 99 99 99 99 99 99  2  1 99 99 99  3
A56  198 99  3 99 99 99 99 99  1 99 99 99 99  2
A56  199 99 99 99 99  2 99  4  1 99 99 99  5  3
A56  200 99 99 99 99 99 99 99  1 99 99 99 99  2
A56  201 99 99 99 99 99 99 99  1 99 99 99  2 99
A56  202 99 99  2  1 99 99  3  4 99 99 99 99  5
A56  203 99 99 99 99  1 99  2  3 99 99 99 99 99
A56  204 99 99 99 99  1 99  2  3 99 99 99 99 99
A56  205 99 99 99 99 99 99  1  2 99 99 99 99 99
A56  206 99  4 99 99 99 99  1  2  3 99 99 99 99
A56  207  1 99 99 99  2 99 99  3 99 99 99 99 99
A56  208  4 99  1 99 99 99 99  5  2 99 99  3 99
A56  209  1 99 99 99 99 99 99  2 99 99 99 99 99
A56  210 99 99 99 99  1 99  3  2 99 99 99 99 99
A56  211 99 99 99 99  1 99  3  2 99 99 99 99  4
A56  212 99 99 99 99  1 99 99  2 99 99 99 99 99
A56  213 99 99 99  3  1 99  4  2 99 99 99 99 99
A56  214 99 99  1 99  2 99 99  3 99 99 99 99 99
A56  215 99  3 99 99  2 99 99  1 99 99 99 99 99
A56  216 99 99 99 99  2 99 99  1 99 99 99 99  3
A56  217  4 99 99  1  6 99 99  3 99 99 99  5  2
A56  218 99 99 99 99 99 99  2  3 99 99 99 99  1
A56  219 99 99 99  3 99 99 99  2 99 99 99 99  1
A56  220 99 99 99 99 99 99  2  3 99 99 99 99  1
A56  221 99 99 99 99  1 99 99  3 99 99 99 99  2
A56  222 99  2 99  1 99 99 99  3 99 99 99 99 99
A56  223 99 99 99  1 99 99 99  2 99 99 99 99 99
A56  224 99 99 99  1 99 99 99  2 99 99 99 99 99
A56  225 99 99  1 99 99 99 99  2 99 99 99 99 99
A56  226  3 99 99 99 99 99 99  2 99 99 99  1 99
A56  227 99 99 99 99 99 99  2  1 99 99 99 99 99
A56  228 99  3 99  2 99 99 99  1 99 99 99 99 99
A56  229 99 99 99  2 99 99  3  1 99 99 99 99 99
A56  230 99 99 99 99 99 99 99  1 99 99 99 99  2
A56  231 99 99 99 99  2 99 99  1 99 99 99 99 99
A56  232 99 99 99  3  2 99 99  1 99 99 99 99 99
A56  233  2 99 99 99 99 99 99  1 99 99 99  3  4
A56  234 99 99 99 99  3 99  2  1 99 99 99 99  4
A56  235 99 99 99 99 99 99 99  1 99 99 99 99  2
A56  236  2 99 99 99 99 99 99  1 99 99 99 99 99
A56  237 99 99 99  2  3 99  4  1 99 99 99 99 99
A56  238  3  2 99 99 99 99  4  1 99 99 99 99 99
A56  239 99 99 99  2 99 99 99  1 99 99 99 99  3
A56  240 99 99 99  3  1 99 99 99 99 99 99 99  2
A56  241 99 99 99 99  1 99  2 99 99 99 99 99  3
A56  242 99 99 99 99  1 99  2 99 99 99 99 99  3
A56  243 99 99 99  4  3 99  1 99 99 99 99 99  2
A56  244 99 99 99  1 99 99 99 99 99 99 99 99  2
A56  245 99 99 99  1 99 99 99 99  3 99 99 99  2
A56  246  2 99 99 99 99 99 99 99  1 99 99 99  3
A56  247  4 99 99  2  3 99 99 99  5 99 99 99  1
A56  248 99 99  2 99  3 99  4 99 99 99 99 99  1
A56  249 99 99 99  2 99 99 99 99 99 99 99 99  1
A56  250 99 99 99 99 99 99 99 99 99 99 99 99  1
A56  251 99 99 99 99 99 99 99 99 99 99 99 99  1
A56  252 99  2 99 99 99 99 99 99  3 99 99 99  1
A56  253  2 99 99 99  3 99 99 99 99 99 99 99  1
A56  254 99 99 99 99 99 99 99 99 99 99 99  2  1
A56  255 99 99  2 99  3 99 99 99 99 99 99 99  1
A56  256 99 99 99  2 99 99 99 99 99 99 99 99  1
A56  257 99 99 99 99 99 99 99 99 99 99 99 99  1
A56  258 99 99  5 99  1 99 99 99  2 99 99  3  4
A56  259 99 99  1 99 99 99 99 99 99 99 99 99  2
A56  260 99 99  1 99 99 99 99 99 99 99 99 99  2
A56  261 99 99 99 99 99 99 99 99 99 99 99  1  2
A56  262 99  5 99  4 99 99  6 99  1 99 99  3  2
A56  263 99 99 99  2 99 99  3 99 99 99 99 99  1
A56  264 99  2 99  4 99 99  3 99 99 99 99 99  1
A56  265  3 99 99 99 99 99  2 99 99 99 99 99  1
A56  266 99 99 99 99  2 99  1 99 99 99 99 99 99
A56  267 99 99 99  3  2 99  1 99 99 99 99 99 99
A56  268 99 99 99 99 99 99  2 99 99 99 99  1 99
A56  269 99 99  2 99  4 99  3 99 99 99 99  1 99
A56  270 99 99 99 99  2 99  1 99 99 99 99 99 99
A56  271 99 99 99 99  2 99  1 99 99 99 99 99 99
A56  272 99 99 99 99  2 99  1 99 99 99 99 99 99
A56  273 99 99 99 99 99 99  1 99 99 99 99 99 99
A56  274 99 99 99 99 99 99  1 99 99 99 99 99 99
A56  275 99 99 99 99  1 99  2 99 99 99 99 99 99
A56  276 99 99 99 99  1 99  2 99 99 99 99 99 99
A56  277 99 99 99 99  1 99  2 99 99 99 99 99 99
A56  278 99 99 99  1 99 99  2 99  3 99 99 99 99
A56  279 99 99 99  1 99 99  2 99 99 99 99 99 99
A56  280  2 99 99  1 99 99 99 99 99 99 99 99 99
A56  281 99 99 99  1  2 99 99 99 99 99 99 99 99
A56  282 99 99 99  1 99 99 99 99 99 99 99 99 99
A56  283 99 99 99  1  2 99 99 99 99 99 99 99 99
A56  284  2 99 99  1 99 99 99 99 99 99 99 99 99
A56  285  1  3 99  2 99 99 99 99 99 99 99 99 99
A56  286  2 99  1  3 99 99 99 99 99 99 99 99 99
A56  287  3 99 99  2  1 99 99 99 99 99 99  4 99
A56  288 99  1 99  2 99 99 99 99 99 99 99  3 99
A56  289 99 99 99  1 99 99 99 99  2 99 99 99 99
A56  290 99 99 99  1 99 99 99 99  2 99 99 99 99
A56  291  2 99 99  1 99 99 99 99 99 99 99 99 99
A56  292  1  2 99 99 99 99 99 99 99 99 99 99 99
A56  293  2 99 99 99 99 99 99 99 99 99 99  1 99
A56  294  2 99 99 99 99 99 99 99 99 99 99  1 99
A56  295  3  1 99 99 99 99 99 99  2 99 99 99 99
A56  296  1 99 99 99 99 99 99 99 99 99 99 99 99
A56  297  3  2 99 99 99 99 99 99 99 99 99  1 99
A56  298  1 99  2 99 99 99 99 99 99 99 99  3 99
A56  299  1 99 99 99 99 99 99 99 99 99 99  2 99
A56  300 99 99 99 99  1 99 99 99 99 99 99 99 99
A56  301 99 99  1 99  2 99 99 99 99 99 99  3 99
A56  302 99 99 99 99  1 99 99 99 99 99 99  2 99
A56  303 99 99  1 99 99 99 99 99 99 99 99 99 99
A56  304 99 99  1 99 99 99 99 99  2 99 99 99 99
A56  305 99 99  1 99 99 99 99 99 99 99 99 99 99
A56  306 99 99  1 99 99 99 99 99 99 99 99 99 99
A56  307 99 99  2 99 99 99 99 99  1 99 99 99 99
A56  308 99 99 99 99 99 99 99 99 99 99 99  1 99
A56  309 99 99 99 99 99 99 99 99 99 99 99  1 99
A56  310 99 99 99 99 99 99 99 99  1 99 99  2 99
A56  311 99 99 99 99 99 99 99 99 99 99 99  1 99
A56  312 99  1 99 99 99 99 99 99 99 99 99 99 99
A56  313 99 99 99 99 99 99 99 99  1 99 99 99 99
A56  314 99 99 99  1 99 99 99  2 99  3 99 99 99
A56  315  3 99 99 99 99 99 99  1 99  2 99 99 99
A56  316 99  1 99  2 99 99 99  3  5  4 99 99 99
A56  317 99 99  1  2 99 99 99  3 99  4 99  5 99
A56  318 99 99 99  6  1 99 99  2 99  3  4 99  5
A56  319 99 99 99 99  1 99 99  2 99  4 99 99  3
A56  320  1 99 99 99 99 99 99  2 99  3 99 99 99
A56  321 99 99 99 99 99 99  1  2 99  4 99 99  3
A56  322 99 99 99  2  4 99  1  3 99  5  6 99  7
A56  323 99  5 99 99 99 99  1  2 99  4 99 99  3
A56  324 99 99 99 99 99 99  4  1 99  2 99 99  3
A56  325 99 99 99 99 99 99 99  1 99  2 99 99  3
A56  326 99 99 99 99 99 99 99  1 99  2 99 99  3
A56  327  4  3 13 12  7  5  8  1  9  2 10 11  6
A56  328 99  6 99  7 99  5  3  1 99  2 99 99  4
A56  329 99 99 99  2 99 99 99  1 99  3 99 99 99
A56  330 99 99 99 99  1 99  3  4 99  5 99 99  2
A56  331  7 99 99  3  4 99  5  2 99  6 99 99  1
A56  332 99 99 99 99 99 99  1  2 99  3 99 99 99
A56  333 99 99 99  4 99 99  1  2 99  3 99 99 99
A56  334 99 99 99 99 99 99  2  1 99  4 99 99  3
A56  335 99 99 99 99 99 99 99  1 99  2  3 99 99
A56  336 99 99 99 99 99 99 99  1 99  2 99 99  3
A56  337 99 99 99 99 99 99 99  1 99  2 99 99  3
A56  338 99 99 99  3 99  5  4  1 99  2 99 99 99
A56  339  7 99  4 99  5 99 99  1  6  3 99 99  2
A56  340 99 99 99 99 99 99 99  2 99  3 99  1 99
A56  341 99 99 99 99  5  4 99  1 99  3 99 99  2
A56  342 99 99 99 99 99 99 99  1 99  3 99 99  2
A56  343  5  4 99 99  3 99 99  2 99  6 99  1 99
A56  344 99 99 99 99 99 99 99  1 99  2 99 99 99
A56  345 99 99 99 99 99 99 99  1 99  2  4 99  3
A56  346 99 99 99 99 99 99 99 99  4  2  3 99  1
A56  347 99 99 99 99 99 99 99  3 99  2 99  4  1
A56  348 99 99 99 99 99 99  1 99 99  3 99 99  2
A56  349 99 99 99 99 99 99 99 99 99  2 99 99  1
A56  350 99 99 99 99 99 99  1  4 99  3 99 99  2
A56  351 99 99 99  5 99 99 99 99  4  2  3 99  1
A56  352 99 99 99 99 99 99 99 99 99  2 99 99  1
A56  353 99 99 99 99 99 99 99 99 99  2 99 99  1
A56  354 99  3 99 99 99 99 99 99 99  2 99 99  1
A56  355  2 99 99  3 99 99  5 99  1  6 99 99  4
A56  356 99  2 99 99 99  5 99 99  4  3 99 99  1
A56  357  5  3  1  8 99 99 99 10  9  4  7  6  2
A56  358 99 99 99 99 99 99 99 99 99  2 99 99  1
A56  359 99 99  2 99  4 99 99 99 99  3 99 99  1
A56  360 99 99 99 99 99 99 99 99 99  2 99 99  1
A56  361 99 99 99  3 99 99 99 99 99  2  4 99  1
A56  362 99 99 99 99 99 99 99 99 99  2 99 99  1
A56  363 99 99 99 99 99 99 99 99 99  2 99 99  1
A56  364  3 99 99 99 99 99 99 99 99  2 99 99  1
A56  365  2 99 99 99 99 99 99 99 99  3  4 99  1
A56  366 99 99 99 99  3 99  2 99 99  4  5 99  1
A56  367 99 99 99 99 99 99 99 99 99  2 99 99  1
A56  368 99 99 99 99 99 99 99 99  3  2 99 99  1
A56  369 99 99  4 99 99 99  3 99 99  2 99 99  1
A56  370 99 99 99 99 99 99 99 99 99  2  3 99  1
A56  371 99 99 99 99 99 99 99 99 99  2 99 99  1
A56  372 99 99 99 99 99 99 99 99 99  2 99 99  1
A56  373 99  5 99  4 99 99  1 99 99  2  6 99  3
A56  374 99 99 99 99  2 99  1 99 99  3 99 99  4
A56  375 99 99 99 99  7  6  1  5 99  2  4 99  3
A56  376 99 99 99 99 99 99  1  3 99  2 99 99 99
A56  377 99 99  4 99 99 99  1 99 99  2 99 99  3
A56  378 99 99 99 99 99 99  1 99 99  2 99 99  3
A56  379  8 99 99 99  1  7  2  6  5  3  4 99 99
A56  380 99 99 99 99 99  3  1 99 99  2 99 99 99
A56  381 99  4 99 99 99 99  1 99 99  2 99 99  3
A56  382 99 99 99  2 99 99  1 99 99  3 99 99 99
A56  383  3 99 99  4 99 99  1 99 99  2 99 99 99
A56  384 99  2 99 99 99 99  1 99 99  3 99 99 99
A56  385 99 99 99 99 99 99  1 99 99  2 99 99  3
A56  386 99 99 99 99 99  1 99 99  2 99 99 99 99
A56  387 99 99 99 99 99 99  1 99 99  2  4 99  3
A56  388 99 99 99 99 99 99  1 99 99  2 99 99 99
A56  389 99 99 99 99 99  3  1 99 99  2 99 99 99
A56  390 99 99 99 99 99 99  1 99 99  2 99 99 99
A56  391 99 99 99 99 99 99  1 99 99  2 99 99 99
A56  392 99 99 99 99 99 99  1 99 99  2 99 99 99
A56  393 99 99 99 99 99 99  1 99 99  2 99 99  3
A56  394 99 99 99 99 99 99  1 99  4  2 99 99  3
A56  395 99 99 99  2  3 99  1  5 99  4 99 99  6
A56  396 99  4  2  1  7  5 99  6  8  3 99  9 10
A56  397 99 99  6  1  5  4 99  7  8  2  3 99 99
A56  398 99 99 99  1 99 99 99 99 99  2 99 99 99
A56  399  3  2 99  1 99 99 99 99 99  4  5 99 99
A56  400  7  6  1  2 12  8 13 11  3  4  5 10  9
A56  401 99  1  2  3 99 99 99 99 99  4 99 99 99
A56  402 99 99 99  1 99 99 99 99 99  2 99 99 99
A56  403 99 99 99  1 99 99 99 99 99  2 99 99 99
A56  404 99 99 99  1 99 99 99 99  3  2 99 99 99
A56  405 99 99 99  2 99 99 99 99  1  3 99 99 99
A56  406 99 99 99  1 99 99 99 99 99  2 99 99 99
A56  407 99 99  3  1 99 99 99 99  2  4 99 99 99
A56  408 99 99 99  1  2 99  4  5 99  3 99 99 99
A56  409 99 99 99  1 99 99 99 99 99  2 99 99  3
A56  410 99 99 99  1 99 99 99 99  2  3 99 99 99
A56  411  6 11  8  1 13  5  9  7  4  2  3 10 12
A56  412  3  2  1 99 99 99  8 99  4  5  6  7 99
A56  413  2  1  3 99 99 99 99  5 99  4 99 99 99
A56  414  1  4 99  3 99 99 99 99 99  2 99  5 99
A56  415  1 99 99 99 99  3 99 99 99  2 99 99 99
A56  416 99 99 99 99  1 99  4 99 99  2 99 99  3
A56  417 13  3  1  9  2  8  7  6 12  4 10  5 11
A56  418 99 99  1 99 99 99 99 99 99  2 99  3  4
A56  419 99 99  1 99 99 99 99 99 99  2 99 99 99
A56  420 99 99  1 99 99 99 99 99 99  2  3 99  4
A56  421 99  1  2 99 99 99 99 99 99  3 99 99 99
A56  422 99  1 99 99 99  4 99 99 99  2  3 99 99
A56  423 99  1 99 99 99 99 99 99 99  2 99 99  3
A56  424 99 99 99 99 99 99 99 99  1  2 99 99 99
A56  425  6  1  7  5  9  4  8 13  3  2 11 10 12
A56  426 99  1 99 99 99 99 99 99 99  2  3 99  4
A56  427 99 99 99 99 99 99 99 99  1  2  3 99 99
A56  428 99 99 99 99 99 99 99 99  1  2  3 99  4
A56  429 99  1 99 99 99 99 99 99 99  2 99 99 99
A56  430 99  4 99 99  6 99  5 99  1  2  3 99 99
A56  431 99 99 99 99 99 99 99 99 99  1 99 99 99
A56  432 99 99 99 99 99 99 99 99 99  1 99 99 99
A56  433 99 99 99 99 99 99 99 99 99  1 99 99 99
A56  434 99 99 99 99 99 99 99 99 99  1 99 99 99
A56  435 99 99 99  4 99  3 99 99 99  1  2 99 99
A56  436 99 99  3 99 99 99 99  2 99  1 99 99 99
A56  437 99 99 99 99 99 99 99 99 99  1  2 99 99
A56  438  2 99 99 99 99 99 99 99 99  1 99 99 99
A56  439 99 99 99  2  3  4  5 99 99  1 99  6 99
A56  440 99 99 99  4 99  2 99 99 99  1  3 99 99
A56  441 99 99 99 99 99 99 99 99  2  1 99 99  3
A56  442 99 99 99 99 99 99 99 99 99  1 99 99 99
A56  443 99 99 99 99 99  3 99 99 99  1 99 99  2
A56  444  5  6 99 99 99  2 99  3  4  1 99 99 99
A56  445 99  3 99 99 99 99 99 99 99  1 99 99  2
A56  446 99 99  3 99 99 99  4 99 99  1 99 99  2
A56  447 99  3  6  4 99 99 99 99  5  1  2 99  7
A56  448 12  8 13  7 11  5 10  3  6  1  2  9  4
A56  449 99 99 99 99 99 99  3  2 99  1 99 99 99
A56  450 99 99 99 99 99 99 99 99 99  1  2 99 99
A56  451 99 99 99 99 99 99 99 99 99  1 99 99  2
A56  452 99 99  2 99 99 99 99 99 99  1 99 99 99
A56  453 99 99 99 99 99 99  2 99 99  1 99 99  3
A56  454 99 99 99 99 99 99  2 99 99  1  3 99  4
A56  455 99 99 99 99 99 99 99 99 99  1 99 99 99
A56  456 99 99 99 99 99  2 99 99 99  1 99 99  3
A56  457 99 99 99 99 99 99 99  2 99  1 99 99 99
A56  458 99 99 99  3 99 99 99 99  2  1 99 99 99
A56  459 99 99 99 99  2 99  3 99 99  1 99 99 99
A56  460 99 99 99 99 99 99 99 99  2  1 99 99 99
A56  461 99 99 99  4 99  3 99  2 99  1 99 99 99
A56  462  2  3 99  4  6 99 99  5 99  1  7 99 99
A56  463 99 99  3 99 99 99 99 99 99  1 99 99  2
A56  464 99 99 99 99 99 99  2 99 99  1 99 99  3
A56  465 11  4  5 12  6 13  7 10  9  1  3  8  2
A56  466 99 99 99 99 99 99 99 99 99  1  2 99 99
A56  467 99 99 99 99  3  2 99  4 99  1 99 99 99
A56  468 99 99 99  3 99 99 99 99 99  1  2 99 99
A56  469 99 99  2 99 99 99 99 99 99  1 99 99 99
A56  470 99 99  2 99 99 99 99 99 99  1 99 99 99
A56  471 99 99 99 99 99 99 99  2 99  1 99 99 99
A56  472 99 99 99 99  3 99 99 99 99  1  2 99 99
A56  473  6  4  8 11 13  7 10  9  3  1  2 12  5
A56  474  4 99 99 99  3 99  5 99 99  1 99 99  2
A56  475 99 99  3 99 99  2 99  5  4  1 99 99  6
A56  476 99 99 99 99  7  3  5  6  4  1  2 99 99
A56  477 99 99 99 99  4 99 99  2 99  1  3 99 99
A56  478 99 99 99 99 99 99 99 99 99  1  2 99 99
A56  479 99 99  4  5  6 99  2  3 99  1 99 99 99
A56  480 99 99 99 99 99 99 99 99 99  1  2 99 99
A56  481  2 99 99 99 99 99 99 99 99  1 99 99  3
A56  482 99 99 99  3 99 99 99 99  2  1 99 99 99
A56  483  2 99 99 99 99 99 99 99 99  1 99 99  3
A56  484  3 99 99 99 99 99 99 99 99  1 99 99  2
A56  485  4 99 99 99  3 99 99 99 99  1 99 99  2
A56  486 99 99 99 99 99 99 99 99 99  1 99 99  2
A56  487 99 99  2 99 99 99 99 99 99  1 99 99 99
A56  488 99 99 99 99 99  2 99 99 99  1 99 99 99
A56  489 99 99 99 99 99 99 99 99 99  1 99 99  2
A56  490 99  2  6  3 99 99 99 99 99  1  4 99  5
A56  491 99 99 99 99 99 99 99 99 99  1 99 99  2
A56  492 99 99 99 99 99 99 99 99  2  1  4 99  3
A56  493 99 99 99 99 99 99 99 99  2  1 99 99 99
A56  494 99 99 99 99 99 99 99 99  2  1 99 99 99
A56  495 99 99 99 99 99 99 99 99  2  1 99 99 99
A56  496 99 99 99 99 99 99 99 99  2  1 99 99 99
A56  497 11  7  4  3  6  5 13  2  8  1  9 12 10
A56  498 99 99 99 99 99 99  4 99 99  1  2 99  3
A56  499 99 99 99 99 99 99 99 99 99  1  2 99  3
A56  500 99 99 99 99 99  2 99 99 99  1 99 99 99
A56  501 99  2 99  3 99 99 99 99 99  1  4 99 99
A56  502 99 99 99 99  2 99 99 99 99  1 99 99 99
A56  503 99 99  3 99 99 99 99 99  2  1 99 99 99
A56  504 99 99  3 99 99 99 99 99  2  1 99 99 99
A56  505 99  4 99  2  6 99 99  3  5  1 99 99 99
A56  506  3 11  2  4  7  5  9  8 10  1  6 12 13
A56  507 99 99 99 99 99 99 99  2 99  1 99 99 99
A56  508  4 99 99  5 99 99 99 99  2  1 99  3 99
A56  509  5  2 10 11 12  3 13  4  6  1  9  7  8
A56  510  2 99 99 99 99  3 99 99 99  1 99  4 99
A56  511 99  7  3  4 99 99  8 99  6  1  5 99  2
A56  512 99 99 99 99 99 99 99 99 99  1 99 99  2
A56  513  3  4  6  2  9  7 12 11 13  1  7  8 10
A56  514 99 99 99 99 99 99 99 99  2  1 99 99 99
A56  515 99 99 99 99 99 99 99  2  3  1 99 99 99
A56  516 99 99 99 99 99 99 99  2  3  1 99 99 99
A56  517 99 99 99  2 99  3 99 99 99  1 99 99  4
A56  518 99 99 99 99 99 99 99 99 99  1 99 99  2
A56  519 99 99 99 99 99 99  2  3 99  1 99 99 99
A56  520  3 99 99  2 99  4 99 99 99  1 99 99 99
A56  521  6  4  5  3 99 99  7 99 99  1  2 99 99
A56  522 99 99 99  3  2 99 99  4 99  1 99 99 99
A56  523 99 99 99 99 99 99 99 99 99  1 99 99  2
A56  524 99 99 99 99 99 99 99 99 99  1 99 99  2
A56  525  6 99  8 99  5 99  3 99  4  1  7 99  2
A56  526 99 99 99 99  5 99  3 99  4  1 99 99  2
A56  527 99 99 99  4 99  2 99  3  5  1 99 99 99
A56  528 99 99 99  3  2 99 99  4 99  1 99 99 99
A56  529 99 99 99  2 99  4 99 99 99  1 99 99  3
A56  530 99 99 99 99 99 99 99  3 99  1 99 99  2
A56  531 99 99 99 99 99 99  2  3 99  1 99 99 99
A56  532 99 99 99  2 99 99  3 99 99  1 99 99 99
A56  533  4 99 99 99  2 99 99 99 99  1  3 99 99
A56  534  2 99 99 99 99  3 99  4 99  1 99  5 99
A56  535 99 99 99 99 99 99  2 99 99  1 99 99 99
A56  536 99 99 99  2 99 99 99 99 99  1 99 99 99
A56  537 99 99 99  4 99  2 99 99  3  1  5 99 99
A56  538 99 99 99 99 99 99  3 99 99  1 99 99  2
A56  539 99 99 99  2 99 99  5 99 99  1  3 99  4
A56  540 99 99  2  4 99 99 99 99 99  1  5 99  3
A56  541  3 99 99  2 99 99 99 99 99  1  4  5 99
A56  542 99  2 99 99 99 99 99  4  3  1 99 99 99
A56  543 99 99 99 99 99 99 99 99 99  1 99 99  2
A56  544 99 99 99 99 99  2 99 99 99  1 99 99 99
A56  545 99  6 99  5 99  4 99 99  2  1  3 99 99
A56  546  1  4  7  8  3  2  5  6  9 11 10 12 13
A56  547  1  7  9 11 13  2 12  3 10  8  6  4  5
A56  548  2  1 12  9  7  3 10  4 11 13  8  5  6
A56  549  1  3 10  9 12  2 13 11  7  6  5  4  8
A56  550 99 99 99 99 99  1 99 99 99  2 99 99  3
A56  551  1 99 99 99 99  2 99 99 99  3 99  4 99
A56  552  2  4  3  6 11  1 12 13  5  7  8  9 10
A56  553  1 99  2 99  3  4  5 99 99  6 99 99 99
A56  554  2 99  1 99 99  3 99 99 99  4 99 99 99
A56  555  1 99 99  4 99  2 99 99 99  3 99 99 99
A56  556 99 99 99  7 99  4  2  1 99  5  6 99  3
A56  557  2  7  1  8 13  3 12  9  4  5  6 10 11
A56  558 99 99 99 99 99  2 99  1 99  3  4 99 99
A56  559  6  4  2  3 12  5 13  1  7  9 11  8 10
A56  560 11 12  3 13  1  2  8  7  9  4 10  6  5
A56  561  3  8  1  7 13  2 12 11  4  5  9  6 10
A56  562 99 99  1 99 99  2 99  3 99  4 99 99 99
A56  563  3  9  1  7 10  2 11 12  5  6  8  4 13
A56  564  8 12  6 10 11  4  1  2  9  5  7 13  3
A56  565  4  6  8 10  1  5  7  2  9 11 12  3 13
A56  566 99 99 99  1 99  4  3 99 99  5 99 99  2
A56  567 99  1 99 99 99  2 99  4 99  3 99 99 99
A56  568  7 99 99 99  3  1 99 99  4  2  5 99  6
A56  569 99 99  6  2 99  1 99  5 99  3 99  4 99
A56  570  3 99  4 99 99  2 99 99  5  6 99 99  1
A56  571 99 99 99 99 99  2 99 99 99  3  4 99  1
A56  572 99 99 99 99 99  2  1 99 99  3  4 99 13
A56  573 99 99 99  2 99  1 99 99 99  3 99  4 99
A56  574 12 11  8  7 13  2  1  3  5  4 10  9  6
A56  575  3  4  2  5  6  7  1  8  9 10 11 12 13
A56  576 99 99 99 99 99  1  2 99 99  3 99 99 99
A56  577 99 99 99 99 99  2  1 99 99  3 99 99 99
A56  578  8  2  9  1 10  4  3  7  5  6 12 11 13
A56  579  4 12 10  6  9  1  8  5 13  2 11  3  7
A56  580  7 12  6 13  5  1  8  4  2  9 10 11  3
A56  581 10  3 13  6 12  1  2 11  5  4  7  9  8
A56  582 99 99 99 99 99  1 99 99 99  2 99 99 99
A56  583  2  3  1  4  5  6  7  8  9 10 11 12 13
A56  584 99 99 99 99 99  1 99  4 99  3 99 99  2
A56  585  4  9  8  5 12  1 11  2 10  3 99  6  7
A56  586  1  4  2  3  5  6  7  8  9 10 11 12 13
A56  587 99 99 99 99 99  1 99 99 99  3 99  2 99
A56  588 99 99 99 99 99  2  1 99 99  4  3 99 99
A56  589 99 99 99 99  6  1 99  5 99  4  3 99  2
A56  590 10  1  9  2 13  3 12 11  4  8  5  7  6
A56  591  9  8  1  2 13  3 12 11 10  7  4  5  6
A56  592 99 99 99 99 99  1 99 99 99 99  2 99 99
A56  593  2  5  7  8  4  1  6  3 10 11  9 12 13
A56  594  1 99 99 99 99  2 99 99  3 99  4 99 99
A56  595  1 99 99 99 99  2 99 99 99 99 99 99  3
A56  596  1 99 99 99  7  2 99  3 99 99  4  5  6
A56  597  1  9  2 11 10  3 12 13  4  7  8  5  6
A56  598  1 99  2 99 99  3 99 99 99 99 99 99 99
A56  599  1 99 99 99 99  2 99 99 99 99  3 99 99
A56  600  1  3  6  5  2  4  7 99 99 99  8 99 99
A56  601  1  8  6  7  9  2 10  4 11 12  5  3 13
A56  602 99 99  5 99 99  1 99 99  4 99  3 99  2
A56  603 99 99 99 99  2  1 99 99 99 99  3 99 99
A56  604  2 13  6  3  5  4 12  1 11  8  7  9 10
A56  605 99 99 99 99  4  2  3  1 99 99  5 99  6
A56  606  3 99 99 99  2  4 99  1 99 99  5 99  6
A56  607 99 99 99 99 99  2 99  1 99 99  3 99 99
A56  608 99 99  1  5 99  2 99 99 99 99  3  4 99
A56  609  3 99 99 99 99  2 99 99 99 99  4  1 99
A56  610  5 13 13  6 13  2  8 13  7  4  3  1  9
A56  611 99  1 99 99  3  2 99  5  4 99  6 99  7
A56  612  4  5 13  2 12  6  7 11  3 10  9  8  1
A56  613 99 99 99 99 99  1 99 99 99  3  2 99 99
A56  614 99 99 99  4  5  1 99  2 99 99  3 99 99
A56  615 99  4  5 12  1  6  2 11  3 10  7  8  9
A56  616 99 99 99 99 99  1 99 99 99 99  2 99 99
A56  617  2 99  4  3 99  1 99  5 99 99 99 99 99
A56  618  5 99 99  4 99  1 99  2 99 99  3 99 99
A56  619  2 99  4 99 99  1 99 99 99 99 99  3 99
A56  620  2 99 99 99 99  1 99 99  5 99 99  3  4
A56  621  2 99 99  3 99  1 99 99 99 99  4 99 99
A56  622 99 99 99 99 99  1 99 99 99  4  2 99  3
A56  623  2 99 99 99 99  1 99 99 99 99 99  3 99
A56  624  3 99 99 99 99  1 99 99 99 99  2 99 99
A56  625  5 99  4 99  3  1 99  2 99 99 99 99 99
A56  626 99 99 99 99 99  1 99  3 99 99  2 99 99
A56  627  5 11 12  6  4  1  8  2 13  7  3  9 10
A56  628 99 99 99 99 99  1 99 99 99 99  2 99 99
A56  629 99 99 99 99 99  1  2 99  3 99  4 99 99
A56  630  2  4 10  7  8  1  9  3 13 12  5  6 11
A56  631 99 99 99 99  1 99  2  3 99 99 99 99 99
A56  632  2  5 99 99 99  1 99 99 99  4  6  3 99
A56  633  8 13  3 12  9  1  4 11  5  6  7 10  2
A56  634  3 99 99 99 99  1 99  2 99 99 99 99 99
A56  635  2 99 99 99 99  1  5  3 99  6 99 99  4
A56  636 99 99 99 99 99  1 99 99 99 99 99 99 99
A56  637 99 99 99 99 99  1 99  3 99  2 99 99 99
A56  638 99 99 99 99 99  1 99 99 99 99 99 99 99
A56  639 99  3 99 99 99  1  6  4 99  2  5 99 99
A56  640  2  5  6  4 99  1 99 99  3  4 99 99  7
A56  641 99 99 99  2 99  1 99 99 99 99 99 99 99
A56  642 99 99 99 99 99  1 99  3 99 99 99 99  2
A56  643 99 99 99 99 99  1 99 99 99 99 99 99 99
A56  644  2 99 99 99 99  1 99 99 99 99  3 99 99
A56  645  8  7  9  6  5  1 13 10  2 12 11  4  3
A56  646 99 99 99 99 99  1 99  2 99 99 99 99 99
A56  647  1  2 99 99  4  3 99 99 99 99 99 99 99
A56  648  1 99  2 99 99  3 99 99 99 99 99 99  4
A56  649  1 99  4 99 99  2 99  3 99 99 99 99 99
A56  650  1 99 99 99 99  2 99 99 99 99 99  3 99
A56  651  1 99 99 99 99  2 99 99 99 99 99  3 99
A56  652  1 99 99 99 99  2 99  3  5 99 99 99  4
A56  653 99 99 99  1 99  3 99 99  2 99 99 99 99
A56  654  1 99 99  2 99  3 99  4  5 99 99 99  6
A56  655 99  2 99  1 99  3 99 99 99 99 99  4 99
A56  656  3  1  4  2 99  5 99 99 99 99 99 99 99
A56  657  3 99 99  1 99  2 99 99  4 99 99 99 99
A56  658  1 99 99 99  2  4  3 99 99 99 99 99 99
A56  659 99 99 99 99 99  3  1 99  2 99 99 99 99
A56  660 99 99 99 99 99  2  1 99 99 99 99 99 99
A56  661 99 99 99 99 99  2 99 99 99 99 99 99  1
A56  662  3 99 99 99 99  2 99 99 99 99 99 99  1
A56  663 99  5  1 99 99  3 99  4  6 99 99 99  2
A56  664 99  1 99 99 99  3 99 99 99 99 99 99  2
A56  665 99 99 99  3  4  2 99  5 99 99 99 99  1
A56  666  5 99 99 99  1  4 99  2  3 99 99 99 99
A56  667 99  2 99  3 99  5 99  4  6 99 99 99  1
A56  668 99 99 99  1 99  4 99  3 99 99 99 99  2
A56  669 99 99 99 99  2  3 99  1 99 99 99  4 99
A56  670  3 99 99 99 99  2 99  1 99 99 99 99 99
A56  671 99 99  5  4 99  3 99  1  2 99 99 99  6
A56  672 99 99  1 99 99  3 99  2 99 99 99 99 99
A56  673 99 99 99 99 99  2 99  1 99 99 99 99  3
A56  674  3 99 99 99 99  1 99 99 99 99 99  2 99
A56  675 99 99 99 99 99  1 99 99  3 99 99 99  2
A56  676  2 99 99 99 99  1 99 99 99 99 99 99 99
A56  677  2 99 99  8 99  1  5 99  9  6  4  3  7
A56  678  3 13  5 12  4  1 11 10  9  2  8  6  7
A56  679  2 99 99 99 99  1 99 99 99 99 99 99 99
A56  680  2 99 99 99 99  1 99 99 99 99 99  3 99
A56  681 99 99 99  2 99 99 99 99 99  2 99  1  1
A56  682 99 99 99 99 99 99 99  1 99  1 99 99 99
A56  683 99 99 99 99 99  1 99 99 99 99 99 99  1
A56  684 99 99 99 99  1 99 99 99 99 99 99 99  1
A56  685  3 99 99 99 99  2 99  1 99  1  2 99  3
