A57  310 CORP   VOTERS ELECT  2  FROM  9  BY STV   1/5  SAMPLE
A57    1  1 99 99  2  3 99 99 99 99
A57    2  1 99 99  2  3 99 99 99 99
A57    3  3  5  9  7  2  8  1  6  4
A57    4 99 99  1 99  2 99 99 99 99
A57    5  4  5  1  9  2  6  7  8  3
A57    6  4  9  1  2  3  7  5  8  6
A57    7 99 99  1 99  2 99 99 99 99
A57    8  6  7  1  2  3  8  4  9  5
A57    9 99 99  1  2  3 99 99 99 99
A57   10  8  7  1  3  2  4  5  6  9
A57   11 99 99  1 99  2 99 99  3 99
A57   12 99 99  1  3  2 99 99 99 99
A57   13 99 99 99 99  2 99  3  1 99
A57   14 99 99 99  3  2 99 99  1 99
A57   15  6  7  8  9  2  5  4  1  3
A57   16 99 99 99  2  3 99 99  1 99
A57   17 99 99 99  2  1 99 99 99 99
A57   18 99 99 99  2  1 99 99 99 99
A57   19 99 99 99 99  1 99 99 99 99
A57   20  4  8  5  2  1  3  6  7  9
A57   21 99 99 99 99  1 99 99 99 99
A57   22 99 99 99 99  1 99 99 99 99
A57   23 99 99 99 99  1 99 99 99 99
A57   24 99 99 99  2  1  3 99 99 99
A57   25 99 99 99  2  1 99 99 99  3
A57   26 99 99 99  2  1 99 99 99 99
A57   27  9  8  6  2  1  4  5  7  3
A57   28  4  8  2  3  1  5  7  9  6
A57   29 99 99 99  2  1 99 99 99 99
A57   30 99  3 99 99  1 99 99  2 99
A57   31  2 99 99 99  1 99 99 99 99
A57   32 99 99 99  2  1 99 99 99 99
A57   33  3  2  4 99  1  5  6  7  8
A57   34  3  4  9  2  1  5  8  6  7
A57   35  3  7  9  2  1  6  5  4  8
A57   36  3 99 99  2  1 99 99 99 99
A57   37 99 99 99  2  1 99 99 99 99
A57   38 99 99 99  2  1 99 99 99 99
A57   39 99 99  3  2  1 99 99 99 99
A57   40 99 99 99 99  1 99 99 99 99
A57   41  3 99 99  2  1 99 99 99 99
A57   42 99 99 99 99  1 99 99 99 99
A57   43 99 99 99  2  1 99 99 99 99
A57   44 99 99 99  2  1 99 99 99 99
A57   45 99 99 99 99  1 99 99 99 99
A57   46  4  5  7  2  1  9  3  8  6
A57   47  4  7  9  2  1  6  8  5  3
A57   48 99 99 99  2  1 99 99 99 99
A57   49 99 99 99  2  1 99 99 99 99
A57   50 99 99 99  2  1 99 99 99 99
A57   51  6  5  4  9  1  7  2  8  3
A57   52 99 99 99  2  1 99 99 99 99
A57   53 99 99 99 99  1 99 99 99 99
A57   54 99 99 99 99  1 99 99 99 99
A57   55 99 99 99 99  1 99 99 99 99
A57   56 99 99 99  2  1 99 99 99 99
A57   57 99 99 99  2  1 99 99 99 99
A57   58 99 99 99 99  1 99 99 99 99
A57   59 99 99  4 99  1 99 99  3  2
A57   60  3 99 99  2  1 99 99 99 99
A57   61 99 99 99  2  1 99 99 99 99
A57   62 99 99 99 99  1 99 99 99 99
A57   63 99  3 99 99  1 99 99  2 99
A57   64 99 99 99 99  1 99 99 99 99
A57   65 99 99 99  2  1 99 99 99  3
A57   66 99 99 99  2  1 99 99 99 99
A57   67 99 99 99  2  1 99  3 99 99
A57   68 99 99 99  2  1 99 99 99 99
A57   69 99 99 99  2  1 99 99 99 99
A57   70 99 99 99  2  1 99 99 99  3
A57   71  4  5  6  2  1  7  8  9  3
A57   72 99 99 99  2  1 99 99 99 99
A57   73 99 99 99 99  1 99 99 99 99
A57   74 99 99 99  2  1 99 99 99 99
A57   75 99 99 99  2  1 99 99 99 99
A57   76 99 99 99  2  1 99 99 99 99
A57   77 99 99 99  2  1 99 99 99 99
A57   78 99  3 99  2  1 99 99 99 99
A57   79  5  6  7  2  1  4  3  9  8
A57   80 99 99 99  2  1 99  3 99 99
A57   81 99 99 99  2  1 99  3  4 99
A57   82  8  9  3  2  1  7  6  5  4
A57   83 99 99 99  2  1 99  4 99  3
A57   84 99 99 99  2  1 99 99 99 99
A57   85  2 99 99 99  1 99 99 99  3
A57   86 99 99 99 99  1 99 99 99 99
A57   87 99 99 99  1  3 99 99  2 99
A57   88 99 99 99  1  3 99 99  2 99
A57   89 99 99  2  1  3 99 99 99 99
A57   90  9  8  2  1  3  5  4  6  7
A57   91 99 99 99  1  3 99  2 99 99
A57   92 99 99 99  1  2 99 99 99 99
A57   93 99  3 99  1  2 99 99 99 99
A57   94 99 99 99  1  2 99 99 99 99
A57   95 99 99 99  1  2 99 99 99  3
A57   96 99 99 99  1  2 99 99 99 99
A57   97  4  3  5  1  2  6  7  8  9
A57   98 99 99 99  1  2 99 99 99 99
A57   99 99 99 99  1  2 99 99 99  3
A57  100 99 99  3  1  2 99 99 99 99
A57  101 99 99 99  1  2 99  3  4 99
A57  102 99  3  4  1  2 99 99 99 99
A57  103 99 99 99  1  2 99 99 99 99
A57  104 99 99 99  1  2 99 99 99 99
A57  105 99 99  3  1  2 99 99 99 99
A57  106  7  8  3  1  2  9  6  4  5
A57  107  3 99 99  1  2 99 99 99 99
A57  108 99 99 99  1  2 99 99 99 99
A57  109 99  3 99  1  2 99  4 99 99
A57  110 99 99  4  1  2 99  3 99 99
A57  111 99 99 99  1  2 99 99 99  3
A57  112 99  3 99  1  2 99 99 99 99
A57  113 99 99 99  1  2  3 99 99 99
A57  114 99 99  3  1  2 99 99 99 99
A57  115 99 99 99  1  2 99 99  4  3
A57  116 99 99 99  1  2 99 99 99 99
A57  117 99 99 99  1  2 99 99 99 99
A57  118 99 99 99  1  2 99 99 99  3
A57  119  8  7  4  1  2  9  6  3  5
A57  120 99 99 99  1  2 99 99 99 99
A57  121 99 99 99  1  2 99 99 99 99
A57  122 99 99 99  1  2 99 99 99  3
A57  123  5  4  3  1  2  6  8  7  9
A57  124 99 99 99  1  2  4 99  3 99
A57  125 99 99 99  1  2 99 99 99 99
A57  126 99 99 99  1  2 99  3 99 99
A57  127 99 99  3  1  2 99 99 99 99
A57  128 99 99 99  1  2 99 99 99  3
A57  129 99 99 99  1  2 99 99 99  3
A57  130  4  5  6  1  2  7  8  3  9
A57  131 99 99 99  1  2 99 99  3 99
A57  132  4  6  8  1  2  9  7  3  5
A57  133 99 99 99  1  2 99 99 99 99
A57  134 99 99 99  1  2 99  3 99 99
A57  135 99 99 99  1  2 99 99 99 99
A57  136  9  4  3  1  2  8  7  6  5
A57  137 99 99  4  1  2 99 99  3 99
A57  138 99 99 99  1  2 99 99 99 99
A57  139 99 99 99  1  2 99  3 99 99
A57  140 99 99 99  1  2 99 99 99  3
A57  141 99 99 99  1  2  3 99 99 99
A57  142 99 99 99  1  2 99 99 99 99
A57  143 99 99 99  1  2 99 99 99  3
A57  144 99 99 99  1  2 99 99 99 99
A57  145 99 99 99  1  2 99 99 99 99
A57  146 99 99 99  1  2 99 99 99  3
A57  147 99 99  3  1  2 99 99 99 99
A57  148 99 99 99  1  2 99 99 99 99
A57  149 99 99 99  1  2 99 99 99 99
A57  150 99 99 99  1  2 99  3 99 99
A57  151 99 99 99  1  2 99 99 99 99
A57  152 99 99 99  1  2 99 99 99 99
A57  153  9  7  3  1  2  8  6  5  4
A57  154 99 99 99  1  2 99 99 99  3
A57  155 99 99 99  1  2 99 99  3 99
A57  156 99  3 99  1  2 99 99 99 99
A57  157 99 99 99  1  2 99 99 99  3
A57  158 99 99 99  1  2 99 99 99 99
A57  159 99 99  4  1  2 99  3  5 99
A57  160 99 99 99  1  2 99 99 99 99
A57  161 99 99 99  1  2 99 99 99 99
A57  162 99 99 99  1  2 99  3 99 99
A57  163 99 99 99  1  2 99 99 99 99
A57  164 99  3 99  1  2 99 99 99 99
A57  165 99 99 99  1  2 99 99 99 99
A57  166 99 99 99  1  2 99 99 99 99
A57  167 99 99 99  1  2 99 99 99 99
A57  168 99 99 99  1  2 99 99 99 99
A57  169 99 99 99  1  2 99  3 99 99
A57  170 99 99 99  1  2 99 99 99 99
A57  171 99 99 99  1  2 99 99 99 99
A57  172 99 99 99  1  2 99 99 99 99
A57  173 99 99 99  1  2 99 99 99 99
A57  174 99  3 99  1  2 99 99 99 99
A57  175  7  9  6  1  2  8  3  4  5
A57  176 99 99 99  1  2 99 99 99 99
A57  177 99 99 99  1  2 99 99 99 99
A57  178 99  2 99 99  3  1 99 99 99
A57  179  5  2  6  3  4  1  8  7  9
A57  180  5  1  6  3  2  9  4  8  7
A57  181  6  1  5  3  4  2  9  8  7
A57  182  5  1  4  2  3  6  8  7  9
A57  183 99  1 99 99  3 99  2 99 99
A57  184 99  1 99  2  3 99 99 99 99
A57  185  3  1  4  5  6  2  7  8  9
A57  186 99  1 99  3  2 99 99 99 99
A57  187  9  1  5  4  2  8  6  3  7
A57  188  2  1  7  3  4  6  5  8  9
A57  189 99 99  1 99 99  2 99  3 99
A57  190 99 99  3 99 99 99  1  2 99
A57  191 99 99  2 99 99 99 99  1 99
A57  192 99 99 99 99 99 99 99  1 99
A57  193 99 99 99 99 99 99  2  1 99
A57  194 99 99 99 99 99 99 99  1 99
A57  195 99 99 99 99 99 99 99  1 99
A57  196 99 99  1 99 99 99 99 99 99
A57  197 99 99  1 99 99 99 99 99 99
A57  198 99 99  1 99 99 99 99 99 99
A57  199 99 99  1  2 99 99 99 99 99
A57  200 99 99  2 99 99  1 99 99 99
A57  201 99 99 99  1 99 99 99 99 99
A57  202 99 99 99  1 99 99 99 99 99
A57  203 99 99 99  1 99 99 99 99 99
A57  204 99 99 99  1 99 99 99 99 99
A57  205 99 99 99  1 99 99 99 99 99
A57  206 99 99 99 99 99  1 99 99 99
A57  207  1 99 99 99 99 99 99 99 99
A57  208 99  1 99  2  4 99 99 99  3
A57  209  5  4  2  9  8  6  3  1  7
A57  210  3  2  5 99 99  4 99  1  6
A57  211  3  1  7  8  9  2  6  4  5
A57  212 99  2 99 99 99  1 99 99  3
A57  213 99  1 99 99 99  2 99 99  3
A57  214  4  1 99  5  6  2 99 99  3
A57  215 99  1 99 99 99 99  2 99  3
A57  216 99 99 99 99 99 99  1 99 99
A57  217 99 99 99 99 99 99  1 99 99
A57  218  1 99  1  1  1 99  1 99 99
A57  219  1 99 99 99  1 99 99 99 99
A57  220 99 99  1 99  1 99 99 99  1
A57  221 99 99  1 99  1 99 99 99  1
A57  222 99 99  1  2 99 99 99  3 99
A57  223  8  9  7  1  4  5  2  6  3
A57  224 99 99 99  1 99 99 99 99  2
A57  225 99 99  3  1 99 99 99 99  2
A57  226 99 99 99  1 99 99 99 99  2
A57  227  1 99 99  3  4 99 99 99  2
A57  228  1 99 99 99 99 99 99 99  2
A57  229  1 99 99 99 99 99 99  3  2
A57  230 99 99 99  2 99 99  1 99  3
A57  231 99 99 99 99 99 99  1 99  2
A57  232 99 99 99 99 99 99  1  3  2
A57  233  3  4  5  9  6  7  1  8  2
A57  234 99 99  3 99 99 99  1 99  2
A57  235  8  5  2  4  6  7  1  9  3
A57  236 99 99  1 99 99  3 99 99  2
A57  237 99 99  1 99 99 99 99 99  2
A57  238 99 99  1 99 99 99  4  2  3
A57  239  1  7  2  9  8  4  3  5  6
A57  240 99 99 99  4 99 99  1  2  3
A57  241 99 99 99 99 99 99  1  2  3
A57  242 99 99 99 99 99 99 99  1  2
A57  243  5  6 99 99 99  4  3  1  2
A57  244  4  6  7  9  8  5  3  1  2
A57  245  7  6  2  9  8  5  4  1  3
A57  246 99 99 99 99 99 99 99  1  2
A57  247 99 99 99  2 99 99 99  1  3
A57  248 99 99 99 99 99 99 99  1  2
A57  249  6  7  5  9  8  3  4  1  2
A57  250 99 99 99 99 99 99 99  1  2
A57  251  5  6  7 99 99  3  4  1  2
A57  252 99 99 99 99 99 99 99  1  2
A57  253  5  7  6 99 99  4  2  3  1
A57  254 99 99 99 99 99 99 99  2  1
A57  255  3  4  7 99 99  5  6  2  1
A57  256  7  6  3  4  2  8  9  5  1
A57  257 99 99 99 99 99 99 99 99  1
A57  258 99 99 99  4  3 99  2 99  1
A57  259 99 99  3  2 99 99 99 99  1
A57  260  3  2 99 99 99 99 99 99  1
A57  261 99 99 99 99 99 99 99 99  1
A57  262  3  4 99 99 99  5  6  2  1
A57  263 99 99 99  2  3 99 99 99  1
A57  264  3  4  7 99 99  5  6  2  1
A57  265 99 99 99 99 99 99 99 99  1
A57  266 99 99  3 99 99 99  2 99  1
A57  267  3  4  7 99 99  5  6  2  1
A57  268  4 99 99  3  2  5 99 99  1
A57  269  2  4  6  8  9  3  5  7  1
A57  270  3  4  7 99 99  5  6  2  1
A57  271 99 99 99 99 99  3  2 99  1
A57  272  4  5  7  2  3  8  9  6  1
A57  273  6  9  4  2  3  7  5  8  1
A57  274 99 99 99 99 99 99 99 99  1
A57  275 99 99 99 99  2 99 99 99  1
A57  276  5  6  8  2  3  9  4  7  1
A57  277  3  4 99 99 99 99 99  2  1
A57  278 99 99 99  2  3 99 99 99  1
A57  279 99 99 99  3  2 99 99 99  1
A57  280  3  4  7 99  5 99  6  2  1
A57  281  3  4 99 99 99  5  6  2  1
A57  282  3  4 99 99 99  5  6  2  1
A57  283  2  3  4  8  9  5  6  7  1
A57  284 99  2 99 99 99  1 99 99 99
A57  285 99  1 99 99 99 99 99 99 99
A57  286  1  2  3 99 99 99 99 99 99
A57  287 99  2 99 99 99  1 99 99 99
A57  288  3  2 99  4 99  1 99 99 99
A57  289 99  1 99 99 99  2  3 99 99
A57  290 99  1 99 99 99  2 99 99 99
A57  291 99  1 99 99 99  2 99 99 99
A57  292 99  1 99 99 99  2 99 99 99
A57  293 99  1 99 99 99  2 99 99 99
A57  294 99  1  3 99 99  2 99 99 99
A57  295 99  1 99 99 99  2  3 99 99
A57  296 99  1 99 99 99 99 99 99 99
A57  297 99  1 99 99 99 99 99 99 99
A57  298 99  1 99 99 99  2 99  3 99
A57  299 99  1 99 99 99  3  2 99 99
A57  300 99  2 99 99 99  1 99 99 99
A57  301  3  2  1 99 99 99 99 99 99
A57  302  2  3 99 99 99 99  4  1 99
A57  303 99  1 99 99 99  2 99 99 99
A57  304 99  2 99 99 99  1 99 99 99
A57  305 99  2 99 99 99  1 99 99 99
A57  306 99  1  3 99 99 99  2 99 99
A57  307 99  1 99 99 99  2 99 99 99
A57  308 99  1 99 99 99  2  3 99 99
A57  309 99  1 99 99 99 99 99 99 99
A57  310  7  5  1  6  3  4  2 99 99
