A58  216 CORP   VOTERS ELECT  1  FROM  7  BY STV
A58    1 99 99  3 99  1 99  2
A58    2  3 99  2  1 99 99 99
A58    3  3 99  2 99 99 99  1
A58    4 99 99  1 99 99 99 99
A58    5 99 99  1 99  2 99  3
A58    6 99 99  1 99 99  2 99
A58    7 99 99  1 99 99 99  2
A58    8 99 99  1 99 99 99 99
A58    9 99 99  1 99 99 99 99
A58   10 99 99  1 99 99 99 99
A58   11 99 99  1 99 99 99 99
A58   12  2 99  1 99 99 99 99
A58   13 99 99  1  2 99 99 99
A58   14 99 99  1 99 99 99 99
A58   15 99 99  1 99 99 99 99
A58   16 99 99  1 99 99 99 99
A58   17 99 99  1  2 99 99 99
A58   18  1 99 99 99 99 99 99
A58   19  1 99 99 99 99 99  2
A58   20  1 99 99 99 99 99  2
A58   21  1 99 99  2 99 99  3
A58   22  1 99 99 99 99 99  2
A58   23  1 99 99 99 99 99 99
A58   24  1 99 99 99 99 99  2
A58   25  1 99 99 99 99 99 99
A58   26  1 99 99 99 99 99 99
A58   27  1 99 99 99 99 99 99
A58   28  1 99 99 99 99 99  2
A58   29  1 99 99 99 99 99  2
A58   30  1 99 99 99 99 99 99
A58   31  1 99 99  3 99 99  2
A58   32  1 99 99 99 99 99 99
A58   33 99 99 99 99  1 99  2
A58   34 99 99 99 99  1 99 99
A58   35 99 99 99 99  1 99 99
A58   36 99 99 99 99  1 99 99
A58   37 99 99 99 99  1 99 99
A58   38 99 99 99 99 99 99  1
A58   39 99 99 99 99 99 99  1
A58   40 99 99 99  2 99 99  1
A58   41 99 99 99 99 99 99  1
A58   42  1  6  3  4  2  5  7
A58   43  1  7  2  6  5  3  4
A58   44  2  7  3  5  4  6  1
A58   45  6  7  4  2  1  5  3
A58   46  4  7  3  5  1  6  2
A58   47  5  7  3  6  2  4  1
A58   48  3  7  2  4  6  5  1
A58   49 99 99  1 99 99  2 99
A58   50  3  5  1  7  6  4  2
A58   51 99 99  1  2 99  3 99
A58   52  3 99  1 99 99  2 99
A58   53 99 99  1  2 99  3 99
A58   54  3  7  1  4  6  2  5
A58   55 99 99  1 99  3  2 99
A58   56  2  7  1  3  4  5  6
A58   57  6  2  4  5  3  1  7
A58   58 99  2 99 99 99  1 99
A58   59  4  2  6  3  5  1  7
A58   60 99  2 99 99 99  1 99
A58   61 99 99 99  3 99  1  2
A58   62 99 99 99 99 99  1 99
A58   63 99 99  2 99 99  1 99
A58   64  5  7  2  6  3  1  4
A58   65 99  2 99  3 99  1 99
A58   66  5  2  4  7  6  1  3
A58   67  2  4  7  5  6  1  3
A58   68  5  6  4  3  2  1  7
A58   69 99 99 99 99 99  1 99
A58   70  4  2  3  6  5  1  7
A58   71 99 99  3  2 99  1 99
A58   72  2 99 99 99 99  1 99
A58   73  4  5  2  3  6  1  7
A58   74  2 99 99 99 99  1 99
A58   75  3  2  5  7  4  1  6
A58   76 99 99  2  3 99  1 99
A58   77 99 99  2 99 99  1 99
A58   78  2 99 99 99 99  1 99
A58   79 99  2 99 99 99  1 99
A58   80  2  4  7  6  5  1  3
A58   81 99 99 99 99 99  1 99
A58   82  4  3  2  6  5  1  7
A58   83  5  3  2  6  4  1  7
A58   84 99  2 99 99 99  1 99
A58   85  3  2  5  4  6  1  7
A58   86  2 99 99  3 99  1 99
A58   87 99 99  2 99 99  1 99
A58   88 99 99 99 99 99  1 99
A58   89 99 99 99 99 99  1 99
A58   90  2  6  7  3  4  1  5
A58   91  3  2  4 99 99  1 99
A58   92 99 99 99 99 99  1 99
A58   93 99 99 99 99 99  1  2
A58   94 99  2 99 99 99  1 99
A58   95 99 99 99  2 99  1 99
A58   96 99 99 99 99 99  2  1
A58   97 99 99  3  1 99  2 99
A58   98  5  6  4  1  7  2  3
A58   99 99  3 99 99  1  2 99
A58  100  6  7  4  3  1  2  5
A58  101  1  7  4  6  5  2  3
A58  102  1 99 99 99 99  2 99
A58  103  1  5  6  7  3  2  4
A58  104  1  6  5  4  3  2  7
A58  105  1  4  3  7  6  5  2
A58  106  2  6  4  5  3  7  1
A58  107  2  6  3  5  1  7  4
A58  108  5  6  3  4  1  7  2
A58  109  4  5  2  6  3  7  1
A58  110  4  2  1  5  6  3  7
A58  111  5  2  1  6  3  4  7
A58  112 99  2  1 99 99  3 99
A58  113  2  6  1  4  5  7  3
A58  114  4  6  1  2  5  7  3
A58  115  4  1  5  7  2  3  6
A58  116 99  1 99 99  2 99 99
A58  117 99  1 99 99 99 99 99
A58  118 99  1 99 99 99  2 99
A58  119 99  1 99 99 99  2 99
A58  120  2  1  5  6  3  4  7
A58  121  4  1  5  6  2  3  7
A58  122  2  1 99 99 99 99 99
A58  123 99  1 99 99  2 99 99
A58  124  3  1  5  6  2  4  7
A58  125 99  1 99 99 99  2 99
A58  126  4  1  5  6  2  3  7
A58  127 99  1 99 99  2  3 99
A58  128  3  1 99 99 99  2 99
A58  129  3  1  6  4  5  2  7
A58  130 99  1 99 99 99  3  2
A58  131 99  1 99 99 99  2 99
A58  132 99  1 99 99 99  2 99
A58  133 99  1 99 99 99 99 99
A58  134  2  1  3  5  7  6  4
A58  135  6  1  3  5  4  2  7
A58  136 99  1 99 99  3  2 99
A58  137 99  1 99 99 99  2 99
A58  138  3  1  5  4  6  2  7
A58  139 99  1 99 99 99 99 99
A58  140 99  1  3 99 99  2 99
A58  141 99  1 99  2 99 99 99
A58  142  3  1 99 99 99 99  2
A58  143  2  1 99 99 99 99 99
A58  144  3  1 99 99 99  2 99
A58  145  2  1 99 99 99 99 99
A58  146  4  1  3  6  5  2  7
A58  147 99  1 99 99 99 99  2
A58  148 99  1 99 99 99 99 99
A58  149 99  1  2  3 99  4 99
A58  150 99  1  2  3 99  4 99
A58  151 99  1 99 99 99  2 99
A58  152 99  1 99 99 99  2 99
A58  153 99  1 99 99 99 99 99
A58  154 99  1  3 99 99  2 99
A58  155 99  1 99 99 99 99 99
A58  156 99  1 99 99 99  2 99
A58  157 99  1 99 99 99 99 99
A58  158 99  1 99 99 99  2 99
A58  159 99  1 99 99 99 99 99
A58  160 99  1 99 99 99 99 99
A58  161  6  1  5  7  4  3  2
A58  162 99  1 99 99 99 99 99
A58  163  6  1  3  4  5  2  7
A58  164 99  1 99 99 99  2 99
A58  165 99  1 99 99 99 99 99
A58  166  3  1 99 99 99  2 99
A58  167  4  1  7  3  2  6  5
A58  168  5  1  4  6  2  3  7
A58  169  3  1 99 99 99  2 99
A58  170 99  1 99 99 99  2 99
A58  171  2  1 99 99 99 99 99
A58  172 99  1 99 99 99  2 99
A58  173 99  1 99 99  2 99 99
A58  174 99  1 99 99 99 99 99
A58  175 99  1 99 99 99  2 99
A58  176  4  1  6  7  3  2  5
A58  177  3  1  4  5  6  2  7
A58  178  2  1  5  4  3  6  7
A58  179 99  1 99 99 99 99 99
A58  180  3  1 99 99 99  2 99
A58  181  4  1  6  7  2  3  5
A58  182  3  1  7  5  2  4  6
A58  183 99  1 99 99 99 99 99
A58  184 99  1 99 99 99  2 99
A58  185 99  1 99 99 99  2 99
A58  186 99  1 99 99  2 99 99
A58  187 99  1 99 99 99  2 99
A58  188  4  1  5  3  6  2  7
A58  189  3  1  4  5  6  2  7
A58  190  4  1  6  5  3  2  7
A58  191  6  1  4  5  7  3  2
A58  192 99  1  3 99 99  2 99
A58  193 99  1 99 99 99 99 99
A58  194  3  2  6  7  1  4  5
A58  195  7  2  3  5  1  6  4
A58  196 99  2 99 99  1 99 99
A58  197 99  2 99 99  1 99 99
A58  198  1  3  4  5  7  6  2
A58  199  1  3 99 99 99 99  2
A58  200  1  3  5  4  6  7  2
A58  201 99 99 99 99 99 99  1
A58  202  2 99  3 99 99 99  1
A58  203 99 99  1 99 99 99 99
A58  204 99 99  1 99 99 99 99
A58  205 99 99  1 99 99 99 99
A58  206 99 99  1 99 99 99 99
A58  207 99 99 99 99 99  1 99
A58  208 99  2 99 99 99  1 99
A58  209  5  6  2  3  4  1  7
A58  210  5  6  7  1  2  3  4
A58  211 99 99  1 99 99  2 99
A58  212  6  1  5  3  4  2  7
A58  213 99  1 99 99 99 99 99
A58  214  5  6  1  2  3  7  4
A58  215  4  5  1  7  3  6  2
A58  216  2  6  3  5  4  7  1
