A59  694 CORP   VOTERS ELECT  4  FROM  7  BY STV   1/5  SAMPLE
A59    1  2  1  3  5  7  6  4
A59    2  7  1  6  2  4  5  3
A59    3  2  1 99  4 99  3 99
A59    4  2  1  6  3  7  5  4
A59    5 99  1 99  2 99 99 99
A59    6  2  1 99  4 99  3 99
A59    7  7  1  3  4  6  5  2
A59    8  2  1  4  5  6  7  3
A59    9  3  4  1  5  6  2  7
A59   10  2  3  1  4 99 99 99
A59   11  5  2  1  4  6  7  3
A59   12  2  3  1  4  6  5  7
A59   13  3  2  1  4  5  6  7
A59   14  2  3  1  4  6  7  5
A59   15  4  2  1  5  6  3  7
A59   16  3  2  1  5  7  6  4
A59   17  2  1  4  3 99 99 99
A59   18 99  1 99  2 99  3  4
A59   19 99  1 99  3 99  2 99
A59   20  2  1 99  3 99  4 99
A59   21  2  1 99  3 99  4 99
A59   22  2  1  6  5  7  4  3
A59   23 99  1 99  2  3 99  4
A59   24  5  1  2  3  4  6  7
A59   25  6  1  5  3  4  7  2
A59   26  2  1  5  6  7  4  3
A59   27  2  1 99  3 99  4 99
A59   28  5  1  7  2  6  4  3
A59   29  2  1  5  4  7  3  6
A59   30  3  1  2  5  7  6  4
A59   31  2  1 99  4 99  3 99
A59   32  2  1 99  3 99 99 99
A59   33 99  1 99  2 99  3 99
A59   34 99  1 99  3 99  2  4
A59   35  5  1  7  2  6  4  3
A59   36 99  1 99  2  3  4 99
A59   37  7  1  6  2  4  5  3
A59   38 99  1 99  2  4  3 99
A59   39  2  1 99  3  4 99 99
A59   40  4  1 99  2  3 99 99
A59   41  3  1  7  4  5  2  6
A59   42 99  1 99  2 99 99 99
A59   43  4  1  5  2  6  7  3
A59   44 99  1 99  3 99 99  2
A59   45  2  1  6  3  7  4  5
A59   46 99  1 99  2 99  4  3
A59   47  2  1  5  4  7  6  3
A59   48  3  1  7  4  6  5  2
A59   49  2  1  6  3  7  5  4
A59   50  3  1 99  4 99  2 99
A59   51  2  1  6  3  4  5  7
A59   52  2  1  5  3  7  4  6
A59   53 99  1 99  2  3 99  4
A59   54  5  1  7  3  6  2  4
A59   55 99  1  5  3 99  4  2
A59   56  3  1  2  4  7  5  6
A59   57 99  1  4  2 99  3 99
A59   58 99  1 99  3  4  2 99
A59   59 99  1 99  3  4  2 99
A59   60  4  1 99  2  3 99 99
A59   61 99  1 99  3 99  2 99
A59   62 99  1 99  3 99  2  4
A59   63  2  1 99  3 99 99  4
A59   64  2  1 99  3 99 99  4
A59   65 99  1 99  2  3  4 99
A59   66  2  1  7  3  4  5  6
A59   67  3  6  5  4 99  2  1
A59   68 99 99 99  2  4  3  1
A59   69 99  4 99  3  2 99  1
A59   70 99 99  4  3 99  2  1
A59   71 99 99  4  3 99  2  1
A59   72  4 99  3  5 99  2  1
A59   73 99 99 99  2  3 99  1
A59   74  4  5  6  3 99  2  1
A59   75  2 99 99  3 99  4  1
A59   76 99 99 99  3 99  2  1
A59   77  4 99 99  3 99  2  1
A59   78 99 99 99  2  3  4  1
A59   79  2  7  3  4  5  6  1
A59   80  4  5  6  3  7  2  1
A59   81  3 99 99  2 99 99  1
A59   82  3  5  6  4  7  2  1
A59   83  4 99 99  3 99  2  1
A59   84  3 99  4  2 99 99  1
A59   85 99 99 99  3 99  2  1
A59   86 99  3 99  2 99 99  1
A59   87  4  3  5  2  6  7  1
A59   88  2  7  3  5  6  4  1
A59   89  4  3  5  2  6  7  1
A59   90  3 99 99  2 99 99  1
A59   91 99  4 99  2  3 99  1
A59   92 99 99 99  3 99  2  1
A59   93  4 99 99  3 99  2  1
A59   94  2 99 99  3 99 99  1
A59   95  3 99 99  2 99 99  1
A59   96 99 99 99  3 99  2  1
A59   97  3 99 99  2  4 99  1
A59   98 99 99  2  4 99  3  1
A59   99 99 99 99  3 99  2  1
A59  100  3  5  6  4 99  2  1
A59  101 99 99 99  2 99  3  1
A59  102 99 99 99  2  3  4  1
A59  103  3  4  7  2  5  6  1
A59  104  3  4  7  2  5  6  1
A59  105  5 99 99  2  4  3  1
A59  106  3 99 99  2 99  4  1
A59  107 99 99 99  2  3  4  1
A59  108  3  5  7  2  6  4  1
A59  109  4 99 99  2 99  3  1
A59  110  5  4  2  3  6  7  1
A59  111  2  6  1  5  7  3  4
A59  112  2 99  1  4 99 99  3
A59  113  4  7  1  5  6  2  3
A59  114  6 99  1  4  5  2  3
A59  115  6  4  2  1  3  7  5
A59  116 99 99  2  1 99 99 99
A59  117 99 99  2  1 99 99 99
A59  118 99 99  2  1 99 99 99
A59  119  2  3 99  1 99 99 99
A59  120  4  5  6  1  7  2  3
A59  121  3 99 99  1  4 99  2
A59  122  2 99 99  1 99  4  3
A59  123  4  3 99  1 99  2 99
A59  124  3  4 99  1 99  2 99
A59  125 99  2 99  1 99 99 99
A59  126 99 99 99  1  3  2  4
A59  127  2 99 99  1 99  3  3
A59  128  4 99 99  1 99  3  2
A59  129  2  3  6  1  7  5  4
A59  130  2  6  3  1  5  7  4
A59  131  2  7  6  1  3  4  5
A59  132 99 99 99  1 99 99 99
A59  133  3 99 99  1 99 99  2
A59  134 99 99 99  1 99 99 99
A59  135  3 99 99  1 99  2  4
A59  136  6  2  4  1  5  3  7
A59  137  2  4  5  1  6  3  7
A59  138  3  2 99  1 99 99 99
A59  139 99 99 99  1 99 99 99
A59  140  2 99 99  1  3  4 99
A59  141  3 99 99  1  4  2 99
A59  142  6  5  7  1  3  2  4
A59  143  3  2  4  1  6  7  5
A59  144 99  3 99  1 99  2  4
A59  145 99 99  2  1 99  3 99
A59  146  2  5  6  1  7  3  4
A59  147  3  5  6  1  2  4  7
A59  148  3  5  6  1  2  4  7
A59  149  3  4  5  1  2  7  6
A59  150  3  4  7  1  2  5  6
A59  151 99 99 99  1 99  3  2
A59  152  3  4  6  1  2  7  5
A59  153  2  7  6  1  4  3  5
A59  154  5  4  7  1  2  3  6
A59  155  2 99 99  1 99 99 99
A59  156 99 99 99  1 99 99 99
A59  157 99 99  4  1  2  3 99
A59  158 99 99 99  1 99 99 99
A59  159  3  2  5  1  6  4  7
A59  160  2  5  6  1  7  4  3
A59  161  6  7  3  1  2  5  4
A59  162 99 99 99  1  3  2 99
A59  163  3 99 99  1  2  4 99
A59  164 99 99  4  1 99  2  3
A59  165  2  3 99  1 99 99  4
A59  166 99  4 99  1 99  3  2
A59  167  4  5  6  1  2  7  3
A59  168  3  4  6  1  5  2  7
A59  169  3  6  4  1  7  2  5
A59  170 99  4 99  1  3  2 99
A59  171  3  2 99  1 99 99 99
A59  172  2 99 99  1  3  4 99
A59  173  3 99 99  1  4  2 99
A59  174  3 99 99  1 99  2  4
A59  175  2  3  5  1  6  3  4
A59  176 99 99 99  1  2  3 99
A59  177  2 99 99  1  3 99 99
A59  178  3  4  7  1  6  5  2
A59  179  4  7  5  1  6  2  3
A59  180  2 99 99  1 99  4  3
A59  181  4 99 99  1  2  3 99
A59  182  5  6  7  1  2  3  4
A59  183  5  6  7  1  2  3  4
A59  184  2 99 99  1 99 99  3
A59  185  3  2  7  1  5  6  4
A59  186 99 99 99  1  2 99  3
A59  187  2  4  6  1  7  5  3
A59  188  4  2  6  1  3  7  5
A59  189  4  6  7  1  5  3  2
A59  190  3  4 99  1 99  2 99
A59  191  3 99 99  1  4  2 99
A59  192  4 99 99  1 99  2  3
A59  193  2 99 99  1 99 99 99
A59  194  3  4  5  1  2  7  6
A59  195  4  3 99  1 99  2 99
A59  196  2 99 99  1  3  4 99
A59  197 99 99  3  1  2 99 99
A59  198 99  2  4  1 99  3 99
A59  199  2  3  5  1  6  7  4
A59  200 99  3 99  1  2  4 99
A59  201  4  3 99  1 99  2 99
A59  202 99 99 99  1  2 99 99
A59  203  3  2 99  1  4 99 99
A59  204 99 99 99  1  2 99  3
A59  205 99 99 99  1 99 99 99
A59  206 99  4 99  1 99  2  3
A59  207 99 99  4  1  2 99  3
A59  208 99  4 99  1  3  2 99
A59  209  3 99 99  1  2 99  4
A59  210  4  5  7  1  2  6  3
A59  211  3  7  6  1  5  2  4
A59  212 99 99 99  1 99 99 99
A59  213  3 99 99  1 99  2  4
A59  214  3  5  6  1  2  4  7
A59  215  2 99 99  1 99  3 99
A59  216  3 99 99  1 99  2 99
A59  217  5  2  6  1  7  3  4
A59  218  3  7  6  1  2  4  5
A59  219  3  7  6  1  2  4  5
A59  220  3 99 99  1 99  2 99
A59  221  3 99 99  1 99  2 99
A59  222  2 99 99  1 99  3 99
A59  223  2  3  7  1  6  4  5
A59  224  3  2  4  1  7  6  5
A59  225  5  7  6  1  2  3  4
A59  226  6  7  2  1  5  4  3
A59  227 99 99 99  1 99  2  3
A59  228 99 99 99  1  2 99  3
A59  229  4 99 99  1 99  2  3
A59  230 99 99 99  1  3 99  2
A59  231  4  5  2  1  6  7  3
A59  232 99  2 99  1  3  4 99
A59  233  4 99  2  1  3 99 99
A59  234  7  4  2  1  3  5  6
A59  235  2 99 99  1  4  3 99
A59  236  6  2  5  1  7  3  4
A59  237  4  5  6  1  2  3  7
A59  238  4 99 99  1 99  3  2
A59  239  5 99  3  1 99  2  4
A59  240  5 99  3  1 99  2  4
A59  241  7  2  6  1  3  4  5
A59  242  5  7  3  1  4  6  2
A59  243  6  2  7  1  5  3  4
A59  244 99 99 99  1 99 99  2
A59  245  7  6  5  1  2  3  4
A59  246 99 99 99  1 99 99  2
A59  247  3 99 99  1 99  2 99
A59  248 99 99 99  1 99  3  2
A59  249  3  7  4  1  2  5  6
A59  250  4  6  7  1  3  2  5
A59  251  2  5  3  1  4  6  7
A59  252 99  4 99  1 99  2  3
A59  253  2 99 99  1  3 99  4
A59  254  2  7  5  1  6  3  4
A59  255  1  7  5  4  6  3  2
A59  256  1 99 99  3 99  4  2
A59  257  1 99 99  3 99 99  2
A59  258  1 99  5  3 99  4  2
A59  259  1 99 99  4 99  3  2
A59  260  1 99 99  3  4 99  2
A59  261  1  7  2  4  5  6  3
A59  262  1  7  2  5  6  4  3
A59  263  1  6  2  5  7  3  4
A59  264  1  6  3  4  7  5  2
A59  265  1 99 99  4 99  2  3
A59  266  1  7  6  4  5  2  3
A59  267  1 99 99  4 99  2  3
A59  268  1 99 99  4 99  2  3
A59  269  1  5  6  4  7  2  3
A59  270  1  7  6  3  4  5  2
A59  271  1  5  7  4  6  3  2
A59  272  1  3  7  4  5  6  2
A59  273  1 99 99  4 99  3  2
A59  274  1 99 99  3 99 99  2
A59  275  1  5  2  4  6  3  7
A59  276  1  5  2  4  6  3  7
A59  277  1  4  2  3 99 99 99
A59  278  1 99  2  3 99  4 99
A59  279  1 99  2  4 99  3 99
A59  280  1 99  2  3 99  4 99
A59  281  1  4  2  3  6  5  7
A59  282  1 99  2  4 99  3 99
A59  283  1 99  2  3 99 99  4
A59  284  1  4  2  3  5  7  6
A59  285  1 99  3  4 99  2 99
A59  286  1 99  3  4 99  2 99
A59  287  1 99  2  4 99  3 99
A59  288  2 99  3 99  4 99  1
A59  289  5  6  7  4  3  2  1
A59  290  2  7  6  5  4  3  1
A59  291 99 99 99  4  3  2  1
A59  292  7  6  4  5  3  2  1
A59  293  5  6  7  3  2  4  1
A59  294  3 99 99 99  2  4  1
A59  295 99 99 99 99  2 99  1
A59  296  3  5  7  6  4  2  1
A59  297  2  6  7  5  3  4  1
A59  298  5  6  3  7  2  4  1
A59  299  2 99  4 99  3 99  1
A59  300  5  6  2 99  3  4  1
A59  301  3  5  4  6  2  7  1
A59  302  4  7  5  3  2  6  1
A59  303  6  5  7  4  3  2  1
A59  304  3  7  2  6  4  5  1
A59  305  4 99 99 99  2  3  1
A59  306  2 99 99  4  3 99  1
A59  307 99 99  3 99  2 99  1
A59  308 99  4 99  3  2 99  1
A59  309  2 99 99  4  3  5  1
A59  310  7  6  4  3  2  5  1
A59  311  6  7  2  5  3  4  1
A59  312  5  6  4 99  3  2  1
A59  313  7  5  6  4  2  3  1
A59  314  3 99  2 99  4 99  1
A59  315  4 99 99 99  3  2  1
A59  316 99 99  3  4  2 99  1
A59  317 99  4 99  3  2 99  1
A59  318  3 99 99 99  2 99  1
A59  319  3 99  4 99  2 99  1
A59  320  3  7  6  5  4  2  1
A59  321  2 99 99 99  3 99  1
A59  322  7  6  4  5  2  3  1
A59  323  4  5  2  6  3  7  1
A59  324 99 99 99 99  2 99  1
A59  325 99 99 99 99  2 99  1
A59  326  3  5  7  6  4  2  1
A59  327  2  6  7  5  4  3  1
A59  328  3 99 99 99  2 99  1
A59  329 99 99 99 99  2  3  1
A59  330  5  4  6  7  3  2  1
A59  331  4 99 99 99  3  2  1
A59  332  4  5  1  7  3  6  2
A59  333  4  5  1  6  3 99  2
A59  334  5  6  1  7  4  2  3
A59  335  6  5  1  7  4  2  3
A59  336  4  5  1  6  3  7  2
A59  337 99  4  1 99  3 99  2
A59  338  2  1  6  5  3  7  4
A59  339  2  1  5  6  4  3  7
A59  340  3  1 99 99  2  4 99
A59  341 99  1 99 99  3  4  2
A59  342  2  1  6  5  3  4  7
A59  343 99  2 99 99  3 99  1
A59  344  3  2  7  6  4  5  1
A59  345  4  3  6  7  5  2  1
A59  346  3  4  5  7  6  2  1
A59  347  3  1  6  5  2  7  4
A59  348  2  1 99 99  3 99 99
A59  349 99  1 99 99  2  3 99
A59  350  4  1  7  3  2  5  6
A59  351 99  1  3 99  4  2 99
A59  352  2  1  6  7  4  5  3
A59  353  3  4  1  7  5  2  6
A59  354  3  2  1  5  4  7  6
A59  355  3  2  1  6  5  7  4
A59  356  2  3  1  7  6  4  5
A59  357  3  4  1  7  5  2  6
A59  358  5  2  1  7  6  3  4
A59  359  4  2  1  5  3  6  7
A59  360  2  3  1 99  4 99 99
A59  361  4  2  1  5  3  7  6
A59  362  2  3  1  5  4  6  7
A59  363  2  3  1  7  5  4  6
A59  364  2  3  1 99  4 99 99
A59  365  2  3  1  7  5  6  4
A59  366  2  3  1 99  4 99 99
A59  367  2  3  1  7  6  5  4
A59  368  2  3  1  7  4  5  6
A59  369 99  3  1 99  4  2 99
A59  370  2  3  1  5  4  6  7
A59  371  2  3  1  7  4  6  5
A59  372  2  3  1  5  4  6  7
A59  373  4  2  1  7  5  3  6
A59  374  2  3  1  6  4  5  7
A59  375  2  4  1  7  6  3  5
A59  376  2  3  1 99  4  5 99
A59  377  2  3  1  6  4  5  7
A59  378  2  3  1  5  4  6  7
A59  379  2  3  1  5  4  7  6
A59  380 99  2  1  4  3 99 99
A59  381  2  3  1  7  6  4  5
A59  382  4  2  1  5  3  6  7
A59  383 99  2  1 99  3 99 99
A59  384  3  2  1  7  4  5  6
A59  385  3  2  1  7  4  5  6
A59  386  4  3  1  7  5  2  6
A59  387  3  4  1  6  5  2  7
A59  388  6  2  1  7  5  3  4
A59  389  2  3  1  5  4  6  7
A59  390  4  3  1  7  6  2  5
A59  391  4  1  5  7  3  2  6
A59  392  2  1 99 99  4  3 99
A59  393 99  1 99 99  2 99 99
A59  394 99  1  3 99  4  2 99
A59  395  3  1  4 99  5  2 99
A59  396  5  1 99 99  4  2  3
A59  397  2 99 99 99  1 99 99
A59  398  7  5  6  4  1  3  2
A59  399  2 99 99  3  1  4 99
A59  400  2  5  3 99  1  4 99
A59  401  3  7  2  5  1  6  4
A59  402  2 99 99 99  1  3 99
A59  403 99 99 99  3  1 99  2
A59  404  4 99  5  2  1 99  3
A59  405 99 99 99 99  1 99 99
A59  406  3  2  5  6  1  4  7
A59  407  2  7  3  6  1  5  4
A59  408  2  3 99  4  1 99 99
A59  409  6  7  5  2  1  3  4
A59  410  3 99 99  4  1  2 99
A59  411  2 99 99  4  1  3 99
A59  412  2  7  4  6  1  3  5
A59  413  2  3 99 99  1  4 99
A59  414 99  2  5  6  1  4  3
A59  415  3 99 99 99  1  2 99
A59  416  2  6  5  7  1  4  3
A59  417 99 99 99 99  1 99 99
A59  418  5  6  2  3  1  4  7
A59  419  2 99 99  3  1 99  4
A59  420 99 99 99 99  1 99  2
A59  421 99  2 99 99  1  4  3
A59  422  3  4 99 99  1  2 99
A59  423  3  4  7  5  1  2  6
A59  424  4  5  6  2  1  7  3
A59  425  2 99 99 99  1 99 99
A59  426  6  7  5  4  1  2  3
A59  427  4 99 99 99  1  2  3
A59  428 99 99 99  2  1 99  3
A59  429  2 99 99 99  1 99  3
A59  430  4  6  7  5  1  2  3
A59  431  3 99  4  2  1 99 99
A59  432  2  3 99 99  1  4 99
A59  433  2  4  3  5  1  7  6
A59  434 99 99  3 99  1  2 99
A59  435  2 99 99 99  1 99  3
A59  436  3 99  4  2  1 99 99
A59  437  2  5  6  7  1  3  4
A59  438  6  5  3  2  1  4  7
A59  439  2 99 99 99  1 99 99
A59  440  4 99  3  2  1 99 99
A59  441  2 99 99 99  1 99 99
A59  442  7  2  3  4  1  6  5
A59  443 99 99 99  2  1 99  3
A59  444  4 99 99  2  1  3 99
A59  445  3  4  5  2  1  6  7
A59  446  2  6  7  4  1  5  3
A59  447  4  3 99 99  1  2 99
A59  448 99 99 99  2  1 99 99
A59  449  4  3 99 99  1  2 99
A59  450  4  6  3  5  1  2  7
A59  451  2 99 99 99  1  3  4
A59  452 99 99 99  3  1  2  4
A59  453 99 99 99  2  1 99 99
A59  454  4  3 99 99  1  2 99
A59  455  2 99 99  4  1  3 99
A59  456  5  6  7  2  1  3  4
A59  457  2  7  5  6  1  3  4
A59  458  4  3  5  2  1  6  7
A59  459 99  2 99 99  1  4  3
A59  460  5  6  2  4  1  3  7
A59  461  5 99 99  4  1  2  3
A59  462  5  2  3  7  1  4  6
A59  463  2 99 99 99  1 99  3
A59  464 99 99  2 99  1 99  3
A59  465  3 99 99 99  1  4  2
A59  466  2 99  3 99  1 99 99
A59  467  2  3 99 99  1 99  4
A59  468 99 99  4 99  1  2  3
A59  469  5  6  3  7  1  2  4
A59  470  2 99 99  3  1 99 99
A59  471 99  2 99  3  1 99  4
A59  472  3  2  4  5  1  7  6
A59  473  5  6  3  7  1  2  4
A59  474  5  6  3  7  1  2  4
A59  475 99 99  2 99  1 99 99
A59  476  2  6  3  5  1  4  7
A59  477  3  7  4  2  1  6  5
A59  478 99 99 99 99  1 99 99
A59  479  2  5  6  7  1  3  4
A59  480  2 99 99  4  1  3 99
A59  481 99 99 99  2  1 99 99
A59  482 99 99 99  2  1 99 99
A59  483 99 99 99  2  1 99 99
A59  484 99 99 99  2  1 99 99
A59  485  5  4  6  3  1  2  7
A59  486  3 99 99 99  1  2 99
A59  487 99 99  2 99  1 99 99
A59  488  3  5  6  7  1  4  2
A59  489  3 99 99  4  1  2 99
A59  490  3 99 99 99  1  2 99
A59  491  3  5  6  7  1  4  2
A59  492  4  7  6  5  1  3  2
A59  493  2  3 99 99  1 99  4
A59  494  4  5  6  7  1  2  3
A59  495  4  3  6  2  1  5  7
A59  496  3  5  6  7  1  4  2
A59  497  2  4 99 99 99  1  3
A59  498  2 99  4 99  3  1 99
A59  499  5  4  7  2  6  1  3
A59  500 99 99 99  3  2  1 99
A59  501  2 99  3 99 99  1 99
A59  502  2 99  3 99 99  1 99
A59  503  3  4 99 99 99  1  2
A59  504  2 99 99  4  3  1 99
A59  505  3 99 99 99 99  1  2
A59  506  2  4  3  7  6  1  5
A59  507  2  5  7  3  6  1  4
A59  508  3  4 99  2 99  1 99
A59  509  3  6  7  5  4  1  2
A59  510  3  4  5  7  2  1  6
A59  511  3  7  4  2  6  1  5
A59  512 99 99 99 99 99  1 99
A59  513  6  7  4  5  2  1  3
A59  514  7  6  4  5  3  1  2
A59  515  2  3  4  5  6  1  7
A59  516 99  4 99  3  2  1 99
A59  517  2  3  4  6  7  1  5
A59  518  6  2  3  7  5  1  4
A59  519 99 99 99 99  2  1  3
A59  520  2  3  6  4  5  1  7
A59  521  3  2  4  5  7  1  6
A59  522  2 99  4 99  5  1  3
A59  523 99 99 99 99 99  1 99
A59  524  2 99 99 99 99  1 99
A59  525  2  4  3 99 99  1 99
A59  526  3 99 99  2  4  1 99
A59  527  3  7  4  2  6  1  5
A59  528  2  3 99 99  4  1 99
A59  529  4 99  2 99  3  1 99
A59  530  3 99 99 99  4  1  2
A59  531  2  4 99  3 99  1 99
A59  532  2 99 99 99  4  1  3
A59  533  4 99 99 99  3  1  2
A59  534  3  7  6  2  4  1  5
A59  535  2  4  3  7  5  1  6
A59  536 99 99 99  2 99  1 99
A59  537  2  3  7  4  6  1  5
A59  538  2 99 99  4 99  1  3
A59  539  2 99  3 99  4  1 99
A59  540  2  3 99 99 99  1  4
A59  541  4  5  7  6  2  1  3
A59  542  4  3  5 99  2  1 99
A59  543  2  7  3  6  4  1  5
A59  544 99  2  3 99  4  1 99
A59  545  3  4  5  7  6  1  2
A59  546  5  7  4  2  3  1  6
A59  547  3  5  7  6  4  1  2
A59  548  4  3  2  5  6  1  7
A59  549  4  5 99  2  3  1 99
A59  550  2 99  4  3 99  1 99
A59  551  5  4  6  7  2  1  3
A59  552  3 99 99  2  4  1 99
A59  553  2  6  4  7  5  1  3
A59  554  2  5  6  3  7  1  4
A59  555  2 99 99  3 99  1 99
A59  556 99 99  3  2  4  1 99
A59  557  2 99 99 99  3  1 99
A59  558 99 99 99  3 99  1  2
A59  559  2  4  6  5  3  1  7
A59  560  3  2 99  4 99  1 99
A59  561  4  3  2 99 99  1 99
A59  562  2  3 99 99 99  1  4
A59  563  3  4 99 99 99  1  2
A59  564  2  6  7  4  3  1  5
A59  565 99  2 99  4  3  1 99
A59  566 99  2 99  3  4  1 99
A59  567  3 99 99  2 99  1  4
A59  568  3 99 99  2 99  1  4
A59  569  2  7  6  4  5  1  3
A59  570  2  5  4  3  6  1  7
A59  571 99 99  2 99 99  1 99
A59  572  2 99 99 99 99  1 99
A59  573  3 99 99  2  4  1 99
A59  574 99 99  2 99 99  1 99
A59  575 99 99 99 99  2  1  3
A59  576  2  3  7  5  6  1  4
A59  577  2  3  6  5  7  1  4
A59  578  2 99 99  4  5  1  3
A59  579  2  3  6  4  5  1  7
A59  580  3 99 99 99  4  1  2
A59  581 99  2 99 99  3  1 99
A59  582 99 99 99  3 99  1  2
A59  583  2 99 99  3 99  1 99
A59  584  2  6  4  7  5  1  3
A59  585  6  5  4  7  3  1  2
A59  586  5  7  6  2  3  1  4
A59  587  2  6  5  7  3  1  4
A59  588  2  5  6  7  4  1  3
A59  589  4 99 99  2  3  1 99
A59  590  6  5  7  3  4  1  2
A59  591  4  6  7  3  2  1  5
A59  592 99 99 99  2  3  1 99
A59  593  3  2 99  4 99  1  5
A59  594  2  3 99 99 99  1 99
A59  595  2  7  3  5  4  1  6
A59  596  4 99 99 99  3  1  2
A59  597 99  3  2  4 99  1 99
A59  598 99  2 99 99 99  1  3
A59  599  3  6  7  5  4  1  2
A59  600  2  3  5 99 99  1  4
A59  601  2 99 99 99 99  1 99
A59  602  6  5  7  4  3  1  2
A59  603  2  4 99 99  5  1  3
A59  604 99 99 99 99 99  1 99
A59  605  6  7  5  3  4  1  2
A59  606  2 99 99  3 99  1  4
A59  607 99 99 99 99 99  1  2
A59  608 99 99 99 99 99  1  2
A59  609 99 99 99 99 99  1  2
A59  610 99 99 99 99 99  1  2
A59  611 99 99  2 99 99  1 99
A59  612  3 99 99  2 99  1 99
A59  613 99  4  3 99  2  1 99
A59  614 99 99  4 99  2  1  3
A59  615  2  6  7  3  4  1  5
A59  616  2 99 99  4 99  1  3
A59  617  4 99 99  5  3  1  2
A59  618  2  3  4 99  5  1 99
A59  619  2  3 99  4 99  1 99
A59  620  2 99 99  3 99  1  4
A59  621  2 99 99 99  3  1  4
A59  622 99  4 99  3 99  1  2
A59  623 99  4 99  3 99  1  2
A59  624  3 99 99  2 99  1 99
A59  625  2  3 99 99 99  1 99
A59  626  2  5  7  3  6  1  4
A59  627  2  3 99 99 99  1 99
A59  628  3 99 99  2 99  1  4
A59  629  2  3  5  4  6  1  7
A59  630  2  6  7  3  4  1  5
A59  631  7  6  4  5  3  1  2
A59  632  2 99 99  3 99  1 99
A59  633  2  3 99  4 99  1 99
A59  634  4 99  3  2 99  1 99
A59  635  2  4  7  3  5  1  6
A59  636  2 99 99 99 99  1 99
A59  637  2  5 99  4  3  1 99
A59  638  3  6  7  4  2  1  5
A59  639  2  5  7  4  3  1  6
A59  640  3  2  4  7  5  1  6
A59  641  2  4  5  6  3  1  7
A59  642  2  3 99 99 99  1  4
A59  643  2  5  6  3  4  1  7
A59  644  2  3  7  4  6  1  5
A59  645  3  2 99  4 99  1 99
A59  646  3 99 99 99  2  1 99
A59  647  4  6  3  2  7  1  5
A59  648 99  3 99 99  2  1 99
A59  649  2  7  5  3  4  1  6
A59  650  2  4  7  6  5  1  3
A59  651  2 99 99  4  3  1 99
A59  652  2  3  7  4  6  1  5
A59  653 99 99 99 99 99  1  2
A59  654  2  3 99 99  4  1 99
A59  655  4 99 99  3 99  1  2
A59  656  6  4  2  5  3  1  7
A59  657  2  6  5  3  7  1  4
A59  658  2  3 99 99  4  1 99
A59  659  2  3 99 99  4  1 99
A59  660  2  3  5  7  4  1  6
A59  661  4  2  5  3  6  1  7
A59  662  2 99 99  3  4  1 99
A59  663  2  3  4  5  7  1  6
A59  664  2 99  3 99 99  1 99
A59  665  2 99 99 99  3  1  4
A59  666  4  5  6  3  7  1  2
A59  667  2  5  7  6  3  1  4
A59  668  5  2  4  3  6  1  7
A59  669  6  7  4  3  2  1  5
A59  670  2  6  7  4  3  1  5
A59  671  3 99 99  2 99  1 99
A59  672  2  5  4  3  7  1  6
A59  673  2  3 99  4 99  1 99
A59  674  2  3 99 99 99  1 99
A59  675  4 99  3 99 99  1  2
A59  676  5  3  6  2  7  1  4
A59  677  4  5  3  2  6  1  7
A59  678  2  3 99  4 99  1 99
A59  679  2  4  6  3  7  1  5
A59  680  3 99 99  2 99  1  4
A59  681  2  4  5  3 99  1 99
A59  682 99  4 99  2  3  1 99
A59  683 99  3  2 99 99  1 99
A59  684  1 99  1  1 99  1 99
A59  685 99  1 99  1  1  1 99
A59  686 99 99 99 99 99  1  1
A59  687  1 99 99  1  1  1 99
A59  688  1  1 99  1  1 99 99
A59  689 99  1 99 99  1 99 99
A59  690 99 99 99 99 99  1  1
A59  691  1 99  1  1 99 99  1
A59  692  1  1 99  1 99 99  1
A59  693  1  2 99  1  1  2 99
A59  694  4  7  1  5  3  1  2
