 A6  280 PR ASN VOTERS ELECT (5) OUT OF  9 (BY STV).                       
  6    1  9  5  4  6  1  2  3  8  7
  6    2  6  9  7  5  1  3  2  4  8
  6    3  5  3  4  9  1  7  8  2  6
  6    4  3  8  4  7  1  6  5  5  2
  6    5 99 99 99 99  1 99  2 99  3
  6    6  2  3 99  4  1 99 99  5 99
  6    7  4  3  6  8  1  9  7  5  2
  6    8 99  2 99 99  1  3 99 99 99
  6    9  9  8  7  6  1  3  2  5  4
  6   10  9  8  6  5  1  2  7  3  4
  6   11  9  8  7  6  1  5  3  4  2
  6   12  8  9  6  5  1  3  4  7  2
  6   13  4  5  6  7  1  9  8  3  2
  6   14  2  8  5  7  1  4  6  9  3
  6   15  3  7  6  2  1  4  8  9  5
  6   16  3  2  5  6  1  9  7  4  8
  6   17 99 99 99 99  1 99 99 99 99
  6   18  5  4  2 99  1 99 99 99  3
  6   19  7  8  3  2  1  6  4  5  9
  6   20  6  8  3  5  1  2  7  9  4
  6   21  3 99  2 99  1 99 99 99 99
  6   22  6  7  3  9  1  2  5  8  4
  6   23  7  5  8  3  1  4  9  6  2
  6   24  9  3  5  2  1  6  7  4  8
  6   25  6  9  8  3  1  4  5  2  7
  6   26  6  9  8  3  1  4  5  2  7
  6   27  6  9  8  3  1  4  5  2  7
  6   28  6  9  8  3  1  4  5  2  7
  6   29  3  4  5  6  1  7  9  2  8
  6   30  8  6  2  7  1  3  4  5  9
  6   31  4  3  9  7  1  5  6  2  8
  6   32  7  5  3  9  1  6  4  2  8
  6   33  8  3  4  9  1  7  5  6  2
  6   34  5  4  2  3  1  8  9  6  7
  6   35  2  4  5  3  1  7  6  8  9
  6   36  4 99  3  5  1 99 99  2 99
  6   37  6  5  3  4  1 99 99  2 99
  6   38  5  8  4  9  1  7  6  2  3
  6   39  6  4  2  3  1  7  8  5  9
  6   40  6  4  5  9  1  2  3  7  8
  6   41 99 99 99  3  2  4 99  5  1
  6   42  3 99  4 99  2 99 99 99  1
  6   43  5  4  9  3  2  7  8  6  1
  6   44  6  7  3  4  2  8  9  5  1
  6   45  3  7  6  4  2  5  9  8  1
  6   46 99  5 99 99  2  3  4 99  1
  6   47  9  8  7  6  2  3  4  5  1
  6   48  5  7  3  8  2  6  9  4  1
  6   49  3 99 99 99  2  5  4 99  1
  6   50  7  4  3  1  2  9  5  6  8
  6   51  1 99  6  2  3  4 99  7  5
  6   52  1  5  3  4  2  7  6  8  9
  6   53  2  1 99 99 99 99 99  3 99
  6   54 99  1 99 99 99 99 99  2 99
  6   55 99  1 99 99 99 99 99  2  3
  6   56 99  1 99 99 99 99 99  2 99
  6   57  6  1  7  2  3  4  8  9  5
  6   58  6  1  7  8  5  3  9  4  2
  6   59  9  6  7  8  2  1  5  4  3
  6   60 99 99  5  4  6  1  3 99  2
  6   61 99 99  3 99  4  1  5 99  2
  6   62  2  6  5  7  4  1  9  8  3
  6   63  3 99  5 99 99  1  4 99  2
  6   64  2 99 99 99 99  1 99 99 99
  6   65 99 99 99 99 99  1 99 99  2
  6   66 99 99  2 99 99  1 99 99 99
  6   67  9  8  2  3  7  1  5  6  4
  6   68  5  9  4  2  6  1  3  8  7
  6   69  9  8  4  5  7  1  2  6  3
  6   70  7  8  9  4  3  1  5  6  2
  6   71  5  7  9  6  8  1  4  3  2
  6   72  9  4  8  5  3  1  6  7  2
  6   73  9  8  6  7  4  1  2  5  3
  6   74  9  8  7  4  6  1  3  2  5
  6   75 99 99 99 99 99  1  2 99  3
  6   76  7 99  4  6  5  1  2 99  3
  6   77  9  3  8  7  2  1  6  4  5
  6   78 99 99 99 99 99  1  3 99  2
  6   79  6  7  4  8  9  2  3  5  1
  6   80  9  8  4  6  5  2  3  7  1
  6   81  9  5  3  8  6  2  4  7  1
  6   82 99 99  3 99  5  2  4 99  1
  6   83  7  6  3  5  9  2  4  8  1
  6   84 99 99  4  5 99  2  3 99  1
  6   85  5  6  9  8  7  2  4  3  1
  6   86  6  8  9  4  3  2  5  7  1
  6   87 99  3 99 99 99  2  4 99  1
  6   88 99 99  3 99  5  2  4 99  1
  6   89  8  6  3  5 99  2  4  7  1
  6   90  4 99  6 99  5  2  3 99  1
  6   91  4 99  6  7  5  2  3 99  1
  6   92  4 99 99 99 99  2  3 99  1
  6   93  7  6  4  8  5  2  9  3  1
  6   94  9  6  5  7  3  2  8  4  1
  6   95  5  8  7  6  4  2  3  9  1
  6   96 99  5  4  6 99  2  3 99  1
  6   97 99 99 99 99 99  2  3 99  1
  6   98  9  8  5  6  3  2  7  4  1
  6   99  3  5  4  7  9  2  6  8  1
  6  100 99 99  3 99  4  2 99 99  1
  6  101  4  9  7  2  8  3  5  6  1
  6  102 99 99 99  1 99  3 99 99  2
  6  103 99 99 99  1 99  3  4 99  2
  6  104  2  6  7  8  9  3  4  5  1
  6  105  1 99 99 99 99  3  4 99  2
  6  106  1  9  7  8  4  3  5  6  2
  6  107  1 99  4 99 99  3  5 99  2
  6  108  6  1  7  4  5  8  9  2  3
  6  109  3  1  5  6  7  8  9  2  4
  6  110  5  1  6  2  3  7  9  4  8
  6  111  8  2  5  1  9  6  7  3  4
  6  112  3  1  4 99 99 99 99  2 99
  6  113  4  1  3  5  6 99 99  2 99
  6  114 99 99 99 99 99 99 99 99  1
  6  115 99 99 99 99 99 99 99 99  1
  6  116 99 99 99 99 99 99 99 99  1
  6  117 99 99 99 99 99 99 99 99  1
  6  118 99  1  4  5  3 99 99 99  2
  6  119 99  1 99 99 99 99 99  2 99
  6  120 99  1 99 99  3 99 99  2  4
  6  121 99  2 99  1 99 99 99  3 99
  6  122  3  1 99 99  4 99 99  2  5
  6  123 99 99 99  1 99 99 99 99 99
  6  124  7  8  2  9  5  6  4  1  3
  6  125  7  2  4  6  5  8  9  1  3
  6  126  3  2  4  5  8  7  6  1  9
  6  127  6  2  3  5  4  9  8  1  7
  6  128  6  2  4  7  5  8  9  1  3
  6  129  6  3  2  4  8  9  5  1  7
  6  130 99  4  5  3  2 99 99  1 99
  6  131 99  2 99 99 99  3 99  1 99
  6  132 99  2 99 99 99 99 99  1 99
  6  133  3  2  6  4  5  9  8  1  7
  6  134 99  3  2 99 99 99 99  1 99
  6  135  3  2  6  4  8  9  7  1  5
  6  136  8  9  3  5  4  6  7  1  2
  6  137  3  2 99 99 99 99 99  1  4
  6  138  3  5  6  2  4  9  8  1  7
  6  139  9  2  3  4  5  8  7  1  6
  6  140  6  4  5  3  2  8  7  1  9
  6  141 99  2  4 99 99  3 99  1  5
  6  142  6  3  4  5  2 99 99  1 99
  6  143  8  3  2  5  7  9  4  1  6
  6  144 99  3 99 99 99 99 99  1  2
  6  145  5  4  7  3  2  8  9  1  6
  6  146  4  2  6  5  3  7  9  1  8
  6  147  6  5  3 99 99 99  4  1  2
  6  148  4  2  3  6  5 99 99  1 99
  6  149  7  5  6  4  3  8  9  1  2
  6  150  8  2  3  6  4  5  9  1  7
  6  151  3  5  6  7  4  8  2  1  9
  6  152  4  3  7  6  9  8  5  1  2
  6  153  5  7  8  2  9  6  4  1  3
  6  154  5  6  2  7  3  8  9  1  4
  6  155  6  2  7  3  8  9  4  1  5
  6  156  9  3  8  4  7  5  6  2  1
  6  157 99 99  3  4 99  5  6  2  1
  6  158  3 99 99 99 99 99 99  2  1
  6  159  5  4  6  3  7  9  8  2  1
  6  160  6  3  4  5  8  9  7  2  1
  6  161  7  6  8  9  5  3  4  2  1
  6  162  4  3  5  9  7  6  8  2  1
  6  163  5  6  4  8  3  7  9  2  1
  6  164  4  3  5 99  6 99 99  2  1
  6  165 99 99  4 99 99  3 99  2  1
  6  166  3  4  7  8  9  5  6  2  1
  6  167  7  4  8  2  5  9  6  3  1
  6  168  9  4  6  2  5  8  7  3  1
  6  169  3  6  5  1  9  7  8  2  4
  6  170  7  6  5  1  3  8  9  2  4
  6  171 99 99  4  1 99 99 99  2  3
  6  172  2 99 99  5  4 99 99  3  1
  6  173  1  5  3  4 99 99 99  2 99
  6  174  2  5  6  7  8  9  3  4  1
  6  175  5  4  1 99 99 99 99  3  2
  6  176  3  2  1  7  6  9  8  5  4
  6  177  7  2  1  3  4  8  9  5  6
  6  178  6  3  1  7  4  5  9  2  8
  6  179  6  3  1  4  5  8  9  2  7
  6  180  2  7  1  6  5  3  4  8  9
  6  181  6  4  1  5  3  9  7  2  8
  6  182  4 99  1  5 99  3 99  2 99
  6  183  4 99  1  5  3 99 99  2 99
  6  184  4  3  1  6  5  7  8  2  9
  6  185  8  7  1  5  2  9  6  3  4
  6  186  9  8  1  7  5  3  4  6  2
  6  187  9  2  1  7  6  5  3  8  4
  6  188  5  6  1  4  3 99 99  2 99
  6  189 99  5  1 99  2  4 99  3 99
  6  190  8  3  1  6  2  5  7  4  9
  6  191  6  2  1  5  3  7  8  4  9
  6  192  3  4  1  5  7  8  9  2  6
  6  193  2  4  1  7  5  6  8  3  9
  6  194  6  8  1  3  2  7  5  4  9
  6  195  6  4  1  5  2  7  9  3  8
  6  196  6  4  1  5  2  3 99  7 99
  6  197  4  3  1 99 99 99 99 99  2
  6  198  7  8  1  2  3  9  6  5  4
  6  199  3  4  1  5  9  2  7  6  8
  6  200  4  3  1  5  7  2  8  6  9
  6  201  2 99  1 99 99 99 99 99 99
  6  202  2  4  1 99 99 99 99 99  3
  6  203 99  3  1 99  4 99 99  2 99
  6  204  7  8  1  3  2  4  9  6  5
  6  205  7  8  2  6  9  4  3  5  1
  6  206  9  7  2  3  4  8  5  6  1
  6  207 99 99  2 99  3  4  5  6  1
  6  208  8  7  2  5  4  3  9  6  1
  6  209  4  7  2  8  6  5  3  9  1
  6  210  3 99  2 99  4  5 99 99  1
  6  211  4  5  2  6  7  8  9  3  1
  6  212 99 99  2  3  4 99  5 99  1
  6  213  3 99  2 99  4 99 99  5  1
  6  214  3  7  2  9  5  6  4  8  1
  6  215  7  8  2  4  5  3  9  6  1
  6  216  8  7  2  6  5  3  4  9  1
  6  217  9  7  2  4  3  6  8  5  1
  6  218 99 99  2 99  4  3 99 99  1
  6  219  5  4  2  6  7  3  8  9  1
  6  220  8  7  3  1  9  5  4  6  2
  6  221  2  7  3  9  6  5  4  8  1
  6  222  2 99  3  7  6  4 99  5  1
  6  223  2  4  3  6  5  7  8  9  1
  6  224  1  4  3 99 99 99  5 99  2
  6  225  3  2  4  5  6  7  8  9  1
  6  226  2  3  6  5  4  8  9  7  1
  6  227  6  1  2  3  9  8  7  4  5
  6  228  8  1  2  5  4  6  9  3  7
  6  229  1  2  3  4  5 99 99  6 99
  6  230  1  2  3  4  5  8  6  7  9
  6  231  1  4 99  2 99 99  3 99  5
  6  232  1  3 99 99 99  6  5  4  2
  6  233  1  3  8  7  5  9  2  6  4
  6  234  2  4  9  3  5  7  6  8  1
  6  235  2  1  5  8  9  4  3  7  6
  6  236  1  2  5  9  8  7  4  6  3
  6  237  2  4  9  1  6  8  5  7  3
  6  238  9  8  7  5  6  3  2  4  1
  6  239 99  4  3  5 99 99  2 99  1
  6  240  4  9  5  7  6  8  2  3  1
  6  241  3  5  4  8  9  6  2  7  1
  6  242  7  6  5  8  4  3  2  9  1
  6  243 99 99  4 99  3 99  2 99  1
  6  244  7  4  8  5  6  3  2  9  1
  6  245  3 99 99 99 99  4  2 99  1
  6  246  9  7  8  5  6  4  2  3  1
  6  247  4  3  9  8  7  6  2  5  1
  6  248  4 99  5 99 99  3  2 99  1
  6  249 99 99 99 99 99  3  2 99  1
  6  250  6 99  3 99  4  5  2 99  1
  6  251  5 99  4 99 99  3  2 99  1
  6  252  5  6  4  8  7  3  2  9  1
  6  253  4  7  6  8  9  3  2  5  1
  6  254  3  4  6  7  5  8  2  9  1
  6  255 99  3 99  4 99 99  2  5  1
  6  256  8  6  4  5  7  3  2  9  1
  6  257  7  6  5  9  3  4  2  8  1
  6  258  4  3 99  1 99 99  2 99 99
  6  259  2  5  7  4  6  8  3  9  1
  6  260  2  7  8  6  4  5  3  9  1
  6  261  1  4 99 99 99 99  3 99  2
  6  262 99 99 99  3 99  4  1  5  2
  6  263  4  5 99 99  6  2  1 99  3
  6  264 99 99 99 99 99  2  1 99  3
  6  265 99 99 99 99 99 99  1 99  2
  6  266  2 99 99  4  5 99  1 99  3
  6  267  5  7  3  8  4  6  1  9  2
  6  268 99 99 99 99 99 99  1 99  2
  6  269 99 99  3  2 99 99  1  5  4
  6  270  8  7  9  6  5  3  1  4  2
  6  271  6  9  7  4  5  3  1  8  2
  6  272  7  8  6  2  4  9  1  3  5
  6  273 99  3 99 99 99  4  1 99  2
  6  274 99 99 99 99 99 99  1 99  2
  6  275  3  7  4  9  6  2  1  8  5
  6  276  6  5  8  7  2  9  1  3  4
  6  277  4  6  5  7  8  2  1  9  3
  6  278  1 99 99 99 99 99 99 99 99
  6  279  9  1  3  4  7  8  6  2  5
  6  280  9  2  5  1  6  8  7  3  4
