A60  197 CORP   VOTERS ELECT  1  FROM  6  BY STV
A60    1 99  1 99 99 99 99
A60    2 99  1 99 99 99 99
A60    3 99  1 99 99 99 99
A60    4 99  1 99 99 99 99
A60    5 99  1 99 99 99 99
A60    6 99  1 99 99 99 99
A60    7 99  1 99 99 99 99
A60    8 99  1  3  2 99 99
A60    9 99 99 99  1 99 99
A60   10 99 99 99  1 99 99
A60   11 99 99 99  1 99 99
A60   12 99 99 99  1 99 99
A60   13 99 99 99  1 99 99
A60   14 99 99 99  1 99 99
A60   15 99 99 99  1 99 99
A60   16 99 99  1 99 99 99
A60   17 99 99  1 99 99 99
A60   18 99 99  1 99 99 99
A60   19 99 99  1 99 99 99
A60   20 99 99  1 99 99 99
A60   21 99 99  1 99 99 99
A60   22 99 99 99 99 99 99
A60   23 99 99  2  1  3 99
A60   24 99  3 99  1  2 99
A60   25 99 99  1 99  2 99
A60   26 99  3  1 99  2 99
A60   27 99 99  2  3  1 99
A60   28 99 99 99 99  1 99
A60   29 99 99  3  2  1 99
A60   30 99 99 99 99  1 99
A60   31 99  2 99  3  1 99
A60   32 99 99  3  2  1 99
A60   33 99 99  3  2  1 99
A60   34 99 99 99  1  2  3
A60   35 99 99 99 99  1  2
A60   36  3  6  5  4  1  2
A60   37 99 99 99 99  1  2
A60   38  5  6  4  2  1  3
A60   39  4  3  6  5  1  2
A60   40 99 99 99 99  1  2
A60   41  4  5  6  2  1  3
A60   42 99 99 99 99  1  2
A60   43  6  3  2  4  1  5
A60   44  5  6  4  2  1  3
A60   45 99 99 99 99  1  2
A60   46 99 99  1 99  2  3
A60   47  6  2  1  4  3  5
A60   48 99 99 99  3  2  1
A60   49  3 99 99  2 99  1
A60   50 99 99 99 99 99  1
A60   51 99  2 99  3 99  1
A60   52 99 99 99 99 99  1
A60   53 99  2  3 99 99  1
A60   54 99 99 99 99 99  1
A60   55 99 99 99 99 99  1
A60   56  2  4  5  3  6  1
A60   57 99 99 99 99 99  1
A60   58 99 99 99 99 99  1
A60   59 99 99 99 99 99  1
A60   60 99 99 99 99 99  1
A60   61 99 99  3 99  2  1
A60   62 99 99 99 99 99  1
A60   63  5  6  4  2  3  1
A60   64  2 99  3 99 99  1
A60   65 99 99 99 99 99  1
A60   66 99 99 99 99  2  1
A60   67  2 99  3 99 99  1
A60   68 99 99 99 99 99  1
A60   69 99 99 99 99 99  1
A60   70  2 99  3 99 99  1
A60   71  6  5  4  2  3  1
A60   72 99 99 99 99 99  1
A60   73 99 99 99 99 99  1
A60   74  4  5  6  3  2  1
A60   75 99 99 99  2 99  1
A60   76  5  3  4  6  2  1
A60   77 99 99 99 99  2  1
A60   78 99 99 99 99 99  1
A60   79 99 99 99 99 99  1
A60   80 99 99 99 99 99  1
A60   81  4  2  3  5  6  1
A60   82  6  3  2  4  5  1
A60   83 99 99 99 99 99  1
A60   84  5  6  3  2  4  1
A60   85 99 99 99  3  2  1
A60   86  3 99 99 99  2  1
A60   87 99 99 99 99 99  1
A60   88 99 99 99 99 99  1
A60   89 99 99 99 99 99  1
A60   90  3 99 99 99  2  1
A60   91 99 99  1 99  3  2
A60   92 99 99  1 99 99  2
A60   93 99 99  1  3 99  2
A60   94 99 99  1  3 99  2
A60   95 99  1 99  2 99  3
A60   96 99 99  3  1 99  2
A60   97  3  4  5  1  6  2
A60   98 99 99  2  1 99  3
A60   99  5  3  2  1  6  4
A60  100  5  2  4  1  6  3
A60  101 99 99 99  1 99  2
A60  102  3 99 99  1  2 99
A60  103  5  4  1  2  3  6
A60  104  2  4  5  6  1  3
A60  105  2 99 99  3  1 99
A60  106  2 99 99 99  1 99
A60  107  3 99 99  2  1 99
A60  108  2 99 99 99  1 99
A60  109  2  5  3  6  1  4
A60  110  2 99 99 99  1 99
A60  111  2 99 99  3  1 99
A60  112  2 99 99 99  1 99
A60  113  2  5  3  4  1  6
A60  114  1  4  3  2  4  5
A60  115  1 99 99 99 99 99
A60  116  1 99 99 99 99 99
A60  117  1 99 99 99 99 99
A60  118  1  2  3  6  5  4
A60  119  1  3  4  2  5  6
A60  120  1 99 99  2 99  3
A60  121  1 99  4  3  2 99
A60  122  1 99  3  2 99 99
A60  123  1 99 99 99  2  3
A60  124  1 99 99  3 99  2
A60  125  1 99  2  3 99 99
A60  126  1  2  4  5  6  3
A60  127  1 99 99 99 99 99
A60  128  1 99 99 99 99 99
A60  129  1 99 99 99  2 99
A60  130  1 99 99 99 99 99
A60  131  1 99  3  2 99 99
A60  132  1  3  5  4  6  2
A60  133  1 99 99 99 99 99
A60  134  1 99 99 99 99 99
A60  135  1  5  2  6  4  3
A60  136  1  3  4  5  6  2
A60  137  1 99 99 99 99 99
A60  138  1  6  4  5  3  2
A60  139  1 99 99 99 99 99
A60  140  1 99 99 99 99  2
A60  141  1  2  3 99 99 99
A60  142  1  6  3  5  4  2
A60  143  1  3  4  2  6  5
A60  144  1 99 99 99 99 99
A60  145  1 99 99 99 99 99
A60  146  1 99  2 99 99 99
A60  147  1  3  4  6  2  5
A60  148  1 99  2  3 99 99
A60  149  1  6  5  2  3  4
A60  150  1 99  2 99 99 99
A60  151  1  3  2  4  6  5
A60  152  1 99 99 99 99 99
A60  153  1 99  2 99  3 99
A60  154  1 99 99 99 99 99
A60  155  1 99 99 99 99  2
A60  156  1  5  4  6  2  3
A60  157  1  2 99  3 99 99
A60  158  1  6  3  4  2  5
A60  159  1  3  2  4  6  5
A60  160  1 99 99 99 99 99
A60  161  1  3  5  6  2  4
A60  162  1  4  5  2  6  3
A60  163  1 99  2 99 99 99
A60  164  1  5  4  3  2  6
A60  165  1 99  2 99 99 99
A60  166  1 99 99 99 99 99
A60  167  1  3  2  5  4  6
A60  168  1 99 99 99  2 99
A60  169  1 99 99 99  2 99
A60  170  1 99 99 99  2 99
A60  171  1  2 99 99  3 99
A60  172  1 99  2  3 99 99
A60  173  1  5  2  3  6  4
A60  174  1  2  6  4  5  3
A60  175  1 99 99 99 99  2
A60  176  1 99  4  3  2 99
A60  177  1 99 99 99 99 99
A60  178  1 99  3  2 99 99
A60  179  1 99 99  3  2 99
A60  180  1  2 99 99  3 99
A60  181  1 99 99 99 99  2
A60  182  2  1  3  4  5  6
A60  183  2  1  3 99 99 99
A60  184  2 99  1 99 99 99
A60  185  2  5  1  6  3  4
A60  186  2 99  1 99  3 99
A60  187  2 99  1 99  3 99
A60  188  2 99  1  3 99 99
A60  189  2 99  1 99  3 99
A60  190  2 99  1  3 99 99
A60  191  3 99  1  2 99 99
A60  192  2  6  5  1  4  3
A60  193  3  2 99  1 99 99
A60  194  2  5  6  1  3  4
A60  195  2  4  6  1  5  3
A60  196  2  4  3  1  6  5
A60  197  2 99 99  1 99  3
