A61  199 CORP   VOTERS ELECT  1  FROM  4  BY STV
A61    1  2 99  3  1
A61    2 99 99 99  1
A61    3 99  2  3  1
A61    4  2  3 99  1
A61    5  1  3 99  2
A61    6  2 99  1  3
A61    7  4  2  1  3
A61    8  2  1 99  3
A61    9  2  1 99 99
A61   10 99  1  2 99
A61   11 99  1  2 99
A61   12 99  1  2 99
A61   13 99 99  1 99
A61   14 99 99  1 99
A61   15 99  2  1 99
A61   16 99 99  1 99
A61   17 99  2  1 99
A61   18 99 99  1 99
A61   19 99 99  1 99
A61   20 99 99  1 99
A61   21 99 99  1 99
A61   22 99 99  1 99
A61   23 99 99  1 99
A61   24 99 99  1 99
A61   25 99  2  1 99
A61   26 99  2  1 99
A61   27 99 99  1 99
A61   28 99 99  1 99
A61   29 99 99  1 99
A61   30 99 99  1 99
A61   31 99 99  1 99
A61   32 99 99  1 99
A61   33 99 99  1 99
A61   34 99 99  1 99
A61   35 99 99  1 99
A61   36 99 99  1 99
A61   37 99 99  1 99
A61   38 99  3  1  2
A61   39  3  4  1  2
A61   40 99  3  1  2
A61   41 99  3  1  2
A61   42 99 99  1  2
A61   43 99 99  1  2
A61   44 99 99  1  2
A61   45 99 99  1  2
A61   46  4  3  1  2
A61   47  3 99  1  2
A61   48 99  3  1  2
A61   49 99  2  1  3
A61   50  3 99  1  2
A61   51  2  4  3  1
A61   52  4  2  3  1
A61   53  3  4  2  1
A61   54 99  3  2  1
A61   55 99 99 99  1
A61   56  3  2 99  1
A61   57  2 99  3  1
A61   58  3 99  2  1
A61   59  2  4  3  1
A61   60  2  4  3  1
A61   61  2  3  4  1
A61   62  2  3  4  1
A61   63  2 99 99  1
A61   64  4  3  2  1
A61   65  2 99 99  1
A61   66  3  4  2  1
A61   67 99  2  3  1
A61   68  2 99 99  1
A61   69 99 99 99  1
A61   70 99 99  2  1
A61   71  2  4  3  1
A61   72  2 99 99  1
A61   73  2 99 99  1
A61   74  2 99 99  1
A61   75 99 99 99  1
A61   76 99 99  2  1
A61   77 99 99 99  1
A61   78  2  3 99  1
A61   79 99 99 99  1
A61   80  3 99  2  1
A61   81 99  2 99  1
A61   82  2 99  3  1
A61   83 99 99 99  1
A61   84  2  3 99  1
A61   85 99 99 99  1
A61   86  2 99 99  1
A61   87 99 99 99  1
A61   88 99 99 99  1
A61   89  2  3 99  1
A61   90  2 99 99  1
A61   91  2 99  3  1
A61   92 99  3  2  1
A61   93 99 99 99  1
A61   94  2 99  3  1
A61   95 99 99 99  1
A61   96 99 99 99  1
A61   97  2 99 99  1
A61   98  3  4  2  1
A61   99  2  3 99  1
A61  100  2  3 99  1
A61  101 99 99 99  1
A61  102 99 99 99  1
A61  103  2 99  3  1
A61  104  2  4  3  1
A61  105  2 99 99  1
A61  106  2 99 99  1
A61  107 99  2  3  1
A61  108 99 99 99  1
A61  109  3 99  2  1
A61  110 99 99  2  1
A61  111 99  2 99  1
A61  112 99  2  3  1
A61  113  2  4  3  1
A61  114  2 99  3  1
A61  115 99 99 99  1
A61  116 99 99 99  1
A61  117  2 99 99  1
A61  118  2  3 99  1
A61  119 99 99 99  1
A61  120 99 99 99  1
A61  121  4  1  3  2
A61  122 99  1 99 99
A61  123 99  1 99 99
A61  124 99  1 99 99
A61  125 99  1 99 99
A61  126 99  1 99 99
A61  127 99  1 99 99
A61  128 99  1 99 99
A61  129 99  1 99 99
A61  130 99  1 99 99
A61  131  3  1  2  4
A61  132  3  1  2  4
A61  133  3  1  2 99
A61  134  2  4  1  3
A61  135  2 99  1 99
A61  136  2  3  1  4
A61  137  2  4  1  3
A61  138  2  4  1  3
A61  139  2  4  1  3
A61  140  2 99  1 99
A61  141  2 99  1 99
A61  142  2 99  1  3
A61  143  2  3  1 99
A61  144  1 99 99 99
A61  145  1 99 99 99
A61  146  1  4  3  2
A61  147  1 99 99 99
A61  148  1  2 99 99
A61  149  1  2 99 99
A61  150  1 99  2  3
A61  151  1 99 99 99
A61  152  1 99 99 99
A61  153  1 99 99 99
A61  154  1 99 99 99
A61  155  1 99 99 99
A61  156  1 99 99 99
A61  157  1  2 99 99
A61  158  1 99  3  2
A61  159  1 99  3  2
A61  160  1  3  4  2
A61  161  1 99 99  2
A61  162  1 99 99  2
A61  163  1  4  3  2
A61  164  1 99 99 99
A61  165  1  2  3 99
A61  166  1 99  3  2
A61  167  1 99 99 99
A61  168  1  2 99 99
A61  169  1  3  2  4
A61  170  1 99 99 99
A61  171  1 99 99 99
A61  172  1  2 99 99
A61  173  1  2  4  3
A61  174  1 99 99  2
A61  175  1  2 99 99
A61  176  1 99  2 99
A61  177  1 99 99  2
A61  178  1 99 99 99
A61  179  1 99  2  3
A61  180  1 99 99 99
A61  181  1 99 99 99
A61  182  1 99 99 99
A61  183  1 99 99 99
A61  184  1 99 99  2
A61  185  1 99  3  2
A61  186  1  3  2 99
A61  187  1 99 99 99
A61  188  1 99 99 99
A61  189  1 99 99 99
A61  190  1 99 99 99
A61  191  1  4  3  2
A61  192  1 99 99 99
A61  193  1  2 99 99
A61  194  1 99  2 99
A61  195  1 99 99 99
A61  196  1 99 99 99
A61  197  1  3  2 99
A61  198  1 99 99 99
A61  199  1 99 99  2
