A62  166 CORP   VOTERS ELECT  1  FROM  4  BY STV
A62    1  2  1  3  4
A62    2  2  1  3 99
A62    3  1 99  2 99
A62    4  1  4  2  3
A62    5  1 99  2  3
A62    6  1 99  2  3
A62    7  1 99  2 99
A62    8  1  2  3 99
A62    9  1 99  2  3
A62   10  1  4  2  3
A62   11  3  4  1  2
A62   12 99 99  1 99
A62   13 99  2  1 99
A62   14  3  4  1  2
A62   15  2  3  1 99
A62   16 99 99  1  2
A62   17  2  3  1  4
A62   18  2 99  1 99
A62   19  2  3  1 99
A62   20 99 99  1  2
A62   21  3 99  1  2
A62   22 99 99  1 99
A62   23 99 99  1  2
A62   24 99 99  1 99
A62   25  3 99  1  2
A62   26  2  3  1 99
A62   27 99  2  1 99
A62   28 99 99  1  2
A62   29  3  2  1 99
A62   30 99 99  1 99
A62   31  2  3  1  4
A62   32  4  2  1  3
A62   33  2 99  1  3
A62   34  3 99  1  2
A62   35  2 99  1  3
A62   36  2 99  1 99
A62   37  3  2  1 99
A62   38 99  2  1  3
A62   39  3  2  1  4
A62   40 99 99  1 99
A62   41 99 99  1 99
A62   42  3  2  1  4
A62   43 99 99  1  2
A62   44  3 99  1  2
A62   45 99  2  1  3
A62   46  3  2  1 99
A62   47  4  3  1  2
A62   48  3  2  1  4
A62   49 99 99  1 99
A62   50 99 99  1  2
A62   51  2  3  1  4
A62   52  2 99  1  3
A62   53  2 99  1  3
A62   54  2  4  1  3
A62   55 99 99  1  2
A62   56 99 99  1 99
A62   57  2  3  1 99
A62   58 99  2  1  3
A62   59 99  3  1  2
A62   60 99 99  1 99
A62   61  3  1  2  4
A62   62 99  1  2  3
A62   63  4  1  2  3
A62   64 99  1  2 99
A62   65 99  1  2  3
A62   66 99  1  2 99
A62   67  3  1  2 99
A62   68  3  1  2 99
A62   69  3  1  2 99
A62   70  3  1  2 99
A62   71 99  1  2 99
A62   72 99  1  2  3
A62   73 99  1  2  3
A62   74 99 99 99  1
A62   75 99  3  2  1
A62   76  2  3  4  1
A62   77 99 99 99  1
A62   78  2 99 99  1
A62   79  2 99 99  1
A62   80 99 99 99  1
A62   81  2 99  3  1
A62   82 99 99 99  1
A62   83 99 99 99  1
A62   84 99 99 99  1
A62   85  4  3  2  1
A62   86 99 99 99  1
A62   87 99 99 99  1
A62   88 99 99  2  1
A62   89 99 99 99  1
A62   90  3  2 99  1
A62   91  2 99  3  1
A62   92 99 99 99  1
A62   93  3  2 99  1
A62   94  2  3 99  1
A62   95  3 99  2  1
A62   96  3  4  2  1
A62   97 99 99  2  1
A62   98 99 99 99  1
A62   99  2  4  3  1
A62  100 99  2  3  1
A62  101  3  4  2  1
A62  102 99 99  2  1
A62  103 99  2 99  1
A62  104 99 99 99  1
A62  105  4  2  3  1
A62  106  3  4  2  1
A62  107 99 99  2  1
A62  108 99 99 99  1
A62  109  2 99 99  1
A62  110  3 99  2  1
A62  111  2  4  3  1
A62  112 99 99 99  1
A62  113 99 99 99  1
A62  114 99 99 99  1
A62  115  2 99 99  1
A62  116 99 99 99  1
A62  117  2  4  3  1
A62  118 99 99 99  1
A62  119  4  2  3  1
A62  120 99 99 99  1
A62  121  2  3 99  1
A62  122  3 99  2  1
A62  123  2  4  3  1
A62  124  3  1 99  2
A62  125  4  1  3  2
A62  126  3  1  4  2
A62  127  3  1  4  2
A62  128  2  1  4  3
A62  129  1 99 99  2
A62  130  1  3  4  2
A62  131  1 99  3  2
A62  132  1 99 99  2
A62  133  1  4  3  2
A62  134  1  4  3  2
A62  135  1 99 99  2
A62  136  1  3 99  2
A62  137  1  2 99  3
A62  138  1  3 99  2
A62  139  1 99  3  2
A62  140  1  3 99  2
A62  141  1  3  4  2
A62  142  1 99 99  2
A62  143  1 99 99  2
A62  144  1  4  3  2
A62  145  1 99 99  2
A62  146  1 99 99  2
A62  147  1 99 99  2
A62  148  1 99  3  2
A62  149  1 99 99  2
A62  150  1  4  3  2
A62  151 99 99 99  1
A62  152  2 99  3  1
A62  153 99 99 99  1
A62  154 99 99  2  1
A62  155 99 99  2  1
A62  156  1 99 99 99
A62  157  1 99 99 99
A62  158  1 99 99 99
A62  159  1 99 99 99
A62  160  1 99 99 99
A62  161  1 99 99 99
A62  162 99  1 99 99
A62  163 99  1 99 99
A62  164 99  1 99 99
A62  165 99  1 99 99
A62  166 99  1 99 99
