A63  156 CORP   VOTERS ELECT  2  FROM  7  BY STV   1/5  SAMPLE
A63    1 99 99 99 99  1 99 99
A63    2 99 99 99 99  1 99 99
A63    3 99 99 99 99  1  2  3
A63    4  3  4  5  6  1  7  2
A63    5  3 99  2 99  1 99 99
A63    6  3  7  4  2  1  5  6
A63    7 99 99 99 99  1 99 99
A63    8  3  7  5  4  1  6  2
A63    9 99 99 99 99  1 99 99
A63   10 99 99 99 99  1 99 99
A63   11 99 99 99  2  1 99 99
A63   12  5  6  4  7  1  3  2
A63   13  4  3  5  6  1  7  2
A63   14 99 99 99 99  1 99 99
A63   15  2 99 99 99  1 99 99
A63   16 99 99 99 99  1 99 99
A63   17 99 99 99 99  1 99 99
A63   18  7  6  2  3  1  5  4
A63   19  3  4  2  6  1  7  5
A63   20 99 99  2 99  1  3 99
A63   21  4  3  5  2  1  6  7
A63   22  5  7  6  4  1  2  3
A63   23 99 99 99 99  1 99 99
A63   24 99 99  2 99  1 99 99
A63   25 99  2 99 99  1 99 99
A63   26  4  5  7  6  1  3  2
A63   27 99 99 99 99  1 99 99
A63   28 99 99 99 99  1 99 99
A63   29 99 99  2 99  1 99 99
A63   30  3  4  6  7  1  2  5
A63   31 99 99 99 99  1 99 99
A63   32 99 99 99 99  1 99 99
A63   33 99 99  3 99  1 99  2
A63   34 99 99  3 99  1 99  2
A63   35 99 99 99 99 99  2  1
A63   36 99 99 99 99 99  2  1
A63   37 99 99  3 99 99  2  1
A63   38 99 99 99 99 99  2  1
A63   39  3  1 99 99 99  2 99
A63   40  3  1 99 99 99  2 99
A63   41  2  1  7  5  6  3  4
A63   42  1 99 99 99 99  2 99
A63   43  7  1  4  2  5  3  6
A63   44  2  7  6  1  5  4  3
A63   45  2  4  5  1  6  3  7
A63   46  7  5  6  3  4  1  2
A63   47 99 99 99 99 99  1 99
A63   48 99 99 99 99 99  1  2
A63   49 99 99 99 99 99  1  2
A63   50  5  3  7  6  4  1  2
A63   51 99  3 99  4 99  1  2
A63   52  5  6  3  7  4  1  2
A63   53  3  7  4  6  2  1  5
A63   54  5  2  7  6  3  1  4
A63   55 99 99 99 99 99  1  2
A63   56  7  4  6  3  5  1  2
A63   57 99  2 99 99 99  1  3
A63   58 99  2 99 99 99  1  3
A63   59 99 99 99 99 99  1 99
A63   60  2 99 99 99 99  1 99
A63   61  2  4  3  5  7  1  6
A63   62 99 99 99 99 99  1  2
A63   63  2 99 99 99  3  1 99
A63   64  4  5  3  6 99  1  2
A63   65 99 99 99 99 99  1  2
A63   66  4  7  3  5  6  1  2
A63   67 99 99 99 99 99  1  2
A63   68 99 99 99 99 99  1  2
A63   69  4  3  5  6  7  1  2
A63   70 99 99  2 99 99  1 99
A63   71  4  3  5  6  7  1  2
A63   72 99 99 99 99 99  1  2
A63   73 99 99 99 99 99  1 99
A63   74 99 99 99 99 99  1 99
A63   75  3  2  5 99  4  1 99
A63   76 99 99 99 99 99  1  2
A63   77  2  7  4  5  6  1  3
A63   78  7  6  5  4  3  1  2
A63   79 99 99 99 99  2  1 99
A63   80  6  3  7  2  5  1  4
A63   81  5  7  3  6  4  1  2
A63   82 99  1  2 99 99 99  3
A63   83 99  1  2  3 99 99 99
A63   84  5  1  2  7  4  6  3
A63   85  1 99  2 99 99 99  3
A63   86  1  2  3  4  5  6  7
A63   87  1  4  2  5  6  7  3
A63   88  1 99  2 99 99  3 99
A63   89  1 99  2 99 99 99 99
A63   90  1 99  2 99  3 99 99
A63   91  1  2  3  4  5  6  7
A63   92  1 99  3  2 99 99  4
A63   93  2  1  4  3  5  6  7
A63   94 99 99  2  1 99 99 99
A63   95  3 99  2  1 99 99 99
A63   96 99  3  2  1 99 99 99
A63   97  3 99  2  1 99 99 99
A63   98  4  5  2  1  3  6  7
A63   99  3 99  2  1 99 99 99
A63  100 99  3  2  1 99 99 99
A63  101 99  3  2  1 99 99 99
A63  102  2  1  5  3  4  7  6
A63  103  7  3  6  1  2  5  4
A63  104 99 99  3  1  2 99 99
A63  105  5  6  4  1  3  7  2
A63  106  2 99  1  3 99 99 99
A63  107  3 99  1  2 99 99 99
A63  108  3  7  1  2  4  5  6
A63  109 99 99  1  2  3 99 99
A63  110 99 99  1 99 99 99 99
A63  111 99 99  1  2 99 99 99
A63  112 99 99  1  2 99 99 99
A63  113 99 99  1  2 99 99 99
A63  114 99 99  1 99 99 99 99
A63  115  2 99  1  3 99 99 99
A63  116 99 99  1  3  2 99 99
A63  117  3  2  1 99 99 99 99
A63  118 99 99  1 99 99 99 99
A63  119 99 99  1 99  3 99  2
A63  120  5  6  1  4  2  3  7
A63  121  3 99  1 99  2 99 99
A63  122 99 99  1 99 99 99 99
A63  123  3 99  1  2 99 99 99
A63  124 99 99  1 99 99  2 99
A63  125 99 99  1 99 99 99 99
A63  126 99 99  1 99 99 99 99
A63  127 99 99  1 99 99 99 99
A63  128 99 99  1 99  2 99 99
A63  129  2 99  1 99 99 99 99
A63  130 99 99  1  2 99 99 99
A63  131 99 99  1 99 99 99 99
A63  132  2 99  1  3 99 99 99
A63  133  7  3  1  2  5  4  6
A63  134  3  5  1  2 99  4  6
A63  135 99  6  1  5  2  4  3
A63  136 99  2 99 99  3 99  1
A63  137  3  1 99 99  2 99 99
A63  138 99  1 99  3  2 99 99
A63  139  1 99 99 99  2 99  3
A63  140  1 99 99  3  2 99 99
A63  141  2  1 99 99 99 99 99
A63  142  1 99 99 99 99 99 99
A63  143  1 99 99 99 99 99 99
A63  144 99  1 99 99 99 99  2
A63  145 99  1 99 99 99 99 99
A63  146 99 99 99 99 99 99  1
A63  147  1 99 99  2 99 99  3
A63  148 99  3 99  2 99 99  1
A63  149 99 99 99  1 99 99 99
A63  150 99 99 99  1 99 99 99
A63  151  2 99 99  1 99 99 99
A63  152 99  2 99  1 99 99 99
A63  153 99 99 99  1 99 99 99
A63  154 99 99 99  1 99 99 99
A63  155 99 99 99  1 99 99 99
A63  156  1 99 99  1 99  1 99
