A64  196 NON-PR VOTERS ELECT  2  FROM  3  BY STV
A64    1  2  1  3
A64    2  1 99 99
A64    3 99  1  2
A64    4 99  1  2
A64    5 99  1 99
A64    6 99  1  2
A64    7 99  1  2
A64    8 99  1 99
A64    9  2  1  3
A64   10 99  1 99
A64   11 99  1 99
A64   12 99  1  2
A64   13 99  1  2
A64   14 99  1 99
A64   15 99  1 99
A64   16  3  1  2
A64   17 99  1 99
A64   18 99  1  2
A64   19  3  1  2
A64   20 99  1  2
A64   21  3  1  2
A64   22  3  1  2
A64   23 99  1  2
A64   24 99  1  2
A64   25  2  1 99
A64   26 99  1  2
A64   27 99  1  2
A64   28  3  1  2
A64   29  3  1  2
A64   30  3  1  2
A64   31 99  1  2
A64   32  3  1  2
A64   33  3  1  2
A64   34 99  1  2
A64   35 99  1  2
A64   36 99  1 99
A64   37 99  1  2
A64   38 99  1  2
A64   39 99  1 99
A64   40 99  1 99
A64   41 99  1  2
A64   42 99  1  2
A64   43 99  1  2
A64   44  3  1  2
A64   45 99 99  1
A64   46 99  2  1
A64   47  3  2  1
A64   48 99  2  1
A64   49 99  2  1
A64   50  2 99  1
A64   51 99  2  1
A64   52 99 99  1
A64   53 99  2  1
A64   54  2 99  1
A64   55  2 99  1
A64   56 99  2  1
A64   57 99 99  1
A64   58 99 99  1
A64   59 99  1  1
A64   60 99  1  1
A64   61 99  1  1
A64   62  1 99  2
A64   63  1 99 99
A64   64  1 99  2
A64   65  1 99  2
A64   66  1 99  2
A64   67  1  2 99
A64   68  1 99  2
A64   69  1 99  2
A64   70  1  2  3
A64   71  1 99  2
A64   72  1 99 99
A64   73  1 99 99
A64   74  1 99 99
A64   75  1 99  2
A64   76  1  2 99
A64   77  1  3  2
A64   78  1  2 99
A64   79  1 99  2
A64   80  1 99  2
A64   81  1  2 99
A64   82  1  2 99
A64   83  1  2 99
A64   84  1  2 99
A64   85  1  2 99
A64   86  1 99  2
A64   87  1 99  2
A64   88  1 99  2
A64   89  1 99  2
A64   90  1  2 99
A64   91  1 99 99
A64   92  1  2  2
A64   93  1 99  2
A64   94  1  2 99
A64   95  1 99 99
A64   96 99 99 99
A64   97 99  1  2
A64   98  2  1 99
A64   99 99  1  2
A64  100 99  1  2
A64  101 99  1  2
A64  102  2  1 99
A64  103  3  1  2
A64  104 99  1  2
A64  105 99  1  2
A64  106 99  1  2
A64  107 99  1  2
A64  108 99  1  2
A64  109 99  1  2
A64  110 99  1  2
A64  111 99  1  2
A64  112 99  1  2
A64  113 99  1  2
A64  114  3  1  2
A64  115 99  1  2
A64  116  3  1  2
A64  117 99  1  2
A64  118 99  1  2
A64  119 99  1 99
A64  120 99  1  2
A64  121 99  1  2
A64  122  3  1  2
A64  123 99  1 99
A64  124  3  1  2
A64  125  3  1  2
A64  126  3  1  2
A64  127  3  1  2
A64  128  3  1  2
A64  129  3  1  2
A64  130  2  1 99
A64  131 99  1  2
A64  132 99  1  2
A64  133  2  1 99
A64  134  3  1  2
A64  135  2  1 99
A64  136 99  1 99
A64  137 99  1  2
A64  138 99  2  1
A64  139 99  2  1
A64  140 99  2  1
A64  141 99  2  1
A64  142 99  2  1
A64  143 99  2  1
A64  144 99  2  1
A64  145 99  2  1
A64  146 99  2  1
A64  147 99  2  1
A64  148 99  2  1
A64  149 99  2  1
A64  150 99  2  1
A64  151 99  2  1
A64  152 99  2  1
A64  153 99  2  1
A64  154 99  2  1
A64  155 99  2  1
A64  156 99  2  1
A64  157 99  2  1
A64  158 99  2  1
A64  159 99  2  1
A64  160 99  2  1
A64  161 99  2  1
A64  162 99  2  1
A64  163 99  2  1
A64  164 99  2  1
A64  165 99  2  1
A64  166 99  2  1
A64  167 99  2  1
A64  168 99  2  1
A64  169 99  2  1
A64  170 99  2  1
A64  171 99 99  1
A64  172 99  2  1
A64  173 99  2  1
A64  174 99  2  1
A64  175 99 99  1
A64  176 99  2  1
A64  177 99  2  1
A64  178 99  2  1
A64  179 99  2  1
A64  180 99  2  1
A64  181 99  2  1
A64  182 99 99  1
A64  183  3  2  1
A64  184 99  2  1
A64  185  3  2  1
A64  186 99  2  1
A64  187 99  2  1
A64  188 99  2  1
A64  189 99  2  1
A64  190 99  2  1
A64  191 99  2  1
A64  192 99  2  1
A64  193 99  2  1
A64  194 99  2  1
A64  195 99 99  1
A64  196 99 99  1
