A65  198 NON-PR VOTERS ELECT  6  FROM 10  BY STV
A65    1 99  6 99 99  4  2  3  5 99  1
A65    2 99 99 99 99 99  3 99 99  2  1
A65    3 99 99 99 99 99  2 99 99 99  1
A65    4 99 99 99 99 99  2 99 99 99  1
A65    5 99 99 99 99 99  2 99 99 99  1
A65    6 99  6 99 99  4  2  3  5 99  1
A65    7 99 99 99 99 99  2 99 99 99  1
A65    8 99  6  5  3  2 99 99  4 99  1
A65    9 99 99 99 99 99  3 99 99  1  2
A65   10 99 99 99  4  5  6  1  3 99  2
A65   11 99 99 99  6  2  3  1  4 99  5
A65   12 99 99 99 99 99  1 99 99  2  3
A65   13 99 99 99 99 99  1 99 99 99 99
A65   14 99 99 99  6  5  1  2 99  3  4
A65   15  3  4 99 99  1  2 99 99 99 99
A65   16 99 99  1 99 99 99 99  2  3  4
A65   17  4  3  5 99  6 99  1  2 99 99
A65   18  4  3  5 99  6 99  1  2 99 99
A65   19 99 99 99 99 99  2 99 99 99  1
A65   20 99 99 99  6  3  4  1  2 99  5
A65   21 99 99 99  6  3  4  1  2 99  5
A65   22  2 99 99  4 99  3  1 99 99 99
A65   23 99 99  1  5  2  3  4 99 99  6
A65   24 99 99 99  1 99 99 99 99 99 99
A65   25 99 99 99  1  1  1 99 99  1  1
A65   26  4 99  5 99  2 99  1  6 99  3
A65   27 99 99 99 99 99  2 99 99  1  3
A65   28 99 99 99 99 99 99  1  2 99 99
A65   29 99  2 99  3 99  1  5 99 99  4
A65   30 99  1 99 99 99 99  2 99 99 99
A65   31 99  1 99 99  2 99  4  3 99 99
A65   32 99  3 99  6  2  5  4  1 99 99
A65   33 99  4  1  2  5 99  6  3 99 99
A65   34  4  8  3  1 99  5  6  2 99 99
A65   35 99  3 99  1 99 99  2 99 99 99
A65   36 99  1 99 99 99  4 99  3 99  2
A65   37  2  7  8  9 10  6  3  4  5  1
A65   38 99 99  2 99 99 99  1 99 99 99
A65   39  3  2  5  4 99  1  9  7  8  6
A65   40 99 99 99 99 99 99  1 99 99 99
A65   41 99 99 99 99 99 99  1 99 99 99
A65   42 99  2 99  1 99 99  3 99 99 99
A65   43 99  3  6  5  4  2  1 99 99 99
A65   44  5  1  7  8  4  9  3  2 99  6
A65   45 99 99  2  3 99  4 99 99 99  1
A65   46 99 99  4  5 99 99  1  3 99  2
A65   47 99 99 99  2 99 99  1 99  3 99
A65   48 99 99 99  2 99 99  1 99  3 99
A65   49  6  4 99  5  3 99  1  2 99 99
A65   50  6  4 99  5  3 99  1  2 99 99
A65   51  6  4 99  5  3 99  1  2 99 99
A65   52  6  4 99  5  3 99  1  2 99 99
A65   53  2 99 99 99 99 99  1  3 99 99
A65   54  2 99 99 99 99 99  1  3 99 99
A65   55  2 99 99 99 99 99  1  3 99 99
A65   56  1 99  6 99  4 99 99  2  5  3
A65   57  5  6  1  7  8  9  2 10  3  4
A65   58  1 99 99 99 99 99 99 99 99  2
A65   59 99 99 99  6  2  3  1  4 99  5
A65   60 99 99 99  6  2  3  1  4 99  5
A65   61 99  1 99  2 99 99  4  3 99 99
A65   62 99  3  5  2 99 99  1  4 99  6
A65   63 99 99 99  6  2  3  1  4 99  5
A65   64 99 99 99  6  2  3  1  4 99  5
A65   65 99  6 99 99  2  3  1  4 99  5
A65   66 99 99 99  6  2  3  1  4 99  5
A65   67 99  2  4  3 99 99  1  5  6 99
A65   68  5  3 99  4 99  2  1 99 99  6
A65   69 99 99  2 99 99 99 99 99  1  3
A65   70 99 99 99  5  2 99  1  4  6  3
A65   71 99 99 99  5  2 99  1  4  6  3
A65   72 99 99 99  5  3  6  1  4 99  2
A65   73 99 99  4 99  5 99  2  3  6  1
A65   74 99 99 99  6  2  3  1  4 99  5
A65   75 99 99 99  6  2  3  1  4 99  5
A65   76 99 99 99  6  2  3  1  4 99  5
A65   77 99 99 99  6  2  3  1  4 99  5
A65   78 99 99 99  6  2  3  1  4 99  5
A65   79 99  4 99  5  2  6  1  3 99 99
A65   80 99 99  5  6  2  3  1  4 99 99
A65   81 99 99 99  6  2  3  1  4 99  5
A65   82 99 99 99  6  2  3  1  4 99  5
A65   83 99 99 99  6  2  3  1  4 99  5
A65   84 99 99 99  6  2  3  1  4 99  5
A65   85 99 99 99  6  2  3  1  4 99  5
A65   86 99 99 99  6  2  3  1  4 99  5
A65   87 99 99 99  6  2  3  1  4 99  5
A65   88 99 99 99  6  2  3  1  4 99  5
A65   89 99 99 99  6  2  3  1  4 99  5
A65   90 99 99 99  6  2  3  1  4 99  5
A65   91 99 99 99  6  2  3  1  4 99  5
A65   92 99 99 99  6  2  3  1  4 99  5
A65   93 99 99 99  6  3  4  1  2 99  5
A65   94 99 99 99  6  2  3  1  4 99  5
A65   95 99 99  3 99 99  4  2  1 99 99
A65   96 99 99 99  6  2  3  1  4 99  5
A65   97 99 99 99  6  2  3  1  4 99  5
A65   98 99 99 99  6  2  3  1  4 99  5
A65   99 99 99 99  6  2  3  1  4 99  5
A65  100 99 99 99  6  2  3  1  4 99  5
A65  101 99 99 99  6  2  3  1  4 99  5
A65  102 99 99 99  6  2  3  1  4 99  5
A65  103 99 99 99  1  3  5  2  4 99  6
A65  104 99 99 99  6  3  1  2  4 99  5
A65  105 99 99 99  5  1  2 99  3 99  4
A65  106  1 99 99  5 99  3  2  6 99  4
A65  107  1 99 99  5 99  3  2  6 99  4
A65  108  1 99 99  5 99  3  2  6 99  4
A65  109 99 99 99  2 99 99  1 99 99 99
A65  110 99 99 99  2 99 99  1 99 99 99
A65  111  1 99 99  5 99  3  2  6 99  4
A65  112 99 99 99 99 99  2 99 99 99  1
A65  113  6  7  2  3 99 99  1  5  4 99
A65  114 99 99  1  5  2  6  4 99 99  3
A65  115 99  1 99 99 99 99 99 99 99 99
A65  116 99  1 99 99 99 99 99 99 99 99
A65  117 99  1 99 99 99 99 99 99 99 99
A65  118 99  1 99 99 99 99 99 99 99 99
A65  119 99  1 99 99 99 99 99 99 99 99
A65  120 99  1 99 99 99 99 99 99 99 99
A65  121 99  1 99 99 99 99 99 99 99 99
A65  122 99  1 99  3  2 99  4 99  5  6
A65  123 99  1 99  3 99 99  2  5  6  4
A65  124 99  2  3  4 99 99 99  1 99  5
A65  125 99  1  3  5  6 99  2 99 99  4
A65  126 99  1  2 99  5 99  3 99  6  4
A65  127  3 99 99 99  2 99  5  4  6  1
A65  128 99  1 99  6 99  3  2 99  4  5
A65  129 99 99  5  6  2  3  1  4 99 99
A65  130 99  1 99 99 99 99 99 99 99 99
A65  131 99  1 99 99 99 99 99 99 99 99
A65  132 99  1 99 99 99 99 99 99 99 99
A65  133 99  1 99 99 99 99 99 99 99 99
A65  134 99  1 99 99 99 99 99 99 99 99
A65  135 99  1 99 99 99 99 99 99 99 99
A65  136 99  1 99 99 99 99  2 99 99 99
A65  137 99  1 99 99 99 99 99 99 99 99
A65  138 99  1 99 99 99 99 99 99 99 99
A65  139 99  1 99 99 99 99 99 99 99 99
A65  140 99  1 99 99 99 99 99 99 99 99
A65  141 99  1 99 99 99 99 99 99 99 99
A65  142 99  1 99 99 99 99 99 99 99 99
A65  143 99  1 99 99 99 99 99 99 99 99
A65  144 99  1 99 99 99 99 99 99 99 99
A65  145 99  1 99 99 99 99 99 99 99 99
A65  146 99  1 99 99 99 99 99 99 99 99
A65  147 99  1 99 99 99 99 99 99 99 99
A65  148 99  1 99 99 99 99 99 99 99 99
A65  149  1 99  6  5 99 99  4  3 99  2
A65  150 99 99 99  6  2  3  1  4 99  5
A65  151 99 99 99  6  2  3  1  4 99  5
A65  152 99 99 99  6  2  3  1  4 99  5
A65  153  5  3 99  6  2 99  1  4 99 99
A65  154 99 99 99 99 99 99  1 99 99 99
A65  155 99 99 99 99 99 99  1 99 99 99
A65  156 99 99 99 99 99 99  1 99 99 99
A65  157 99 99 99 99 99 99  1 99 99 99
A65  158 99 99 99 99 99 99  1 99 99 99
A65  159 99 99 99 99 99 99  1 99 99 99
A65  160 99 99 99 99 99 99  1 99 99 99
A65  161 99 99 99 99 99 99  1 99 99 99
A65  162 99 99 99 99 99 99  1 99 99 99
A65  163 99 99 99 99 99 99  1 99 99 99
A65  164 99 99 99 99 99 99  1 99 99 99
A65  165 99 99 99 99 99 99  1 99 99 99
A65  166 99 99 99 99 99 99  1 99 99 99
A65  167 99 99 99 99 99 99  1 99 99 99
A65  168 99 99 99 99 99 99  1 99 99 99
A65  169 99 99 99 99 99 99  1 99 99 99
A65  170  1 99 99 99 99  2  4 99 99  3
A65  171 99 99 99 99 99 99  1 99 99 99
A65  172 99 99 99 99 99 99  1 99 99 99
A65  173 99 99 99 99 99 99  1 99 99 99
A65  174 99 99 99 99 99 99  1 99 99 99
A65  175 99 99 99 99 99 99  1 99 99 99
A65  176 99 99 99 99 99 99  1 99 99 99
A65  177 99 99 99 99 99 99  1 99 99 99
A65  178 99 99 99 99 99 99  1 99 99 99
A65  179 99 99 99 99 99 99  1 99 99 99
A65  180 99 99 99 99 99 99  1 99 99 99
A65  181 99 99 99 99 99  2  1 99 99 99
A65  182 99 99 99 99 99  2  1 99 99 99
A65  183  1 99 99 99 99 99  2 99 99 99
A65  184  1 99 99 99 99 99  2 99 99 99
A65  185 99 99 99 99 99 99  1 99 99  2
A65  186 99 99 99 99 99 99  1 99 99  2
A65  187 99 99 99 99 99  2 99 99  1  3
A65  188 99  2 99 99 99  1 99 99 99 99
A65  189 99 99 99 99 99  1 99 99 99 99
A65  190 99 99 99 99 99 99  1 99 99 99
A65  191 99 99 99 99  2 99 99  1 99 99
A65  192  5 99 99  6  4  3  2  1 99 99
A65  193  1  4 99  3 99 99 99  5  6  2
A65  194 99 99 99  2 99 99  1 99 99 99
A65  195 99 99 99  1 99  6  2  3  4  5
A65  196 99 99 99  1 99  5  4  3  2  6
A65  197  1  1  1  1  1 99 99  1 99 99
A65  198  1  1  1  1  1 99 99  1 99 99
