A66  193 NON-PR VOTERS ELECT  4  FROM  6  BY STV
A66    1 99  4  3  1 99  2
A66    2 99 99 99  1 99  2
A66    3 99  6  3  1 99  2
A66    4 99 99  3  1 99  2
A66    5 99 99  3  1 99  2
A66    6 99  4  3  1 99  2
A66    7 99 99  3  1 99  2
A66    8 99 99  4  1  3  2
A66    9 99 99 99  1 99 99
A66   10 99  2  4  1 99  3
A66   11 99  3  4  1 99  2
A66   12 99 99 99  1 99  2
A66   13 99 99 99  1 99 99
A66   14  3  2  4  1 99 99
A66   15  4  2 99  1 99  3
A66   16 99 99 99  1 99 99
A66   17 99  3  4  1 99  2
A66   18 99  3  4  1 99  2
A66   19 99  6  3  1 99  2
A66   20 99  4  2  1 99  3
A66   21 99  4  2  1 99  3
A66   22 99 99 99  1 99  2
A66   23 99 99  4  1  3  2
A66   24 99 99 99  1 99 99
A66   25 99 99 99  1 99  2
A66   26 99 99 99  1 99 99
A66   27 99 99 99  1 99  2
A66   28 99 99 99  2 99  1
A66   29 99 99 99  2 99  1
A66   30 99 99 99  2 99  1
A66   31 99  1 99  3 99  2
A66   32 99  1 99  2  4  3
A66   33 99  1  3  2 99 99
A66   34 99  1  3  2 99  4
A66   35 99  1  4  2 99 99
A66   36 99  1 99 99 99 99
A66   37  3  1 99  2 99 99
A66   38  3  1  4 99  2 99
A66   39  5  1  4  6  2  3
A66   40 99  1 99 99 99 99
A66   41 99  1 99 99  2 99
A66   42  3  2 99 99 99  1
A66   43 99  2 99 99 99  1
A66   44 99  2 99 99 99  1
A66   45 99  2 99  3 99  1
A66   46 99  2  3  4 99  1
A66   47 99  2 99 99 99  1
A66   48 99  2 99 99 99  1
A66   49 99 99  2 99 99  1
A66   50 99 99  2 99 99  1
A66   51 99  3  2  4 99  1
A66   52 99  3  2  4 99  1
A66   53 99  3  2  4 99  1
A66   54 99  3  2  4 99  1
A66   55 99 99  2 99 99  1
A66   56 99 99  2 99 99  1
A66   57 99 99  2 99 99  1
A66   58 99  3  2  4 99  1
A66   59 99  3  2  4 99  1
A66   60 99 99  1 99 99 99
A66   61 99  4  1  2 99  3
A66   62 99  4  1  3 99  2
A66   63 99  3  1  4  2  5
A66   64 99  3  1  2 99  4
A66   65 99 99  3  2 99  1
A66   66 99 99  3  2  4  1
A66   67 99 99  3  2  4  1
A66   68  4 99  3  2 99  1
A66   69 99 99  3  2 99  1
A66   70 99 99  3  2  4  1
A66   71 99  3 99  2 99  1
A66   72 99  3  4  2 99  1
A66   73 99  3  4  2 99  1
A66   74 99  3  4  2 99  1
A66   75  4  3 99  2 99  1
A66   76 99  3  4  2 99  1
A66   77 99  3  4  2 99  1
A66   78 99  3  4  2 99  1
A66   79 99  3  4  2 99  1
A66   80 99  3  4  2 99  1
A66   81 99  3  4  2 99  1
A66   82 99  3  4  2 99  1
A66   83 99  3  4  2 99  1
A66   84 99  3  4  2 99  1
A66   85 99  3  4  2 99  1
A66   86 99  3  4  2 99  1
A66   87 99  3  4  2 99  1
A66   88 99  3  4  2 99  1
A66   89 99  3  4  2 99  1
A66   90 99  3  4  2 99  1
A66   91 99  3  4  2 99  1
A66   92 99  3  4  2 99  1
A66   93 99  3  4  2 99  1
A66   94 99  3  4  2 99  1
A66   95 99  3  4  2 99  1
A66   96 99  3  4  2 99  1
A66   97 99  3 99  2 99  1
A66   98 99  3  4  2 99  1
A66   99 99  3  4  2 99  1
A66  100 99  3  4  2 99  1
A66  101 99  3  4  2 99  1
A66  102 99  3  4  2 99  1
A66  103 99  3  4  2 99  1
A66  104 99  3  4  2 99  1
A66  105 99  3  4  2 99  1
A66  106 99  3  4  2 99  1
A66  107 99  3  4  2 99  1
A66  108  2 99  4  3 99  1
A66  109  2 99  4  3 99  1
A66  110  2 99  4  3 99  1
A66  111  2  3 99 99 99  1
A66  112  2  3 99 99 99  1
A66  113  1 99 99  2 99  3
A66  114  1 99 99 99 99  2
A66  115  2 99 99  3  4  1
A66  116  1  4 99 99  2  3
A66  117  1  4 99 99  2  3
A66  118 99 99 99 99  1 99
A66  119 99 99 99 99  1 99
A66  120 99 99 99 99  1 99
A66  121 99 99 99 99  1 99
A66  122 99 99 99 99  1 99
A66  123 99 99 99 99  1 99
A66  124 99 99 99 99  1 99
A66  125  3 99 99  2  1  4
A66  126 99  3 99  4  1  2
A66  127 99  3 99 99  1  2
A66  128  3 99 99 99  1  2
A66  129  3  2 99  4  1 99
A66  130  2  4 99  3  1 99
A66  131 99 99 99  2  1 99
A66  132 99  4  3  2  1 99
A66  133 99 99 99 99  1 99
A66  134 99 99 99 99  1  2
A66  135 99 99 99 99  1 99
A66  136 99 99 99 99  1 99
A66  137 99 99 99 99  1 99
A66  138 99 99 99 99  1 99
A66  139 99 99  2  4  1  3
A66  140 99 99 99 99  1 99
A66  141 99 99 99 99  1 99
A66  142 99 99 99 99  1 99
A66  143 99 99 99 99  1 99
A66  144 99 99 99 99  1 99
A66  145 99 99 99 99  1 99
A66  146 99 99 99 99  1 99
A66  147 99 99 99  3  1  2
A66  148 99 99 99 99  1  2
A66  149 99 99 99 99  1 99
A66  150 99 99 99 99  1 99
A66  151 99 99 99 99  1 99
A66  152 99  4 99  2  3  1
A66  153 99 99  4  2  3  1
A66  154 99 99  4  2  3  1
A66  155 99  3  4 99  2  1
A66  156 99  3  4 99  2  1
A66  157 99 99 99 99 99  1
A66  158 99 99 99 99 99  1
A66  159 99 99 99 99 99  1
A66  160 99 99 99 99 99  1
A66  161 99 99 99 99 99  1
A66  162 99 99 99 99 99  1
A66  163 99 99 99 99 99  1
A66  164 99 99 99 99 99  1
A66  165 99 99 99 99 99  1
A66  166 99 99 99 99 99  1
A66  167 99 99 99 99 99  1
A66  168 99 99 99 99 99  1
A66  169 99 99 99 99 99  1
A66  170 99 99 99 99 99  1
A66  171 99 99 99 99 99  1
A66  172 99 99 99 99 99  1
A66  173 99 99 99 99 99  1
A66  174 99 99 99 99 99  1
A66  175 99 99 99 99 99  1
A66  176 99 99 99 99 99  1
A66  177 99 99 99 99 99  1
A66  178 99 99 99 99 99  1
A66  179 99 99 99 99 99  1
A66  180 99 99 99 99 99  1
A66  181 99 99 99 99 99  1
A66  182 99 99 99 99 99  1
A66  183 99 99 99 99 99  1
A66  184 99 99 99 99 99  1
A66  185 99 99 99 99 99  1
A66  186 99 99 99 99 99  1
A66  187 99 99 99 99 99  1
A66  188 99 99 99 99 99  1
A66  189 99 99 99 99 99  1
A66  190 99 99 99 99 99  1
A66  191 99 99 99 99 99  1
A66  192  1  1 99  1 99  1
A66  193  1  1 99  1 99  1
