A67  183 NON-PR VOTERS ELECT 10  FROM 14  BY STV
A67    1  8  7 99  6  5  2  1 99  3  9 10 99  4 99
A67    2  8  7 99  6  5  2  1 99  3  9 10 99  4 99
A67    3 99  5  9 10 99  1  2  8  3  4  7 99 99  6
A67    4 99  3  6  7  4  1  2 99  5  8 99 99 99 99
A67    5 99  3  7 10  6  1  2  9  4 99 99  8  5 99
A67    6 99  3  7 10  6  1  2  9  4 99 99  8  5 99
A67    7 99 99 99 99 99 99 99 99 99 99 99 99 99  1
A67    8 99 99  4  7  6 99  2 10  3  8  9  5 99  1
A67    9 99 99 99 99  2 99 99 99 99 99 99 99 99  1
A67   10 99 99  4 99 99 99  1  5 99 99 99  3 99  2
A67   11 99 99 99 99  4  2  1 99 99 99 99 99 99  3
A67   12 99 99  9 99  5  1  2  8  4 99 10  6  7  3
A67   13 99  4  9  3  6  5  8 99 99 10 99  1  7  2
A67   14 99  3  9  4  6  5  8 99 99 10 99  1  7  2
A67   15  3  7 99  4 99  6 99  2  8  5 99  1  9 10
A67   16 99 99 99 99 99 99 99 99  5  2  3  1 99  4
A67   17 99 99 99 99 99 99 99  4  2  3 99  1 99 99
A67   18 99 99 99 99 99 99  1  4 99 99 99  2 99  3
A67   19 99  2  9  8  3  1  7 99  6 99 99  4 10  5
A67   20  9  2 99  3  4  6  7 10  8  1 99 99  5 99
A67   21  5  3  4 99  9 99  8  2 10  1 99  6 99  7
A67   22 10  2 99  3  4  6  7 99  9  1 99  8  5 99
A67   23 99  2 99  3  4  6  7 99  5  1 99 99 99 99
A67   24 99 99 99 99 99 99 99 99 99  1 99 99  2 99
A67   25 10  5 99  7 99  2  1  9  4  3 99  8 99  6
A67   26 99  7  9  8 99 99  1  4  3  2  5 10  6 99
A67   27 99  4  7  6  5  1  2 10  9  3 99 99  8 99
A67   28 99  4 99 99 99  1  5 99  6  2  3 99 99 99
A67   29 99 99  1  2 99 99 99 99 99  5 99  4 99  3
A67   30 99  3  1  4  5 99  2  6  8  9  7 10 99 99
A67   31  9 99  1  6 10  3 99  8  2  4 99  7  5 99
A67   32 99  3  2  4  5 99  1 99  6  7 99  8  9 10
A67   33  8  3  2  4  6 99  1  5 99 99 99  7 10  9
A67   34  8  3  2  4  6 99  1  5 99 99 99  7 10  9
A67   35 99  3  2 99 99 99  1 99 99 99 99 99 99 99
A67   36 99 99  2 99 99 99  1  3 99 99 99  5 99  4
A67   37  8  2  4 99 99  1  3 10  7  6  5 99 99  9
A67   38 99 99 99  1 99 99 99 99 99 99 99 99 99 99
A67   39 99 99 99  2 99 99  1 99 99 99 99 99 99 99
A67   40 99 99 99  2  4  3  1 99 99 99 99 99 99 99
A67   41 99 99 99  2  4  3  1 99 99 99 99 99 99 99
A67   42 10  2  6  5  3  1  4 99 99  8 99 99  7  9
A67   43 99  2  6  5  3  1  4 99 99  8 99 99  7 99
A67   44 99  2  6  5  3  1  4 99 99  8 99 99  7 99
A67   45 99  2  6  5  3  1  4 99 99  8 99 99  7 99
A67   46 99  2  6  5  3  1  4 99 99  8 99 99  7 99
A67   47 99  2  6  5  3  1  4 99 99  8 99 99  7 99
A67   48 99  2  6  5  3  1  4 99 99  8 99 99  7 99
A67   49 99  2  6  5  3  1  4 99 99  8 99 99  7 99
A67   50 99  2  6  5  3  1  4 99 99  8 99 99  7 99
A67   51 99  2  6  5  3  1  4 99 99  8 99 99  7 99
A67   52 99  2  6  5  3  1  4 99 99  8 99 99  7 99
A67   53 99  2  6  5  3  1  4 99 99  8 99 99  7 99
A67   54 99  2  6  5  3  1  4 99 99  8 99 99  7 99
A67   55 99  2  6  5  3  1  4 99 99  8 99 99  7 99
A67   56 99  2  6  5  3  1  4 99 99  8 99 99  7 99
A67   57 99  2  6  5  3  1  4 99 99  8 99 99  7 99
A67   58 99  2  6  5  3  1  4 99 99  8 99 99  7 99
A67   59 99  2  6  5  3  1  4 99  9  8 99 99  7 99
A67   60 99  2  6  5  3  1  4 99  9  8 99 99  7 99
A67   61 99  2  6  5  3  1  4 99 99  8 99 99  7 99
A67   62 99  2  6  5  3  1  4 99 99  8 99 99  7 99
A67   63 99  2  6  5  3  1  4 99 99  8 99 99  7 99
A67   64 99  2  6  5  3  1  4 99 99  8 99 99  7 99
A67   65 99  2  6  5  3  1  4 99 99  8 99 99  7 99
A67   66 99  2  6  5  3  1  4 99 99  8 99 99  7 99
A67   67 99  2  6  5  3  1  4 99 99  8 99 99  7 99
A67   68 99  2  6  5  3  1  4 99 99  8 99 99  7 99
A67   69 99  2  6  5  3  1  4 99 99  8 99 99  7 99
A67   70 99  2  6  5  3  1  4 99 99  8 99 99  7 99
A67   71 99  2  6  5  3  1  4 99 99  8 99 99  7 99
A67   72 99  2  6  5  3  1  4 99 99  8 99 99  7 99
A67   73 99  2  6  5  3  1  4 99 99  8 99 99  7 99
A67   74 99  2  6  5  3  1  4 99 99  8 99 99  7 99
A67   75 99  2  6  5  3  1  4 99 99  8 99 99  7 99
A67   76 99  2  6  5  3  1  4 99 99  8 99 99  7 99
A67   77 99  2  6  5  3  1  4 99 99  8 99 99  7 99
A67   78 99  2  6  5  3  1  4 99 99  8 99 99  7 99
A67   79 99  2  6  5  3  1  4 99 99  8 99 99  7 99
A67   80 99 99  6  2  1  4  5 99  8  7 99 99  3 99
A67   81 99 99  6  2  1  4  5 99  8  7 99 99  3 99
A67   82 99 99  6  2  1  4  5 99  8  7 99 99  3 99
A67   83 99 99  6  2  1  4  5 99  8  7 99 99  3 99
A67   84 99 99  6  2  1  4  5 99 99  7 99 99  3 99
A67   85 99 99 99 99  1 99 99 99  2 99 99 99 99  3
A67   86 99  5  7  3  2  6  1 99 99  8 99 99  4 99
A67   87 99 99 99  5  2  3  1 99 99  4 99 99  6 99
A67   88 99 99 99 99  3  2  1 99 99 99 99 99 99  4
A67   89 99  6 99 10  2  8  1 99  5  7 99  4  9  3
A67   90 99  3  6  5  2  1  4 99 99  8 99 99  7 99
A67   91 99 99 99  5  2  1  3 99 99  4 99 99  6 99
A67   92 99  1 99 99 99  5  6 99  3 99 99  4 99  2
A67   93 99  1  7  6  3  2  4 99 99  5 99  8 99 99
A67   94 99  1 99 99 99 99 99 99 99 99 99 99 99 99
A67   95 99  1 99 99 99 99 99 99  3  4  2  5 99 99
A67   96  3  1 99 99 99 99 99 99  2 99 99 99 99 99
A67   97  2  1 99 99 99 99 99 99  3 99 99 99 99 99
A67   98 10  1 99  2 99 99  3  8  5 99  4  6  7  9
A67   99 99  2 99 99  3 99  1 99  4 99 99 99 99 99
A67  100  9  2 10  7 99  8  1  5 99  4 99  3 99  6
A67  101 99 99 99 99 99 99  1 99 99 99 99 99 99 99
A67  102 99 99 99 99 99 99  1 99 99 99 99 99 99 99
A67  103 99 99 99 99 99  1 99 99 99 99 99 99 99 99
A67  104 99 99 99 99 99 99  1 99 99 99 99 99 99 99
A67  105 99 99 99 99 99 99  1 99 99 99 99 99 99 99
A67  106 99 99 99 99 99 99  1 99 99 99 99 99 99 99
A67  107 99 99 99 99 99 99  1 99 99 99 99 99 99 99
A67  108 99 99 99 99 99 99  1 99 99 99 99 99 99 99
A67  109 99 99 99 99 99 99  1 99 99 99 99 99 99 99
A67  110 99 99 99 99 99 99  1 99 99 99 99 99 99 99
A67  111 99 99 99 99 99 99  1 99 99 99 99 99 99 99
A67  112 99 99 99 99 99 99  1 99 99 99 99 99 99 99
A67  113 99 99 99 99 99 99  1 99 99 99 99 99 99 99
A67  114 99 99 99 99 99 99  1 99 99 99 99 99 99 99
A67  115 99 99 99 99 99 99  1 99 99 99 99 99 99 99
A67  116 99 99 99 99 99 99  1 99 99 99 99 99 99 99
A67  117 99 99 99 99 99 99  1 99 99 99 99 99 99 99
A67  118 99 99 99 99 99 99  1 99 99 99 99 99 99 99
A67  119 99 99 99 99 99 99  1 99 99 99 99 99 99 99
A67  120 99 99 99 99 99 99  1 99 99 99 99 99 99 99
A67  121 99 99 99 99 99 99  1 99 99 99 99 99 99 99
A67  122 99 99 99 99 99 99  1 99 99 99 99 99 99 99
A67  123 99 99 99 99 99 99  1 99 99 99 99 99 99 99
A67  124 99 99 99 99 99 99  1 99 99 99 99 99 99 99
A67  125 99 99 99 99 99 99  1 99 99 99 99 99 99 99
A67  126 99 99 99 99 99 99  1 99 99 99 99 99 99 99
A67  127 99 99 99 99 99 99  1 99 99 99 99 99 99 99
A67  128 99 99 99 99 99 99  1 99 99 99 99 99 99 99
A67  129 99 99 99 99 99 99  1 99 99 99 99 99 99 99
A67  130 99 99 99 99 99 99  1 99 99 99 99 99 99 99
A67  131 99 99 99 99 99 99  1 99 99 99 99 99 99 99
A67  132 99 99 99 99 99 99  1 99 99 99 99 99 99 99
A67  133 99 99 99 99 99 99  1 99 99 99 99 99 99 99
A67  134 99 99 99 99 99 99  1 99 99 99 99 99 99 99
A67  135 99 99 99 99 99 99  1 99 99 99 99 99 99 99
A67  136 99  1 99 99  1  1 99 99  1 99 99 99  1 99
A67  137 99  1  1 99  1  1  1 99  1  1 99  1  1  1
A67  138  1  1  1 99  1 99  1  1  1  1 99  1  1 99
A67  139 99 99 99 99 99 99 99  3 99  2  1  4 99  5
A67  140 99 99 99 99 99 99 99  3 99  2  1  4 99  5
A67  141 99 99 99 99 99 99 99  3 99  2  1  4 99  5
A67  142 99 99 99 99 99 99 99  3 99  2  1  4 99  5
A67  143 99 99 99 99 99 99 99  3 99  2  1  4 99  5
A67  144 99 99 99 99 99 99 99  3 99  2  1  4 99  5
A67  145 99 99 99 99 99 99 99  3 99  2  1  4 99 99
A67  146 99 99 99 99 99 99 99  3 99  2  1  4 99  5
A67  147 99 99 99 99 99 99 99  3 99  2  1  4 99  5
A67  148 99 99 99 99 99 99  7  3  6  2  1  4 99  5
A67  149 99 99 99 99 99 99 99  3 99  2  1  4 99  6
A67  150 99 99 99 99 99 99 99  3 99  2  1  4 99  5
A67  151 99 99 99 99 99 99 99  3 99  2  1  4 99  5
A67  152 99 99 99 99 99 99 99  3 99  2  1  4 99  5
A67  153 99 99 99 99 99 99 99  3 99  2  1  4 99  5
A67  154 99 99 99 99 99 99 99  3 99  2  1  4 99  5
A67  155 99 99 99 99 99 99 99  3 99  2  1  4 99  5
A67  156 99 99 99 99 99 99 99  3 99  2  1  4 99  5
A67  157 99 99 99 99 99 99 99  3 99  2  1  4 99  5
A67  158 99 99 99 99 99 99 99  3 99  2  1  4 99  5
A67  159 99 99 99 99 99 99 99  3 99  2  1  4 99  5
A67  160 99 99 99 99 99 99 99  3 99  2  1  4 99  5
A67  161 99 99 99 99 99 99 99  3 99  2  1  4 99  5
A67  162 99 99 99 99 99 99 99  3 99  2  1  4 99  5
A67  163 99 99 99 99 99 99 99  3 99  2  1  4 99  5
A67  164 99 99 99 99 99  6  7  3  8  2  1  4 99  5
A67  165 99 99 99 99 99 99 99  1  2 99 99 99 99  3
A67  166 99 99 99  3 99 99 99  1 99  2 99 99 99 99
A67  167 99 99 99 99 99 99 99  1 99 99 99 99 99 99
A67  168 99 99  1 99 99 99  4 99  2 99 99 99 99  3
A67  169 99 99 99 99  2  4 99 99  3 99 99  5  1 99
A67  170 99  2 99 99 99 99 99 99  3 99 99  4  1 99
A67  171  2 99 99 99 99 99  1 99 99 99 99 99  3 99
A67  172 99 99 99 99 99 99  1  4 99 99 99  2 99  3
A67  173  1  3 99 99 99 99 99 99  2 99 99 99 99 99
A67  174 99  3 99 99 99 99 99 99  1 99 99  2 99 99
A67  175 99 99 99 99 99 99 99 99  1 99 99 99 99 99
A67  176 99 99 99 99  3 99  4 99  1 99 99 99 99  2
A67  177 99  2 99 99 99 99 99 99  1 99 99 99 99 99
A67  178  7  2 99 99  3  6  4 99  1 99 99 99  5 99
A67  179  5 99 99 99  6 99 99 99  1  2 99  3  4 99
A67  180 10  4  8 99 99  2  3 99  1  7  9 99  5  6
A67  181 99 99 99 99 99  3  2 99  1 99 99 99 99 99
A67  182 99 99 99 99 99 99 99 99  1 99 99 99 99 99
A67  183 99  2 99 99 99 99  3 99  1 99 99 99 99 99
