A68   50 NON-PR VOTERS ELECT  3  FROM  4  BY STV
A68    1  1  2  3  4
A68    2  2  4  3  1
A68    3  2 99 99  1
A68    4  2 99  3  1
A68    5  2 99  3  1
A68    6  2  4  3  1
A68    7  1 99 99 99
A68    8  1 99 99 99
A68    9  1 99 99 99
A68   10  1 99  2 99
A68   11  1 99 99 99
A68   12  1 99  2  3
A68   13  1  4  3  2
A68   14  1  4  2  3
A68   15  1  4  2  3
A68   16  1  4  3  2
A68   17  1 99  2  3
A68   18  1  4  2  3
A68   19  1  3 99  2
A68   20  1  4  2  3
A68   21  1  4  2  3
A68   22  1  4  3  2
A68   23  1  4  3  2
A68   24  1 99  2  3
A68   25  1  3  2  4
A68   26  1  3  2  4
A68   27  1  3  2  4
A68   28  1  2  3  4
A68   29  3  4  1  2
A68   30 99 99  1 99
A68   31  2 99  1  3
A68   32  3  4  1  2
A68   33  2  3  1  4
A68   34  2 99  1  3
A68   35  2 99  1  3
A68   36  3 99  1  2
A68   37  4  2  1  3
A68   38  2  4  1  3
A68   39 99  2  1  3
A68   40  2 99  1  3
A68   41  2 99  1  3
A68   42  2 99  1  3
A68   43 99 99  1 99
A68   44  4  3  1  2
A68   45  2 99  1 99
A68   46  4  2  1  3
A68   47 99  1 99 99
A68   48  2  1 99 99
A68   49  3  1  2 99
A68   50  1 99  1 99
