A69   86 NON-PR VOTERS ELECT  3  FROM  9  BY STV
A69    1  3  2 99 99  1  4 99 99 99
A69    2  3 99 99 99  1 99 99 99  2
A69    3  4 99  3 99  1  2 99 99  5
A69    4 99 99 99  2  1  3 99 99  4
A69    5  4 99  3 99  1  2 99 99  5
A69    6  9  8  4  5  1  3  7  2  6
A69    7  3 99 99 99  1 99 99  2 99
A69    8  2 99 99 99  1 99 99  3 99
A69    9  2  5  7  3  1  4  8  6  9
A69   10 99  2 99 99  1 99 99 99  3
A69   11  3  2  4  5  1  8  7  9  6
A69   12  3  8  7  4  2  9  1  6  5
A69   13  3  8  7  4  2  9  1  6  5
A69   14  3  8  7  4  2  9  1  6  5
A69   15  3 99 99 99  2 99 99  1 99
A69   16  3 99 99 99  2 99 99  1 99
A69   17 99 99  3  4  2 99 99  1  5
A69   18 99 99  3  4  2 99 99  1  5
A69   19 99 99 99 99 99 99 99 99  1
A69   20 99  3  2 99 99 99 99 99  1
A69   21 99  3  2 99 99 99 99 99  1
A69   22 99 99 99  1  2 99 99  3 99
A69   23  4  6  7  1  2 99  3  5  8
A69   24 99 99  4  1  2 99 99  3 99
A69   25 99 99 99  1  2 99 99  3 99
A69   26 99 99 99  1  2 99 99 99  3
A69   27  3 99 99  2 99  1 99 99 99
A69   28 99 99  3 99  4  1 99 99  2
A69   29  5 99 99  4  3  1 99 99  2
A69   30 99 99  2 99 99  1 99  3 99
A69   31 99 99 99 99  2  1 99 99  3
A69   32 99 99 99  3 99  1 99 99  2
A69   33  5 99 99  4  2  1 99  3 99
A69   34  3 99 99  4  2  1 99  5 99
A69   35 99 99  4  3  2  1 99 99 99
A69   36  2 99 99  4  5  1 99 99  3
A69   37 99 99  4 99  3  1 99 99  2
A69   38 99 99  3 99 99  1  2 99 99
A69   39  2 99  3 99 99  1 99 99  4
A69   40  4  9  6  1  5  3  8  2  7
A69   41  6  7  3  5  4  2  9  8  1
A69   42  6  7  3  4  9  2  8  5  1
A69   43  4  3 99 99 99  2 99 99  1
A69   44  6  7  3  4  9  2  8  5  1
A69   45  1 99 99 99  2  5 99  3  4
A69   46  1 99 99 99  2 99  3 99  4
A69   47  1  4  2  3 99 99 99 99 99
A69   48  1  4  2  3 99 99 99 99 99
A69   49  1  4  2  3 99 99 99 99 99
A69   50  1 99 99 99  3 99 99  2 99
A69   51  1  4 99  3  2  5 99 99 99
A69   52  1 99 99  3  2 99 99 99 99
A69   53  1 99 99  2 99 99 99 99  3
A69   54  1 99  5  4  2  6 99 99  3
A69   55  1 99 99 99  2 99 99 99  3
A69   56  2 99 99  3  4 99  1 99 99
A69   57  2 99 99 99 99  3 99  1 99
A69   58  2  1 99 99 99  4  5 99  3
A69   59  2  1  3 99 99 99 99 99 99
A69   60  2 99 99  1  3 99 99 99 99
A69   61  2  9  8  1  6  4  7  3  5
A69   62  3  1 99  2 99  5  4 99  6
A69   63  2 99  5  3 99 99 99  4  1
A69   64  2 99 99 99 99 99 99 99  1
A69   65  3  6  8  7  2  4  5  9  1
A69   66 99 99  1  2  6  5  4  3 99
A69   67  3 99  1 99 99 99 99 99  2
A69   68 99  3  1 99 99 99 99 99  2
A69   69 99 99  1 99 99 99  3 99  2
A69   70 99 99  1  2  6  5  4  3 99
A69   71 99 99  1  2  6  4  5  3 99
A69   72 99 99  1  2 99 99 99 99  3
A69   73 99 99  1  2 99 99 99 99  3
A69   74  6  4  1  7  8  2  5  9  3
A69   75 99  5  1 99  4  3 99  6  2
A69   76  4 99  1 99  3  2 99  6  5
A69   77 99 99  1 99  2 99 99 99 99
A69   78  2 99  1  3 99  4 99 99 99
A69   79  2 99  1  3  5  4 99 99 99
A69   80 99 99  1 99 99 99 99 99  2
A69   81  3 99  1 99  2 99 99 99 99
A69   82 99 99  1  2  3 99 99 99  4
A69   83 99 99  1  2  3 99 99 99  4
A69   84  3  1  2 99 99  5 99 99  4
A69   85  3  1  2 99 99 99 99 99 99
A69   86  3  1  2 99  4 99 99 99 99
