 A7   79 UNION  VOTERS ELECT  2  OUT OF 17 (BY RAV)                        
  7    1 99 99 99  1 99 99 99 99  4  2 99 99  3 99 99 99 99
  7    2  2 99  4  1 10 99  5 99  3  8 99 99  6 99  9  7 99
  7    3  6 99 99  1  3 99 99 99  2 99  4 99 99 99 99  5 99
  7    4 99 99 99  1 99 99 99 99  2 99 99 99 99 99 99 99 99
  7    5 99 99 99  1 99 99 99 99 99 99 99 99 99  2 99 99 99
  7    6 99 99 99  1 99 99  2 99 99 99 99 99 99 99 99 99 99
  7    7 99 99  2  1 99 99 99 99 99 99 99 99 99 99 99 99 99
  7    8 99 99  3  1 99 99  2 99 99 99 99 99 99 99 99 99 99
  7    9 99 99  2  1 99 99 99 99 99 99 99 99 99 99 99 99 99
  7   10  5  9 10  1 14 15  2  6 16  8 17  7  3  4 12 11 13
  7   11 99 99  3  1 99 99  2 99 99 99 99 99 99 99 99 99 99
  7   12 99 99  1  3 99 99  4 99  2 99 99 99 99 99 99 99 99
  7   13 14  5  1  2 15 16  3  7  6  8  9 13  4 11 10 17 12
  7   14 99 99  1  2 99 99 99 99  3 99 99 99 99 99 99 99 99
  7   15 99 99 99  2 99 99 99 99  1  3 99 99 99 99 99 99 99
  7   16 99 99 99  2 99 99 99 99  1 99 99 99 99 99 99 99 99
  7   17 99 99 99  3 99 99  2 99  1 99 99 99 99 99 99 99 99
  7   18  5  6  1  3 16  7  2  8 17 12 11 13  4 14 10 15  9
  7   19 99 99  3  2 99 99  1 99 99 99 99 99  4 99 99 99 99
  7   20  1  2  7  8 10  6 17  9 11 14 13  5 12  4 15 16  3
  7   21  2  6 15 11  3  1 17 12  8  7 10 13 16  9 14  5  4
  7   22 99 99  2  5  3 99  1 99 99 99 99 99 99 99 99  4 99
  7   23 99 99 99  3 99 99 99 99  4 99  2 99 99 99 99  1 99
  7   24  8 99  5  6 99 99 99  1  4  3 99 99  7 99  2 99 99
  7   25 99 99  4  5  7 99  9  2  1  6 99 99  8 99  3 99 99
  7   26 99 99  3  7  5 99  8 99  2 99  1 99 99 99  6  4 99
  7   27  2 99  9  7  1 99 99  5  3  6 99 99  8 10  4 99 99
  7   28 17 10  5  7 15 16 11  3  4  2  6 12  8 13  1  9 14
  7   29 17 11 10  9 12 14  8  6  1  4  2 16  7 15  3  5 13
  7   30 11 12  2 13 14 15  6  5  1  4 10  9  7  8  3 16 17
  7   31 10 14  6 12  7 17 11  4  1  3  9 13  5 15  2 16  8
  7   32 99 99  6 99 99 99 99  3  2  5 99 99  4 99  1 99 99
  7   33  7  9  5 16  6  8 14  4 15  3 10 17 11 13  1 12  2
  7   34 99 99 99 99 99 99 99  4  2 99 99 99  3 99  1 99 99
  7   35 99 99 99 99 99 99 99 99  3  4 99 99  2 99  1 99 99
  7   36 99 99 99 99 99 99 99 99 99 99  2 99  1 99 99 99 99
  7   37 99 99 99 99 99 99 99 99 99 99 99 99  1 99 99 99 99
  7   38 99 99 99 99 99 99 99  2  3 99 99 99  1 99 99 99 99
  7   39 99 99  4  2 99 99 99 99 99  3 99 99  1 99 99 99 99
  7   40 99 99  3  2 99 99 99 99 99 99 99 99  1 99 99 99 99
  7   41 99 99 99  2 99 99 99 99 99 99 99 99  1 99 99 99 99
  7   42  6  7  2  3  9 10  4 11 12  5 13  8  1 14 17 16 15
  7   43 99 99  2 99 99 99 99 99  3 99 99 99  1 99 99 99 99
  7   44 99 99  1  4 99 99 99 99 99  3 99 99 99  2 99 99 99
  7   45  9 10  1  4 99 99  5 99  2  8 99 99  3 99  6  7 99
  7   46 99 99  1 99 99 99 99 99 99 99 99 99  2 99 99 99 99
  7   47 99 99  1 99 99 99 99 99  4  5 99 99  2 99  3 99 99
  7   48 99 99  2  4 99 99 99 99  1 99 99 99  3 99 99 99 99
  7   49 99 99 99 99 99 99 99 99  1 99 99 99  2 99  3 99 99
  7   50 99 99 99 99  1 99 99 99 99 99 99 99  2 99 99 99 99
  7   51  5  6 99  4 99 99  3 99 99 99 99  1  2 99 99 99 99
  7   52 99 99  2 99 99 99  1 99 99 99 99 99  3 99 99 99 99
  7   53  3 13  8 10  4 16 15 17  7 14  1 12  5  9 11  2  6
  7   54  9 99  2  7 99 99  5 99  3 10  6 99  4 99  8  1 99
  7   55 99 99 99 99 99 99 99  1  2 99 99 99  3 99 99 99 99
  7   56 99 99  4 99 99 99 99  1  2 99 99 99 99 99  3 99 99
  7   57 99 99 99 99 99 99 99  1 99  2 99 99 99 99  3 99 99
  7   58 99 99 99 99 99 99 99  1  3 99 99 99 99 99  2 99 99
  7   59 99 99 99 99 99 99 99  2  3  1 99 99 99 99  4 99 99
  7   60 99 99 99 99 99 99 99  3  1 99 99 99 99 99 99  2 99
  7   61  3 99 99 99  4 99 99 99 99 99  2 99 99 99  1 99  5
  7   62 99 99 99 99 99 99 99 99 99  3 99 99 99 99  1  2 99
  7   63 99 99 99 99 99 99 99  3  2 99 99 99 99 99  1 99 99
  7   64 99 99 99 99 99 99 99  3  4  2 99 99 99 99  1 99 99
  7   65 99 99 99 99 99 99 99  2  1 99 99 99 99 99 99 99 99
  7   66  3 99 99 99 99 99 99 99 99 99  1 99 99 99 99  2 99
  7   67 99 99  2 99 99 99 99 99  1 99  4 99 99 99 99  3 99
  7   68 99 99 99 99 99 99 99 99 99 99  2 99 99 99 99  1 99
  7   69 99 99 99 99 99 99 99 99 99 99  2 99 99 99 99  1 99
  7   70  2 99 99 99  1 99 99 99 99 99 99 99 99 99 99 99 99
  7   71  1 99 99 99 99 99 99 99  2 99 99 99 99 99 99 99 99
  7   72  1 99 99 99 99  2 99 99 99 99 99 99 99 99 99 99 99
  7   73 99 99 99 99  2 99 99 99 99 99  1 99 99 99 99 99  3
  7   74 99 99 99 99 99 99 99 99 99 99 99  1 99 99 99 99 99
  7   75 99 99 99 99 99 99 99 99 99 99 99 99 99  1 99 99  2
  7   76 99 99 99 99 99 99 99 99  1  2 99 99 99 99 99 99 99
  7   77 99 99 99 99 99 99 99 99 99  1 99 99 99 99 99 99 99
  7   78 99 99 99 99 99 99 99 99  1 99 99 99 99 99 99 99 99
  7   79 99 99  1 99 99 99 99 99  2 99 99 99 99 99 99 99 99
