A70  529 NON-PR VOTERS ELECT  3  FROM  9  BY STV
A70    1 99 99 99 99  2  1 99 99 99
A70    2 99 99 99 99 99  2 99 99 99
A70    3 99 99 99 99  1 99 99 99 99
A70    4 99 99 99 99  1 99 99 99 99
A70    5 99 99 99 99  1 99 99 99 99
A70    6 99 99 99 99  1 99 99 99 99
A70    7 99 99 99 99  1 99 99 99 99
A70    8 99 99 99 99  1 99 99 99 99
A70    9 99  2 99  1 99  3 99 99 99
A70   10 99 99 99  1  3  2 99 99 99
A70   11 99 99 99 99  1 99  2 99 99
A70   12 99 99 99 99  1 99  2 99 99
A70   13 99  1 99 99 99  3  2 99 99
A70   14 99  1 99 99  2 99  3 99 99
A70   15 99  1 99 99  2 99  3 99 99
A70   16 99  1 99 99  3 99  2 99 99
A70   17 99  1 99 99  2 99 99 99 99
A70   18 99  1 99 99 99  2 99 99 99
A70   19 99  2 99 99 99  3  1 99 99
A70   20 99  2 99 99 99  3  1 99 99
A70   21 99 99 99 99 99 99  1 99 99
A70   22 99 99 99 99 99 99  1 99 99
A70   23 99 99 99 99 99 99  1 99 99
A70   24 99 99 99 99 99 99  1 99 99
A70   25  1 99 99 99  3  2 99 99 99
A70   26 99 99 99  3  1 99  2 99 99
A70   27 99 99 99  3  1 99  2 99 99
A70   28 99 99 99  2  1 99 99 99 99
A70   29 99 99 99  2  1 99 99 99  3
A70   30 99 99 99  2  1 99 99 99 99
A70   31 99 99 99  1 99 99 99 99 99
A70   32  3 99 99  1  2 99 99 99 99
A70   33 99 99 99  1 99 99 99 99 99
A70   34 99  2 99  1  3 99 99 99 99
A70   35 99 99 99  1 99 99 99 99 99
A70   36 99 99 99  1 99 99 99 99 99
A70   37 99 99 99  1  3  4  2 99 99
A70   38 99  1 99  2 99  3  4 99 99
A70   39 99  1 99  2 99 99  3 99 99
A70   40  1 99 99  2  3 99 99 99 99
A70   41  1 99 99  2  3 99  4 99 99
A70   42 99 99 99  3  2 99  1 99 99
A70   43  9  4  5  3  1  8  2  7  6
A70   44 99 99  3  2  1 99  4 99  5
A70   45 99 99  3  1  2 99 99 99 99
A70   46 99 99  2  1 99 99 99 99  3
A70   47 99 99  2  1 99 99 99 99  3
A70   48 99 99  2  1 99 99 99 99  3
A70   49 99  3  2  1 99 99 99 99 99
A70   50 99 99  2  1 99 99 99 99  3
A70   51 99 99  2  1 99 99 99 99  3
A70   52 99 99  2  1 99 99 99  3 99
A70   53 99 99  3  1  2 99 99 99 99
A70   54 99  3  2  1 99 99 99 99 99
A70   55 99 99  1  2 99 99 99 99  3
A70   56 99 99  1  2 99 99 99 99  3
A70   57 99 99  1  3 99 99 99 99  2
A70   58 99 99  1  4 99 99 99  2  3
A70   59 99 99  1 99 99 99 99 99  2
A70   60 99 99  1  3 99 99 99 99  2
A70   61 99 99  1 99 99 99 99 99 99
A70   62 99 99  1  2  3 99  4 99 99
A70   63 99 99  1  2  3 99  4 99 99
A70   64 99 99  1 99  3 99 99 99  2
A70   65 99 99  1 99  2 99 99 99 99
A70   66 99 99  1  3 99 99 99 99  2
A70   67 99 99  1  2  3 99  4 99 99
A70   68 99 99  1 99  3 99  2 99 99
A70   69 99  2  1 99  4 99  3  5 99
A70   70  8  6  1  7  2 99  5  3  4
A70   71 99  4  1  3  7  8  6  5  2
A70   72  6  7  1  8  2  9  5  4  3
A70   73  7  6  1  8  9  3  4  5  2
A70   74  7  6  1  8  9  3  4  5  2
A70   75  7  6  1  8  9  3  4  5  2
A70   76 99 99  1  2 99 99 99 99  3
A70   77  2 99  1 99 99 99 99  3  4
A70   78 99 99  1  3  2 99 99  4  5
A70   79 99 99  1  4  3 99 99 99  2
A70   80 99 99  1  2 99 99 99 99  3
A70   81  8  7  1  9  2  6  4  5  3
A70   82 99 99  1  2 99 99 99 99  3
A70   83 99 99  1  2 99 99 99 99  3
A70   84 99  2  1 99 99  3 99  4 99
A70   85 99 99  1  3 99 99 99 99  2
A70   86  5  9  1  8  2  7  4  3  6
A70   87 99 99  1 99 99 99  2 99 99
A70   88 99  3  1 99 99  2 99 99 99
A70   89 99 99  1 99  3 99 99  2  4
A70   90 99 99  1  3 99 99 99 99  2
A70   91 99 99  1  3 99 99 99 99  2
A70   92 99 99  1  3 99 99 99 99  2
A70   93 99 99  1  3 99 99 99 99  2
A70   94 99 99  1  3 99 99 99 99  2
A70   95 99 99  1 99 99  2 99  3 99
A70   96 99  3  1 99  2 99  4 99 99
A70   97 99 99  1  2 99 99 99  3 99
A70   98 99 99  1 99  2 99  3 99 99
A70   99 99 99  1  5  4 99  3 99  2
A70  100 99 99  1  3 99 99 99 99  2
A70  101 99  2  1 99 99 99 99 99 99
A70  102 99 99  1 99 99 99 99  3  2
A70  103 99 99  1 99  2 99 99 99 99
A70  104 99 99  1  3 99 99 99 99  2
A70  105 99 99  1  3 99 99 99 99  2
A70  106  2 99  1 99 99 99  3 99  4
A70  107 99  4  1 99  3 99 99  2 99
A70  108 99  1  2 99 99  3 99  4  5
A70  109 99  1  3 99 99  2 99 99 99
A70  110 99  1  2 99  3 99 99 99  4
A70  111 99  1  2 99 99 99 99  3 99
A70  112  3  1  2  9  4  6  7  5  8
A70  113 99  2  3 99 99  1 99 99 99
A70  114 99  3  2 99 99 99  1  4 99
A70  115 99  3  2 99 99 99  1  4 99
A70  116 99 99  2 99  4 99  1 99  3
A70  117  1 99  2 99 99 99  3 99  4
A70  118  1  5  2  6  3  7  8  9  4
A70  119  1 99  2 99 99 99 99 99  3
A70  120  1 99  2 99  3 99 99 99 99
A70  121  1 99  2 99 99 99 99 99  3
A70  122  1 99  2 99 99 99 99  3 99
A70  123  1 99  2  4 99 99 99 99  3
A70  124  1 99  2  3 99 99 99 99 99
A70  125  7  5  2  8  9  1  6  4  3
A70  126 99  3  2 99 99  1 99 99 99
A70  127 99 99  2 99  1 99 99 99  3
A70  128  4  5  2  6  1  7  9  8  3
A70  129 99 99  2 99  1 99  3 99 99
A70  130 99 99  2 99  1 99  3 99 99
A70  131 99 99  2  3  1 99 99 99 99
A70  132  4  5  2  3  1  7  6  9  8
A70  133  4  9  2  6  1  8  5  7  3
A70  134  3 99  2  5  1 99 99 99  4
A70  135 99 99  2 99  1 99  3 99  4
A70  136  4 99  3 99  1  2 99  5 99
A70  137  2  7  3  9  1  8  5  6  4
A70  138  6  7  3  5  1  9  2  4  8
A70  139  6  7  3  5  1  9  2  4  8
A70  140  6  7  3  5  1  9  2  4  8
A70  141  6  7  3  5  1  9  2  4  8
A70  142  6  7  3  5  1  9  2  4  8
A70  143  6  7  3  5  1  9  2  4  8
A70  144  6  7  3  5  1  9  2  4  8
A70  145  6  7  3  5  1  9  2  4  8
A70  146  6  7  3  5  1  9  2  4  8
A70  147  6  7  3  5  1  9  2  4  8
A70  148  6  7  3  5  1  9  2  4  8
A70  149  6  7  3  5  1  9  2  4  8
A70  150  6  7  3  5  1  9  2  4  8
A70  151 99 99  4 99  1  3  2 99 99
A70  152  3  8  4  6  1  9  2  7  5
A70  153 99 99 99  3  1 99  2  4 99
A70  154 99  3 99  2  1 99 99  5  4
A70  155 99 99 99  2  1 99 99  3 99
A70  156 99  5 99  2  1 99  4  3 99
A70  157 99  3 99  1 99 99 99  2 99
A70  158 99  3 99  1 99 99 99  2 99
A70  159 99 99  4  1  3 99 99  2  5
A70  160  2  6 99  1  5 99 99  3  4
A70  161  9  5  6  1  2  7  3  4  8
A70  162 99 99 99  1 99 99 99  2  3
A70  163 99  3 99  1  4 99 99  2 99
A70  164 99 99 99  2 99 99  1  3 99
A70  165 99  2 99  3 99 99 99  1 99
A70  166 99  2 99  3 99 99 99  1 99
A70  167 99  2 99 99  3 99 99  1 99
A70  168  8  3  5  7  2  4  9  1  6
A70  169  7  2  4  8  3  5  9  1  6
A70  170 99 99  2 99  4  3 99  1 99
A70  171 99  3 99 99 99  2 99  1 99
A70  172 99  3 99 99 99  2 99  1 99
A70  173 99  2 99  3 99 99 99  1 99
A70  174 99  2 99  3 99 99 99  1 99
A70  175 99 99 99  4  2  3 99  1 99
A70  176 99 99 99 99  3  2 99  1 99
A70  177  7  2  3  5  6  4  8  1  9
A70  178 99 99 99 99  2  3 99  1 99
A70  179  7  6  5  3  4  8  9  1  2
A70  180 99 99 99 99 99  2 99  1 99
A70  181 99  2 99  4  3 99 99  1 99
A70  182  3  2 99 99 99 99 99  1 99
A70  183 99  3 99 99 99  2 99  1 99
A70  184 99  3 99 99  2 99 99  1 99
A70  185  3  2  6  4  8  9  5  1  7
A70  186 99  3  5  6  7  2  4  1 99
A70  187 99  2 99 99 99  3 99  1 99
A70  188 99  2 99 99 99  3 99  1 99
A70  189 99 99 99 99 99  2  3  1 99
A70  190 99 99  2  4  5 99  3  1 99
A70  191 99 99  2  4  5 99  3  1 99
A70  192 99 99 99 99 99  2 99  1 99
A70  193 99  2 99  3 99 99 99  1 99
A70  194 99 99 99 99 99  2  3  1 99
A70  195 99  2  5  4  3  7  6  1 99
A70  196 99  3  4 99 99  2 99  1 99
A70  197 99  3 99 99 99  2 99  1 99
A70  198 99  3 99 99  2 99 99  1 99
A70  199 99  2 99 99 99 99  3  1 99
A70  200 99 99  2 99  4  3 99  1 99
A70  201 99  2 99 99 99  3 99  1 99
A70  202 99  2 99 99 99  3 99  1 99
A70  203 99  4 99 99  2 99  3  1 99
A70  204 99  4 99 99  2 99  3  1 99
A70  205  7  8  2  9  5  6  3  1  4
A70  206 99  3 99 99  2 99 99  1 99
A70  207 99  2 99  3 99 99 99  1 99
A70  208 99 99 99 99  2  3 99  1 99
A70  209 99  4 99 99  2 99 99  1  3
A70  210 99  3 99 99  2 99 99  1  4
A70  211 99  2 99 99 99 99 99  1 99
A70  212 99  3 99 99 99 99  2  1 99
A70  213 99 99 99 99  2 99 99  1 99
A70  214 99 99 99 99  3 99  4  1  2
A70  215 99  3 99 99  2 99 99  1 99
A70  216  3 99 99 99 99  2 99  1 99
A70  217 99 99 99 99 99  2 99  1 99
A70  218 99  2 99 99 99 99 99  1  3
A70  219  9  2  5  8  4  3  7  1  6
A70  220 99  1 99 99 99  3 99  2 99
A70  221 99  1 99 99 99  3 99  2 99
A70  222 99  1 99 99 99 99  3  2 99
A70  223 99  1 99 99  3  4  5  2 99
A70  224 99  1 99 99 99 99 99  2 99
A70  225 99  1  4  5 99  3 99  2 99
A70  226 99  1 99 99 99 99  3  2 99
A70  227 99  1 99 99  2 99  4  3 99
A70  228  3  1  5  6  4  8  7  2  9
A70  229 99  1 99 99 99 99  3  2 99
A70  230 99  1 99 99  2 99 99  3 99
A70  231 99  1 99 99  3  4  5  2 99
A70  232 99  1 99 99  3  4 99  2 99
A70  233 99  1 99 99 99 99 99  2 99
A70  234 99  1 99 99  3 99 99  2 99
A70  235 99  1  5  4 99  2 99  3 99
A70  236 99  1 99 99  2 99 99  3 99
A70  237 99  1 99 99  2 99 99  3 99
A70  238 99  1 99 99  2 99 99  3 99
A70  239 99  1 99 99  2 99 99  3 99
A70  240 99  1 99 99  2 99 99  3 99
A70  241 99  1 99 99 99  4 99  2  3
A70  242 99  1 99 99 99  3 99  2 99
A70  243 99  1 99 99 99  3 99  2 99
A70  244 99  1 99 99  3  4  5  2  6
A70  245 99  1 99 99  3  4  5  2  6
A70  246 99  1 99 99  3  4  5  2  6
A70  247  6  1  5  7  8  2  9  3  4
A70  248 99  1 99 99 99 99 99  2 99
A70  249 99  1 99 99  2 99 99  3 99
A70  250 99  1 99 99 99 99 99  2 99
A70  251 99  1 99 99 99  3 99  2 99
A70  252 99  1 99 99 99 99 99  2 99
A70  253 99  1 99 99 99  3 99  2 99
A70  254 99  1 99 99  4  3 99  2 99
A70  255 99  1 99 99 99  2 99  3 99
A70  256 99  1 99 99 99  2 99  3 99
A70  257 99  1 99 99 99  2 99  3 99
A70  258  9  7  4  6  2  8  1  3  5
A70  259 99  4 99 99 99  1  2  3 99
A70  260  7  5  8  9  4  2  1  3  6
A70  261  1 99 99 99 99 99 99  2  3
A70  262  1  7  6  9  8  3  4  2  5
A70  263  6  5  4  3  7  1  8  2 99
A70  264 99  3 99 99 99  1 99  2 99
A70  265 99 99 99 99  2  1 99  3 99
A70  266 99  3 99 99 99  1 99  2 99
A70  267 99  3  4 99 99  1 99  2 99
A70  268 99 99 99 99 99  1 99  2 99
A70  269 99  3 99 99 99  1 99  2 99
A70  270 99 99 99 99  1 99 99  2 99
A70  271 99 99 99 99  1 99 99  2 99
A70  272 99 99 99 99  1  3 99  2 99
A70  273  5 99 99  3  1 99 99  2  4
A70  274 99  3 99 99  1 99 99  2 99
A70  275 99  3 99 99  1 99 99  2 99
A70  276  4  7  3  8  1  9  6  2  5
A70  277 99  3  4 99  1 99 99  2 99
A70  278 99 99  4 99  1 99 99  2  3
A70  279  8  5  7  9  1  3  4  2  6
A70  280 99 99 99 99  1 99 99  2 99
A70  281 99  3 99 99  1 99 99  2 99
A70  282 99 99 99 99  1 99 99  2 99
A70  283  9  7  3  6  1  4  5  2  8
A70  284  4  3 99 99  1 99 99  2 99
A70  285 99 99 99 99  1 99  3  2 99
A70  286 99 99 99 99  1 99  3  2 99
A70  287  3 99  4 99  1 99 99  2 99
A70  288  4  5 99 99  1 99 99  2  3
A70  289 99 99 99 99  1  3 99  2 99
A70  290  5  6  7  8  1  9  3  2  4
A70  291 99  3 99 99  1  4 99  2 99
A70  292  9  8  4  7  1  3  6  2  5
A70  293 99  4 99  3  1 99 99  2 99
A70  294  3 99 99 99  1 99 99  2 99
A70  295  5  8  4  6  1  3  9  2  7
A70  296 99 99  4 99  1  2 99  3 99
A70  297 99 99  4 99  1  2 99  3 99
A70  298  2 99 99 99  1 99 99  3 99
A70  299  2 99 99 99  1 99 99  3 99
A70  300  3 99 99 99  1 99  2  4 99
A70  301  3 99 99 99  1 99  2  4 99
A70  302  3 99 99 99  1 99  2  4 99
A70  303 99 99 99 99  1 99  2  3  4
A70  304 99 99 99 99  1 99  2  3  4
A70  305  6  5  8  7  1  4  2  3  9
A70  306 99 99 99 99  1 99  2  3 99
A70  307 99 99 99 99  1 99  2  3 99
A70  308 99 99 99 99  1 99  2  3 99
A70  309 99  4 99 99  1 99  2  3 99
A70  310 99  4 99 99  1 99  2  3 99
A70  311 99 99 99 99  1 99  2  3 99
A70  312  9  7  6  8  1  3  2  4  5
A70  313 99  4 99 99  1 99  2  3 99
A70  314 99  4 99 99  1 99  2  3 99
A70  315 99 99 99 99  1 99  2  3 99
A70  316 99  2 99 99  1 99 99  3 99
A70  317 99  2 99 99  1 99 99  3 99
A70  318 99  2 99 99  1 99 99  3 99
A70  319 99  2 99 99  1 99 99  3 99
A70  320 99  2 99 99  1 99 99  3 99
A70  321 99  2 99 99  1 99 99  3 99
A70  322 99 99  3  1 99 99 99 99  2
A70  323 99 99  3  1 99 99 99 99  2
A70  324 99 99  3  1 99 99 99 99  2
A70  325 99 99  3  1 99 99 99 99  2
A70  326 99 99  3  1 99 99 99 99  2
A70  327 99 99  3  1 99 99 99 99  2
A70  328 99 99  3  1 99 99 99 99  2
A70  329 99 99  3  1 99 99 99 99  2
A70  330 99 99  3  1 99 99 99 99  2
A70  331 99 99  3  1 99 99 99 99  2
A70  332 99 99  3  1 99 99 99 99  2
A70  333 99 99 99  1 99 99 99  3  2
A70  334 99 99  3  1 99 99 99 99  2
A70  335 99 99  3  1 99 99 99 99  2
A70  336 99 99  3  1 99 99 99 99  2
A70  337 99 99  3  1 99 99 99 99  2
A70  338 99 99  3  1 99 99 99 99  2
A70  339 99 99 99  1  2 99 99 99  3
A70  340  4 99  3  1 99 99  5 99  2
A70  341 99 99 99  1  2 99 99 99  3
A70  342  2 99 99  1 99 99 99 99  3
A70  343 99 99  3  1 99 99 99 99  2
A70  344 99 99  4  1  2 99 99 99  3
A70  345 99  5  3  1  4 99 99 99  2
A70  346 99 99  3  1 99 99 99 99  2
A70  347 99 99 99  1  3 99 99 99  2
A70  348 99 99  3  1 99 99 99 99  2
A70  349 99 99  3  1 99 99 99 99  2
A70  350 99 99  3  1 99 99 99 99  2
A70  351 99  1 99  2  3  4 99 99  5
A70  352  1 99 99  2 99 99  4  5  3
A70  353  1 99 99  2 99 99 99 99  3
A70  354  3 99 99 99 99  2 99 99  1
A70  355 99 99 99 99  2 99  3 99  1
A70  356 99  3 99 99 99  2  5  4  1
A70  357  2 99 99 99 99 99 99 99  1
A70  358 99 99 99 99  3 99 99  2  1
A70  359 99 99  3  2 99 99 99 99  1
A70  360 99 99  3  2 99 99 99 99  1
A70  361 99 99  2  3 99 99 99 99  1
A70  362 99 99  2  3 99 99 99 99  1
A70  363 99 99 99 99 99 99 99  2  1
A70  364  2 99 99 99 99 99 99 99  1
A70  365 99  3 99 99 99  2  5  4  1
A70  366  7  8  6  2  3  5  4  9  1
A70  367  2 99 99  3 99 99 99 99  1
A70  368 99 99  3 99  2 99 99 99  1
A70  369  7  8  6  2  3  5  4  9  1
A70  370 99 99  3  2 99 99 99 99  1
A70  371 99 99  3  2 99 99 99 99  1
A70  372 99 99  2  3 99 99 99 99  1
A70  373 99 99  3  2 99 99 99 99  1
A70  374  2 99  3 99  4  5 99  6  1
A70  375 99 99  2  3 99 99 99 99  1
A70  376  2 99 99 99 99 99 99 99  1
A70  377 99 99  3  2 99 99 99 99  1
A70  378 99  2  3 99 99 99 99 99  1
A70  379 99 99  2 99  3 99 99 99  1
A70  380 99 99 99 99 99 99 99 99  1
A70  381 99  3 99 99 99 99 99  2  1
A70  382 99 99  3  2 99 99 99 99  1
A70  383 99 99  3  2 99 99 99 99  1
A70  384 99 99  3  2 99 99 99 99  1
A70  385 99 99 99 99 99 99 99 99  1
A70  386 99 99  3 99  2 99 99 99  1
A70  387 99 99 99 99  3 99 99  2  1
A70  388 99 99  2  3 99 99 99 99  1
A70  389 99 99  2  3 99 99 99 99  1
A70  390 99 99  2  3 99 99 99 99  1
A70  391 99 99  3  2 99 99 99 99  1
A70  392 99 99 99  3  2 99 99  4  1
A70  393 99 99 99  4  2 99 99  3  1
A70  394 99 99  3  2 99 99 99 99  1
A70  395 99  5 99 99  2  3 99  4  1
A70  396 99 99  2  3 99 99 99 99  1
A70  397 99 99 99  2 99 99  3 99  1
A70  398  5 99 99  2 99 99  3  4  1
A70  399 99 99  3  2 99 99 99 99  1
A70  400 99 99  3  2 99 99 99 99  1
A70  401 99 99  3  2 99 99 99 99  1
A70  402 99 99 99 99 99 99 99 99  1
A70  403 99 99  3  2 99 99 99 99  1
A70  404 99  2  3 99 99 99 99 99  1
A70  405 99 99  3  2 99 99 99 99  1
A70  406  4 99 99  3 99 99  2 99  1
A70  407 99 99  3  2 99 99 99 99  1
A70  408 99 99  2 99 99 99 99  3  1
A70  409 99 99  2  3 99 99 99 99  1
A70  410 99 99  2  3 99 99 99 99  1
A70  411 99  1 99 99 99 99  3 99  2
A70  412 99  1  3 99 99 99 99 99  2
A70  413 99  1 99 99 99 99 99 99  2
A70  414  1  3  6  8  2  9  5  7  4
A70  415  2 99 99 99 99 99  1 99  3
A70  416  2 99 99 99 99 99  1 99  3
A70  417 99 99  4 99  3 99  1 99  2
A70  418 99 99 99 99 99 99  1 99  2
A70  419 99 99 99 99 99 99  1 99  2
A70  420 99 99 99 99 99 99  1 99  2
A70  421  1 99 99 99  2 99 99 99  3
A70  422  1 99 99 99  2 99 99 99  3
A70  423  1 99 99 99 99 99 99 99  2
A70  424  1 99 99 99  2 99 99 99  3
A70  425  1  6  4  5  2  8  7  9  3
A70  426  1 99 99 99 99  2 99 99  3
A70  427  3 99 99  4  1 99 99 99  2
A70  428  3 99 99  4  1 99 99 99  2
A70  429  3 99 99  4  1 99 99 99  2
A70  430  3 99 99  4  1 99 99 99  2
A70  431  3 99 99  4  1 99 99 99  2
A70  432  3 99 99  4  1 99 99 99  2
A70  433  3 99 99  4  1 99 99 99  2
A70  434  3 99 99  4  1 99 99 99  2
A70  435  3 99 99  4  1 99 99 99  2
A70  436  3 99 99  4  1 99 99 99  2
A70  437  3 99 99  4  1 99 99 99  2
A70  438  3 99 99  4  1 99 99 99  2
A70  439  3 99 99  4  1 99 99 99  2
A70  440  3 99 99  4  1 99 99 99  2
A70  441  3 99 99  4  1 99 99 99  2
A70  442  3 99 99  4  1 99 99 99  2
A70  443  3 99 99  4  1 99 99 99  2
A70  444  3 99 99  4  1 99 99 99  2
A70  445  3 99 99  4  1 99 99 99  2
A70  446  3 99 99  4  1 99 99 99  2
A70  447  3 99 99  4  1 99 99 99  2
A70  448  3 99 99  4  1 99 99 99  2
A70  449  3 99 99  4  1 99 99 99  2
A70  450  3 99 99  4  1 99 99 99  2
A70  451  3 99 99  4  1 99 99 99  2
A70  452  3 99 99  4  1 99 99 99  2
A70  453 99 99 99 99  1 99 99 99  2
A70  454 99 99 99 99 99  1 99 99  2
A70  455 99 99  3 99  1 99 99 99  2
A70  456 99 99  3 99  1 99 99 99  2
A70  457 99 99 99 99  1 99  3 99  2
A70  458 99 99 99 99  1 99 99 99  2
A70  459  3 99 99 99  1 99 99 99  2
A70  460 99  3 99 99  1 99 99  4  2
A70  461  6 99  5 99  1  3  4 99  2
A70  462 99 99 99 99  1 99 99 99  2
A70  463  3 99 99 99  1 99 99 99  2
A70  464  3 99 99 99  1 99 99 99  2
A70  465  3 99 99 99  1 99 99 99  2
A70  466  3 99 99 99  1 99 99 99  2
A70  467  3 99 99  4  1 99 99 99  2
A70  468  3 99 99  4  1 99 99 99  2
A70  469  3 99 99  4  1 99 99 99  2
A70  470  3 99 99  4  1 99 99 99  2
A70  471  3 99 99  4  1 99 99 99  2
A70  472  3 99 99  4  1 99 99 99  2
A70  473  3 99 99  4  1 99 99 99  2
A70  474  3 99 99  4  1 99 99 99  2
A70  475  3 99 99  4  1 99 99 99  2
A70  476  3 99 99  4  1 99 99 99  2
A70  477  3 99 99  4  1 99 99 99  2
A70  478  3 99 99  4  1 99 99 99  2
A70  479  3 99 99  4  1 99 99 99  2
A70  480  3 99 99  4  1 99 99 99  2
A70  481  3 99 99  4  1 99 99 99  2
A70  482  3 99 99  4  1 99 99 99  2
A70  483  3 99 99  4  1 99 99 99  2
A70  484  3 99 99  4  1 99 99 99  2
A70  485  3 99 99  4  1 99 99 99  2
A70  486  3 99 99  4  1 99 99 99  2
A70  487  3 99 99  4  1 99 99 99  2
A70  488  3 99 99  4  1 99 99 99  2
A70  489  3 99 99  4  1 99 99 99  2
A70  490  3 99 99  4  1 99 99 99  2
A70  491  3 99 99  4  1 99 99 99  2
A70  492  3 99 99  4  1 99 99 99  2
A70  493  3 99 99  4  1 99 99 99  2
A70  494  3 99 99  4  1 99 99 99  2
A70  495  3 99 99  4  1 99 99 99  2
A70  496  3 99 99  4  1 99 99 99  2
A70  497  3 99 99  4  1 99 99 99  2
A70  498  3 99 99  4  1 99 99 99  2
A70  499  3 99 99  4  1 99 99 99  2
A70  500  3 99 99  4  1 99 99 99  2
A70  501  3 99 99  4  1 99 99 99  2
A70  502  3 99 99  4  1 99 99 99  2
A70  503 99 99 99 99  1  2  4 99  3
A70  504 99 99 99 99  1  2 99 99  3
A70  505 99 99 99 99  1  2 99 99  3
A70  506 99 99 99 99  1  2 99 99  3
A70  507 99 99 99 99  1  2 99 99  3
A70  508  2 99 99 99  1 99 99 99  3
A70  509  2 99 99 99  1 99 99 99  3
A70  510  2 99 99 99  1 99 99 99  3
A70  511  2 99 99 99  1 99 99 99  3
A70  512  2 99 99 99  1 99 99  4  3
A70  513  2 99 99 99  1 99 99 99  3
A70  514 99  4 99 99  1 99  2 99  3
A70  515 99  4 99 99  1 99  2 99  3
A70  516 99  4 99 99  1 99  2 99  3
A70  517  4 99 99 99  1 99  2 99  3
A70  518  4 99 99 99  1 99  2 99  3
A70  519 99 99 99 99  1 99  2 99  3
A70  520 99 99 99 99  1 99  2 99  3
A70  521 99 99 99 99  1 99  2 99  3
A70  522  4 99 99 99  1 99  2 99  3
A70  523 99  2 99 99  1 99 99 99  3
A70  524 99  3 99 99  2  4 99  1 99
A70  525 99 99 99  3 99 99 99  1  2
A70  526 99 99  1  2 99  3 99 99 99
A70  527 99  1 99 99  1 99 99 99  1
A70  528 99 99 99 99  1 99  1  1 99
A70  529 99  1  1  1 99 99 99 99 99
