A71  500 PR ASN VOTERS ELECT  7  FROM  8  BY STV   1/5  SAMPLE
A71    1  5  2  1 99 99 99  3  4
A71    2  2 99  1 99 99 99 99 99
A71    3 99 99  1 99 99 99 99  2
A71    4  4  3  1  2  8  7  5  6
A71    5  4  3  1  2  5  8  6  7
A71    6  2  8  1  5  7  3  4  6
A71    7  2  6  1  3  7 99  4  5
A71    8 99 99  1  3 99  2  3 99
A71    9  3 99  1  4 99  2  5 99
A71   10  3  2  1  5  4  8  6  7
A71   11 99  2  1 99 99 99 99 99
A71   12 99 99  1  2 99 99 99 99
A71   13  7  8  1  6  3  5  2  4
A71   14  7  4  1  2  8  6  3  5
A71   15 99 99  1  2 99 99  3 99
A71   16  5  2  1  4  3  8  6  7
A71   17  3  4  1  2  5 99 99 99
A71   18  2 99  1  3 99 99 99 99
A71   19  2  3  1  7  4 99  5  6
A71   20  3  2  1 99 99 99 99 99
A71   21 99 99  1  2 99 99  3 99
A71   22  6  5  1  2  4 99  3  7
A71   23  5  2  1  6  4  3 99  7
A71   24 99 99  1  2  3  4 99 99
A71   25  4  3  1  6  7  8  2  5
A71   26  8  5  1  2  7  6  3  4
A71   27  3  7  1  2  5  8  6  4
A71   28 99 99  1 99  2 99 99  3
A71   29 99 99  1  2 99 99  3 99
A71   30  4 99  1  2 99  3  6  5
A71   31  4  3  1  7  5 99  2  6
A71   32 99 99  1 99 99 99 99 99
A71   33  2  3  1  5  6  8  4  7
A71   34  2 99  1 99 99 99  4  3
A71   35  2  6  1  3  4 99  5  7
A71   36  6  7  1  2  3 99  4  5
A71   37 99  3  1  2 99  4 99  5
A71   38  3  5  1  6  4  2  8  7
A71   39  4  5  1  2  3  8  6  7
A71   40 99  4  1  2  3 99 99 99
A71   41  5  6  1  3  4  8  2  7
A71   42  5 99  1  3  2 99  4 99
A71   43  3 99  1 99 99 99  2 99
A71   44  2 99  1 99 99 99  3 99
A71   45  2 99  1 99  3 99 99 99
A71   46  2 99  1  3  4 99 99 99
A71   47  4  2  1  5  6 99  3  7
A71   48  4  6  1  2  3  8  5  7
A71   49 99 99  1  2  4 99  3 99
A71   50 99 99  1 99 99 99 99 99
A71   51  5  2  1 99 99  3  6  4
A71   52 99 99  1 99  3 99  2 99
A71   53 99  3  1  4  2 99 99 99
A71   54 99  3  1  2 99 99  4 99
A71   55  2 99  1  6  3  4  5  7
A71   56  5  3  1  4  6  2  7  8
A71   57  2  4  1  3  5 99  7  6
A71   58  3  4  1  2  5  6  7  8
A71   59  4  7  1  3  6  8  5  2
A71   60  5  6  1  2  4 99  3  7
A71   61  2 99  1  3 99  4 99  5
A71   62  6  5  4  1  3  8  2  7
A71   63  4  5 99  1  2 99  3  6
A71   64  6  4  7  1  2  5  3 99
A71   65  5  4  6  1  3  8  2  7
A71   66  7  4  6  1  2  8  3  5
A71   67  3  5  4  1  2  8  6  7
A71   68  4  5  8  1  3  6  2  7
A71   69  4  6  5  1  2  8  3  7
A71   70  4  6  5  1  2 99  3  7
A71   71  7  5  4  1  2 99  3  6
A71   72 99  5  4  1  2 99  3 99
A71   73  5  6  4  1  2 99  3  7
A71   74  6  5  4  1  3 99  2  7
A71   75  5  4  6  1  3 99  2 99
A71   76  4  6  5  1  2 99  3 99
A71   77  4  6  3  1  2 99  5 99
A71   78  4  3 99  1  2 99  5  6
A71   79  6  5  4  1  3  8  2  7
A71   80  6  4  7  1  2  5  3  8
A71   81  5  6  4  1  3  8  2  7
A71   82 99  4 99  1  3 99  2 99
A71   83  3  4  6  1  2 99  5  7
A71   84  4  5  3  1  2  8  6  7
A71   85  7  5  4  1  2  8  3  6
A71   86  4  5  6  1  2  8  3  7
A71   87  5  4  6  1  3 99  2 99
A71   88  5  4  6  1  2  8  3  7
A71   89  6  5  4  1  3 99  2 99
A71   90  4  5  6  1  2 99  3  7
A71   91  4  3  5  1  2  6  7  8
A71   92  5  6  3  1  2 99  4  7
A71   93 99  5  4  1  2 99  3 99
A71   94  6  5  4  1  3 99  2  7
A71   95  5  6  4  1  3  8  2  7
A71   96  4  5  6  1  3 99  2  7
A71   97  5  4  6  1  3  7  2  8
A71   98 99  3 99  1 99 99  2 99
A71   99  5  3 99  1  4 99  2 99
A71  100 99  2 99  1  3 99 99 99
A71  101 99  2  3  1 99  5  4 99
A71  102  3  2 99  1 99 99 99 99
A71  103  3  2  4  1  6  7  8  5
A71  104 99  2  4  1 99 99  3 99
A71  105 99  2  3  1  6  7  4  5
A71  106  4  2  3  1  7  8  5  6
A71  107  6  2  3  1  4  5  7  8
A71  108  4  1  3  2 99 99  5 99
A71  109  4  1  5  2  3 99  6  7
A71  110 99  1  2  3 99 99 99 99
A71  111 99  1  2 99  3 99 99 99
A71  112 99  1  2  3  5  6  7  4
A71  113  4  1  8  2  5  6  7  3
A71  114 99  1 99 99  3 99  2 99
A71  115 99  1 99 99  3  2 99 99
A71  116 99  1  2  3 99 99  4 99
A71  117  3  1  2  6  5  8  4  7
A71  118 99  1 99 99 99 99 99 99
A71  119 99  1 99 99 99 99 99  2
A71  120 99  1 99 99 99 99 99 99
A71  121  2  1  3  6  4  5  8  7
A71  122  8  1  7  2  6  5  3  4
A71  123 99  1 99  3  4  6  2  5
A71  124  3  1  5  4  6  8  2  7
A71  125 99  1  2 99 99 99  3 99
A71  126  4  1  5  2  3  7  6 99
A71  127  4  1 99 99 99 99  3  2
A71  128 99  1  2 99 99  3 99 99
A71  129  4  1  6  2  5  8  3  7
A71  130 99  1  2 99 99 99 99 99
A71  131 99  1 99 99 99 99 99 99
A71  132  1 99  2 99 99 99 99 99
A71  133  1  2  3  4  5 99  6  7
A71  134  1  6  2  3 99  4  5  7
A71  135  1  2  4  5  6 99  3 99
A71  136  1  4  5  3  8  6  7  2
A71  137  1  3  2  4  5  8  6  7
A71  138  1 99  5  3 99 99  2  4
A71  139  1  6  7  8  2  4  5  3
A71  140  1 99 99  3 99 99  2 99
A71  141  1 99  3 99  2 99 99 99
A71  142  1  4 99 99  3 99  2 99
A71  143  1  8  7  3  5  6  2  4
A71  144  1 99  3 99 99 99  2  4
A71  145  1  2 99  3  4  7  6  5
A71  146  1  5  3  4  7  2  6  8
A71  147  1 99  2  3 99 99 99 99
A71  148  1  5  6  2  7 99  3  4
A71  149  1 99 99  2 99 99  3 99
A71  150  1  6  2  3  7  8  4  5
A71  151  1 99  3  2 99 99 99 99
A71  152  1  3 99  2 99 99 99 99
A71  153  1  7  4  2  8  6  5  3
A71  154  1 99  6  2  7  3  4  5
A71  155  1 99  2  3 99  6  4  5
A71  156  1  7  5  2  6 99  3  4
A71  157  1 99 99  2  4 99  3 99
A71  158  1  5  3  6  8  7  2  4
A71  159  1  3 99 99 99 99 99  2
A71  160  1 99  5  4 99  3  2 99
A71  161  1 99  2 99 99 99 99 99
A71  162  1 99 99  2 99 99 99 99
A71  163  1  4  7  6  5 99  3  2
A71  164  1  6  7  4  5  3  2  8
A71  165  1  3  2  8  4  7  6  5
A71  166  1 99  3  2 99 99  4 99
A71  167  1 99 99 99  3 99  2 99
A71  168  1 99  2  3  4 99 99  5
A71  169  1 99  2  6  5 99  3  4
A71  170  1 99  2  3  6  4  7  5
A71  171  1 99 99  2 99 99 99 99
A71  172  1  2  5  8  7  6  4  3
A71  173  1  8  2  7  5  6  4  3
A71  174  1  8  2  4  7  5  6  3
A71  175  1  4  2 99 99 99  3 99
A71  176  1 99  2 99  3 99 99 99
A71  177  1  2  3  6  5 99  4 99
A71  178  1  3  2  4 99  7  5  6
A71  179  2 99  3  1 99 99  4 99
A71  180  2  3 99  1 99 99 99 99
A71  181  3 99  4  1 99 99  2 99
A71  182  2  3  4  1  5 99 99 99
A71  183  2 99  3  1 99 99 99 99
A71  184  2 99 99  1 99 99  3 99
A71  185  3 99 99  1 99 99  2 99
A71  186  2  3 99  1 99 99  4 99
A71  187  4  3 99  1 99 99  2 99
A71  188  2 99 99  1 99 99  3 99
A71  189  3 99 99  1  4 99  2 99
A71  190 99 99  2  1  3 99  4 99
A71  191  3 99  2  1 99 99 99 99
A71  192  3 99  2  1 99 99 99 99
A71  193 99 99  2  1 99 99  3 99
A71  194  4 99  3  1 99 99  2 99
A71  195  3 99  2  1 99 99  4 99
A71  196 99 99  2  1  3 99  4 99
A71  197 99 99  3  1  4 99  2 99
A71  198 99 99  2  1 99 99 99 99
A71  199  3 99  2  1 99 99 99 99
A71  200  3 99 99  1  2 99 99 99
A71  201 99 99 99  1  3 99  2 99
A71  202 99 99 99  1  2 99 99 99
A71  203 99 99 99  1  3 99  2 99
A71  204 99 99 99  1  2 99 99 99
A71  205 99 99 99  1  2 99 99 99
A71  206 99 99 99  1  2 99  3 99
A71  207 99 99 99  1  2 99 99 99
A71  208 99 99 99  1  3 99  2 99
A71  209 99 99 99  1  2 99  3 99
A71  210 99 99 99  1  3 99  2 99
A71  211 99 99 99  1  2 99  3 99
A71  212 99 99 99  1  3 99  2 99
A71  213 99 99 99  1  2 99  3 99
A71  214 99 99  4  1  2 99  3 99
A71  215 99 99  3  1  2 99  4 99
A71  216  3 99 99  1  2 99  4 99
A71  217  4 99 99  1  3 99  2 99
A71  218 99 99 99  1  2 99 99 99
A71  219 99 99  4  1  3 99  2 99
A71  220 99 99 99  1  3 99  2 99
A71  221  4 99  5  1  3 99  2 99
A71  222  4 99 99  1  2 99  3 99
A71  223  4 99  5  1  2 99  3 99
A71  224 99 99 99  1 99 99 99 99
A71  225 99 99 99  1 99 99 99 99
A71  226 99 99 99  1 99 99 99 99
A71  227 99 99 99  1 99 99 99 99
A71  228 99 99 99  1 99 99 99 99
A71  229 99 99 99  1 99 99 99 99
A71  230 99 99 99  1 99 99 99 99
A71  231 99 99 99  1 99 99  2 99
A71  232 99 99 99  1 99 99  2 99
A71  233 99 99 99  1 99 99 99 99
A71  234 99 99 99  1 99 99 99 99
A71  235 99 99 99  1 99 99 99 99
A71  236 99 99 99  1 99 99 99 99
A71  237 99 99 99  1 99 99 99 99
A71  238 99 99 99  1 99 99 99 99
A71  239 99 99 99  1 99 99  2 99
A71  240  3  5  2  1  4 99 99 99
A71  241 99  4  2  1 99 99  3 99
A71  242 99  4  2  1 99 99  3 99
A71  243  5  4  3  1 99 99  2 99
A71  244  3  6 99  1  4 99  2  5
A71  245  2  7  3  1  4  8  6  5
A71  246  2  3  6  1  5  8  4  7
A71  247  2  6  3  1  7  8  4  5
A71  248  2  7  4  1  8  6  3  5
A71  249  3  5  6  1  4  8  2  7
A71  250  3  4  5  1  7 99  2  6
A71  251  3  7  5  1  4 99  2  6
A71  252  3  4 99  1 99 99  2  5
A71  253  2  3  6  1  5 99  4  7
A71  254  3  7  5  1  4 99  2  6
A71  255  2  6  4  1  3  8  5  7
A71  256  2  3  4  1 99  7  6  5
A71  257  2  6  3  1  7  8  4  5
A71  258  2  3  4  1  7  8  6  5
A71  259  2  3  7  1  4 99  5  6
A71  260  2  5  7  1  8  4  6  3
A71  261 99  5 99  1  2 99  3  4
A71  262  7  6  4  1  2  8  3  5
A71  263  8  5  6  1  2  7  3  4
A71  264 99  6  5  1  2  7  4  3
A71  265  6  5  7  1  3 99  2  4
A71  266  3  7  8  1  2  6  4  5
A71  267  4 99 99  1  2 99 99  3
A71  268 99 99 99  1  2 99  3  4
A71  269  4  7  6  1  3 99  2  5
A71  270  5  8  7  1  3  6  2  4
A71  271  4  6  7  1  2 99  3  5
A71  272  5  6  7  1  2 99  3  4
A71  273 99  5 99  1  2 99  3  4
A71  274  7  6  5  1  3 99  2  4
A71  275 99 99 99  1  2 99 99  3
A71  276  4  6  7  1  2  8  3  5
A71  277  3  6 99  1  2  5  7  4
A71  278  5 99  7  1  2  4  6  3
A71  279 99  5 99  1  2 99  3  4
A71  280  5  7  4  1  2  8  3  6
A71  281  6  7 99  1  2  3  4  5
A71  282 99 99  4  1 99 99  2  3
A71  283  4 99 99  1 99 99  3  2
A71  284  3  8  4  1  6  7  5  2
A71  285  4 99 99  1  3 99 99  2
A71  286  6  7  4  1  5  8  2  3
A71  287  5  6  7  1  8  4  2  3
A71  288  4  5  7  1  6  8  2  3
A71  289  5  6  3  1  4  8  7  2
A71  290  7  6  5  1  4 99  2  3
A71  291  8  7  5  1  6  4  2  3
A71  292 99  7  5  1  6  3  4  2
A71  293  6  5  7  1  4  3  8  2
A71  294 99  4 99  1 99 99  2  3
A71  295 99 99  5  2  3 99  4  1
A71  296  3  5  4 99  2 99 99  1
A71  297  7  6  5  4  3 99  2  1
A71  298  3 99 99 99  4 99  2  1
A71  299 99  2  3 99 99 99 99  1
A71  300 99 99  4  5 99  3  2  1
A71  301 99 99  2 99 99 99 99  1
A71  302  5  3  2  4 99  6  7  1
A71  303  3  5  7  4  2  6  8  1
A71  304 99  4  5  2  7  6  3  1
A71  305 99 99 99  3 99 99  2  1
A71  306 99 99  2  1  4 99 99  3
A71  307 99  5  2  1 99 99  3  4
A71  308 99 99  2  1 99 99 99  3
A71  309  7  6  2  1  5 99  3  4
A71  310  3 99  2  1  4  7  5  6
A71  311  5  7  3  1  6 99  2  4
A71  312  7  6  2  1  5 99  3  4
A71  313 99 99  2  1  3  6  4  5
A71  314  4  5  2  1  3  7 99  6
A71  315  7  3  2  1  6 99  4  5
A71  316  4  5  3  1  6  8  2  7
A71  317  7  5  2  1  3 99  4  6
A71  318  4  6  2  1  5  8  3  7
A71  319  5  6  2  1  4  8  3  7
A71  320  6  3  2  1  4 99  7  5
A71  321  5  6  4  2  1  3  7  8
A71  322  5  4  3  6  1  8  2  7
A71  323 99 99 99 99  1  2  3 99
A71  324  5  7  4  2  1  6  3  8
A71  325 99  3 99  2  1 99 99 99
A71  326 99 99  2 99  1 99 99  3
A71  327 99 99 99 99  1 99 99 99
A71  328 99 99 99 99  1 99 99 99
A71  329 99  6  5  2  1  4  3  7
A71  330  4 99 99  3  1 99  2 99
A71  331  6 99  5  3  1 99  2  4
A71  332 99 99 99  3  1 99  2 99
A71  333  6  5  3  2  1  8  7  4
A71  334 99  3  5  4  1 99  2 99
A71  335  4  5  2  6  1  8  7  3
A71  336  4 99 99  5  1  3 99  2
A71  337  7  3  5  2  1 99  4  6
A71  338 99  4  3 99  1 99  2 99
A71  339  3 99  4  2  1  7  5  6
A71  340 99 99  3 99  1 99  2 99
A71  341 99 99 99 99  1 99 99 99
A71  342  3 99 99  2  1 99 99 99
A71  343  4  3  2 99  1 99 99 99
A71  344  5  6  2  4  1  8  3  7
A71  345  4  2  3 99  1 99 99 99
A71  346  2  6  7  4  1  8  3  5
A71  347  6  8  5  3  1  2  7  4
A71  348  7  3  4  2  1  8  5  6
A71  349  3  2 99 99  1 99 99 99
A71  350  2 99  3 99  1 99  4 99
A71  351  4 99  2  3  1 99 99 99
A71  352  7  8  2  6  1  4  5  3
A71  353  4  3  5  7  1  8  2  6
A71  354 99 99 99  2  1 99  3 99
A71  355  2  3  4  5  1  8  7  6
A71  356 99  3 99  4  1  5  2 99
A71  357 99 99 99 99  1 99  2  3
A71  358  4  3  7  6  1  8  2  5
A71  359 99 99  2 99  1 99 99 99
A71  360  4  5  2  7  1  8  3  6
A71  361  4  5  2  3  1  8  6  7
A71  362  8  3  7  2  1  4  6  5
A71  363 99 99 99  3  1  4  2 99
A71  364  5  6  4  2  1  8  3  7
A71  365 99 99 99 99  1 99 99 99
A71  366  4  6  5  2  1  8  3  7
A71  367  5  4  3  7  1  8  2  6
A71  368  2 99  3 99  1 99  4  5
A71  369  4 99 99  3  1 99  2 99
A71  370 99 99 99  3  1 99  2 99
A71  371  4  7  8  2  1  5  3  6
A71  372  5  8  4  2  1  7  3  6
A71  373 99 99  2 99  1 99  3 99
A71  374  6  7 99  2  1  4  3  5
A71  375  3  6  5  2  1  8  4  7
A71  376 99 99  3  2  1 99  4 99
A71  377  4  5  6  2  1  7  3  8
A71  378  5  6  4  2  1  8  3  7
A71  379  2 99  7  1  6  4  3  5
A71  380  2  4 99  1 99  5  3 99
A71  381  2  7  3  1  4  6  5  8
A71  382  2  7  3  1  8  4  6  5
A71  383  2  5  3  1  6  4  7  8
A71  384  2 99 99  1  4  3 99 99
A71  385 99  6  5  1  2  4  3  7
A71  386  5 99 99  1  2  4  3 99
A71  387  5  7 99  1  2  4  3  6
A71  388  3  7  8  1  2  5  4  6
A71  389 99 99 99  1  3  4  2  5
A71  390 99  7  3  1  2  4  5  6
A71  391  8  5  6  1  2  4  3  7
A71  392 99 99 99  1 99  2 99 99
A71  393 99 99 99  1  3  2 99 99
A71  394  5  3  4  1  6  2  7 99
A71  395  2  5  6  1  4  8  3  7
A71  396  2 99 99  1 99 99  3  4
A71  397  4  8  7  1  6  2  3  5
A71  398  3  7 99  1  6  2  4  5
A71  399  6 99  4  1  5  3  2  7
A71  400  4  5  7  1  3  2  6  8
A71  401  4  8  5  1  6  2  7  3
A71  402 99 99 99  1 99  3  2 99
A71  403  6  4  3  1  5  2 99 99
A71  404  3 99 99  1 99  2 99 99
A71  405 99 99  5  1  4  2  3 99
A71  406  3 99  4  1 99  2  5 99
A71  407 99 99  3  2 99  1 99 99
A71  408  3  6  7  2  8  1  4  5
A71  409  6  3  2  8  7  1  4  5
A71  410  6  5  4  2  3  1  8  7
A71  411  2 99 99 99 99  1 99 99
A71  412 99  7  6  4  2  1  3  5
A71  413 99 99 99 99 99  1 99 99
A71  414  3 99  2 99 99  1 99  4
A71  415 99 99 99 99  3  1 99  2
A71  416  6  2  3  4 99  1  7  5
A71  417  8  2  6  3  5  1  4  7
A71  418  6  2  8  7  5  1  3  4
A71  419 99 99  4 99  3  1  2 99
A71  420 99 99 99  2 99  1 99 99
A71  421  3  2  4  7  8  1  5  6
A71  422  2  5  6  8  3  1  4  7
A71  423  2 99 99  5 99  1  3  4
A71  424 99 99  2 99 99  1  3 99
A71  425 99 99 99 99 99  1  2 99
A71  426  7  3  6  2  4  1  5  8
A71  427  6  7  5  4  8  1  2  3
A71  428 99 99 99 99 99  1 99 99
A71  429  3  7  2  1  4  6  5  8
A71  430  5  4  2  1  6 99  3 99
A71  431 99 99  2  1 99  3 99  4
A71  432 99 99  2  1 99  3 99  4
A71  433 99  3  2  1  7  4  6  5
A71  434 99  3  2  1  4  5 99 99
A71  435  3  4  2  1  5  6  7  8
A71  436  2 99  3  4 99 99  1 99
A71  437 99 99 99 99 99 99  1  2
A71  438  3  7  6  5  4  8  1  2
A71  439  2  6  7  4  3  5  1  8
A71  440  2  3 99 99 99 99  1 99
A71  441  6 99  2  7  4  5  1  3
A71  442  4 99 99  2 99 99  1  3
A71  443  2  4 99  3 99 99  1  5
A71  444  4  6 99  3  2  5  1  7
A71  445  2 99 99  3  4 99  1 99
A71  446  4 99 99  3  5  2  1  6
A71  447  6  5  4  3  2  7  1  8
A71  448  5 99  3  2  4 99  1 99
A71  449  7  8  6  5  3  4  1  2
A71  450  2  6  4  3  5  8  1  7
A71  451  2  7  5  4  6 99  1  3
A71  452 99  6  5  3  2  4  1  7
A71  453  6  5  7 99  3  4  1  2
A71  454 99  4 99  2  3 99  1 99
A71  455 99 99 99  2  3 99  1 99
A71  456  2  3 99  4 99 99  1 99
A71  457  2 99 99 99  3 99  1 99
A71  458  7  6  5  3  2 99  1  4
A71  459  2  5  3  7  4 99  1  6
A71  460  4 99  5  3  2  6  1 99
A71  461  6  4  5  2  3  8  1  7
A71  462 99 99 99  2 99 99  1 99
A71  463  5  6  7  2  3 99  1  4
A71  464  2 99 99 99 99 99  1 99
A71  465  7  6  3  4  5 99  1  2
A71  466  4 99  5 99  3 99  1  2
A71  467 99 99 99  3  2 99  1 99
A71  468  3  6  8  5  2  7  1  4
A71  469  6  4  7  3  2  8  1  5
A71  470  3  4 99 99 99 99  1  2
A71  471  2 99 99 99 99 99  1 99
A71  472  3 99 99  2 99 99  1 99
A71  473  7  5 99  3  2  4  1  6
A71  474 99 99  3 99 99 99  1  2
A71  475  3 99 99  4 99 99  1  2
A71  476  2  4  3  5  6  8  1  7
A71  477  4  3  5  2 99 99  1 99
A71  478  2  5  3  4 99 99  1  6
A71  479  3  6  2  4  5 99  1  7
A71  480  2 99 99  3 99  4  1 99
A71  481 99  2  3 99 99  4  1 99
A71  482  3  5  6  7  4  8  1  2
A71  483 99 99  4  3  2 99  1 99
A71  484  3  4  5  6  2  8  1  7
A71  485  3 99  2 99 99 99  1 99
A71  486  3 99 99  5  4 99  1  2
A71  487 99  4  2 99  5  3  1 99
A71  488  3 99  4 99 99 99  1  2
A71  489 99 99 99  2  3 99  1 99
A71  490  6 99 99  2  4  3  1  5
A71  491  5  6  3  4  7  8  1  2
A71  492 99  2 99  3 99 99  1 99
A71  493  6  3 99  4  7  5  1  2
A71  494 99 99 99 99  2 99  1 99
A71  495  6  7  5  2  3  8  1  4
A71  496  3 99 99 99 99 99  1  2
A71  497  4  7  8  3  2  6  1  5
A71  498 99 99 99 99 99 99  1 99
A71  499  1  1  1  1  1 99  1  1
A71  500  4  5 99  1  3  6  2  7
