A72  272 UNION  VOTERS ELECT  2  FROM  3  BY STV   1/10 SAMPLE
A72    1  2  3  1
A72    2  2  3  1
A72    3  2  3  1
A72    4  3  2  1
A72    5  2  3  1
A72    6  2  3  1
A72    7  2  3  1
A72    8 99 99  1
A72    9  2 99  1
A72   10  3  2  1
A72   11  2  3  1
A72   12  2  3  1
A72   13  2 99  1
A72   14  2 99  1
A72   15  2  3  1
A72   16  2 99  1
A72   17  2  3  1
A72   18  2  3  1
A72   19  2  3  1
A72   20  2 99  1
A72   21  2 99  1
A72   22  2 99  1
A72   23  2  3  1
A72   24  3  2  1
A72   25  2 99  1
A72   26  3  2  1
A72   27 99 99  1
A72   28  3  2  1
A72   29 99 99  1
A72   30 99 99  1
A72   31 99 99  1
A72   32  2 99  1
A72   33  2 99  1
A72   34  3  2  1
A72   35  2 99  1
A72   36 99 99  1
A72   37  2  3  1
A72   38 99 99  1
A72   39  2  3  1
A72   40 99 99  1
A72   41  2  3  1
A72   42 99 99  1
A72   43  2  3  1
A72   44 99 99  1
A72   45  3  2  1
A72   46  2  3  1
A72   47  2 99  1
A72   48  3  2  1
A72   49  3  2  1
A72   50  3  2  1
A72   51  3  2  1
A72   52  3  2  1
A72   53  3  2  1
A72   54  2  3  1
A72   55 99 99  1
A72   56  2 99  1
A72   57  2  3  1
A72   58  2 99  1
A72   59  2  3  1
A72   60  2 99  1
A72   61  3  2  1
A72   62  3  2  1
A72   63  2  3  1
A72   64  2  3  1
A72   65  3  2  1
A72   66 99 99  1
A72   67  2  3  1
A72   68 99 99  1
A72   69  3  2  1
A72   70 99 99  1
A72   71 99 99  1
A72   72  2  3  1
A72   73  2  3  1
A72   74  2  3  1
A72   75  2  3  1
A72   76  2 99  1
A72   77  3  2  1
A72   78  2  3  1
A72   79  2  3  1
A72   80  2  3  1
A72   81  2 99  1
A72   82  2  3  1
A72   83  2 99  1
A72   84  3  2  1
A72   85  2  3  1
A72   86  3  2  1
A72   87  2  3  1
A72   88  2 99  1
A72   89  2  3  1
A72   90 99  2  1
A72   91  2  3  1
A72   92  3  2  1
A72   93  2 99  1
A72   94 99 99  1
A72   95  2  3  1
A72   96  2 99  1
A72   97  2 99  1
A72   98  2  3  1
A72   99  2  3  1
A72  100  2 99  1
A72  101 99 99  1
A72  102  2 99  1
A72  103 99  1  2
A72  104 99  1  2
A72  105  2  1  3
A72  106  3  1  2
A72  107  2  1  3
A72  108  3  1  2
A72  109  3  1  2
A72  110  3  1  2
A72  111  2  1  3
A72  112  2  1  3
A72  113  2  1  3
A72  114  3  1  2
A72  115  3  1  2
A72  116  3  1  2
A72  117 99  1 99
A72  118 99  1 99
A72  119 99  1 99
A72  120  2  1  3
A72  121  2  1  3
A72  122  3  1  2
A72  123  2  1 99
A72  124 99  1  2
A72  125 99  1  2
A72  126 99  1  2
A72  127  2  1 99
A72  128  2  1  3
A72  129  3  1  2
A72  130 99  1  2
A72  131 99  1  2
A72  132  3  1  2
A72  133 99  1 99
A72  134  3  1  2
A72  135 99  1  2
A72  136 99  1  2
A72  137 99  1  2
A72  138 99  1  2
A72  139 99  1  2
A72  140  1  3  2
A72  141  1  3  2
A72  142  1 99  2
A72  143  1  2  3
A72  144  1  2 99
A72  145  1  3  2
A72  146  1  3  2
A72  147  1  3  2
A72  148  1  3  2
A72  149  1  3  2
A72  150  1  2  3
A72  151  1  3  2
A72  152  1  3  2
A72  153  1  2 99
A72  154  1  2  3
A72  155  1 99  2
A72  156  1  3  2
A72  157  1 99 99
A72  158  1  3  2
A72  159  1  3  2
A72  160  1 99 99
A72  161  1 99  2
A72  162  1  3  2
A72  163  1 99  2
A72  164  1  2  3
A72  165  1  3  2
A72  166  1 99  2
A72  167  1  3  2
A72  168  1  3  2
A72  169  1  3  2
A72  170  1 99  2
A72  171  1 99  2
A72  172  1 99  2
A72  173  1  3  2
A72  174  1 99 99
A72  175  1  3  2
A72  176  1 99  2
A72  177  1 99  2
A72  178  1 99  2
A72  179  1 99  2
A72  180  1 99  2
A72  181  1  2  3
A72  182  1 99 99
A72  183  1  3  2
A72  184  1 99  2
A72  185  1  3  2
A72  186  1  3  2
A72  187  1 99 99
A72  188  1  3  2
A72  189  1  3  2
A72  190  1  3  2
A72  191  1  2 99
A72  192  1  3  2
A72  193  1  3  2
A72  194  1 99  2
A72  195  1  3  2
A72  196  1 99  2
A72  197  1  3  2
A72  198  1  3  2
A72  199  1  2  3
A72  200  1  3  2
A72  201  1  3  2
A72  202  1  3  2
A72  203  1  3  2
A72  204  1  2  3
A72  205  1  3  2
A72  206  1 99  2
A72  207  1  3  2
A72  208  1  2  3
A72  209  1  3  2
A72  210  1  3  2
A72  211  1  2 99
A72  212  1  2  3
A72  213  1 99 99
A72  214  1  3  2
A72  215  1  2  3
A72  216  1  2  3
A72  217  1 99  2
A72  218  1  2  3
A72  219  1  3  2
A72  220  1 99 99
A72  221  1  2  3
A72  222  1  2  3
A72  223  1 99  2
A72  224  1 99  2
A72  225  1 99  2
A72  226  1  3  2
A72  227  1 99  2
A72  228  1 99 99
A72  229  1  2  3
A72  230  1  3  2
A72  231  1  3  2
A72  232  1 99 99
A72  233  1 99  2
A72  234  1 99  2
A72  235  1 99  2
A72  236  1  2  3
A72  237  1  3  2
A72  238  1  3  2
A72  239  1  2  3
A72  240  1 99  2
A72  241  1  3  2
A72  242  1 99  2
A72  243  1  3  2
A72  244  1 99  2
A72  245  1 99  2
A72  246  1 99  2
A72  247  1  3  2
A72  248  1 99  2
A72  249  1 99  2
A72  250  1 99  2
A72  251  1 99  2
A72  252  1  2  3
A72  253  1 99  2
A72  254  1  3  2
A72  255  1  3  2
A72  256  1  3  2
A72  257  1 99 99
A72  258  1 99 99
A72  259  1  2  3
A72  260  1  3  2
A72  261  1 99  2
A72  262  1  3  2
A72  263  1  3  2
A72  264  1  3  2
A72  265  1 99  2
A72  266  1 99  2
A72  267  1 99  2
A72  268  1 99  2
A72  269  1 99  2
A72  270  1 99  2
A72  271  1 99  2
A72  272  1 99  2
