A73  525 UNION  VOTERS ELECT  2  FROM  5  BY STV   1/5  SAMPLE
A73    1  1  2 99 99 99
A73    2  1  3  4  2  5
A73    3  1  2 99 99 99
A73    4  1  2  3 99 99
A73    5  2  4  5  3  1
A73    6  1  2  3  4  5
A73    7  1  2  3 99 99
A73    8  1  2 99 99 99
A73    9  1  2  4  3  5
A73   10  1  2 99 99 99
A73   11  1  3  4  2  5
A73   12  1  2  5  3  4
A73   13  1  2 99  3 99
A73   14  1  2 99  3 99
A73   15  1  2 99 99 99
A73   16  1  3  4  2  5
A73   17  1  3 99 99  2
A73   18  1  2  5  3  4
A73   19  1  4  5  2  3
A73   20  1  2 99 99 99
A73   21  1  2 99 99 99
A73   22  1  2 99 99 99
A73   23  1  2 99 99 99
A73   24  1  2 99 99 99
A73   25  1  2 99 99 99
A73   26  1  3  4  5  2
A73   27  1  2 99 99 99
A73   28  1  2  3  4  5
A73   29  1  2 99 99 99
A73   30  1  2 99 99 99
A73   31  1  2 99 99 99
A73   32  1  2 99 99 99
A73   33  1  2  4  3  5
A73   34  1  2  4  3  5
A73   35  1  3  4  2  5
A73   36  1  2  3  4  5
A73   37  1  2 99  3 99
A73   38  1  2 99  3 99
A73   39  1  2 99  3 99
A73   40  1  2 99  3 99
A73   41  1  4  5  2  3
A73   42  1  2 99  3 99
A73   43  1  2  3  4  5
A73   44  1  2 99 99  3
A73   45  1  2  5  3  4
A73   46  1  3  2  4  5
A73   47  1  5  3  2  4
A73   48  1  5  4  2  3
A73   49  1  3  2  4  5
A73   50  1 99  2 99 99
A73   51  2  4  3  5  1
A73   52  2  4  3  5  1
A73   53  2  4  3  5  1
A73   54  2  5  4  3  1
A73   55  2  5  3  4  1
A73   56  1 99  2 99  3
A73   57  1  3  2  4  5
A73   58  1  3  2  5  4
A73   59  1  4  2  5  3
A73   60  1  4  2  5  3
A73   61  1  3  2 99 99
A73   62  1  5  2  4  3
A73   63  1  3  2  4  5
A73   64  1  3  2  4  5
A73   65  1 99  2  3 99
A73   66  1  3  2  4  5
A73   67  1  3  2  4  5
A73   68  1  4  2  3 99
A73   69  1 99  2 99 99
A73   70  1  5  4  2  3
A73   71  1  3  2  5  4
A73   72  1  3  2  4  5
A73   73  1 99  2 99 99
A73   74  1 99  2  3 99
A73   75  1  3  2  4  5
A73   76  1 99 99  2 99
A73   77  1 99 99  2 99
A73   78  1 99 99  2 99
A73   79  1 99 99 99 99
A73   80  1 99 99 99 99
A73   81  1 99 99  2 99
A73   82  1 99 99  2 99
A73   83  1 99 99  2 99
A73   84  1 99 99 99  2
A73   85  1 99 99 99 99
A73   86  1 99 99  2 99
A73   87  1 99 99 99 99
A73   88  1 99 99 99 99
A73   89  1 99 99  2 99
A73   90  1 99 99 99 99
A73   91  1 99 99 99 99
A73   92  1 99 99  2 99
A73   93  1 99 99 99 99
A73   94  2 99 99 99  1
A73   95  5  3  4  2  1
A73   96  3  5  4  2  1
A73   97 99 99 99  2  1
A73   98 99 99  3  2  1
A73   99 99 99  3  2  1
A73  100  4  3  5  2  1
A73  101  4  3  5  2  1
A73  102  4  2  3  5  1
A73  103  3  2  4  5  1
A73  104  5  2  4  3  1
A73  105  5  2  4  3  1
A73  106 99  2 99 99  1
A73  107  5  2  4  3  1
A73  108 99 99  2 99  1
A73  109 99 99  2 99  1
A73  110 99 99  2 99  1
A73  111 99 99  2  3  1
A73  112 99 99  2 99  1
A73  113 99 99  2 99  1
A73  114 99 99  2 99  1
A73  115 99 99  2 99  1
A73  116  3  4  2  5  1
A73  117  3  5  2  4  1
A73  118  5  4  2  3  1
A73  119 99 99  2 99  1
A73  120  5  4  2  3  1
A73  121 99 99  2 99  1
A73  122 99 99  2 99  1
A73  123  5  4  2  3  1
A73  124  3  4  2  5  1
A73  125 99 99  2 99  1
A73  126 99 99  2 99  1
A73  127  5  4  2  3  1
A73  128  4  3  2  5  1
A73  129  3  5  2  4  1
A73  130 99 99  2  3  1
A73  131  3  5  2  4  1
A73  132 99 99  2 99  1
A73  133 99 99  2 99  1
A73  134 99 99  2 99  1
A73  135  3  5  2  4  1
A73  136 99 99  2 99  1
A73  137  5  4  2  3  1
A73  138 99 99  2 99  1
A73  139 99 99 99 99  1
A73  140 99 99 99 99  1
A73  141 99 99 99 99  1
A73  142 99 99 99 99  1
A73  143  3 99  2  1 99
A73  144 99 99 99  1  2
A73  145  5  2  4  1  3
A73  146 99  2 99  1 99
A73  147  4  2  5  1  3
A73  148  3  2  4  1  5
A73  149 99 99  2  1 99
A73  150 99  2 99  1 99
A73  151  5  4  3  1  2
A73  152  5  2  4  1  3
A73  153 99 99 99  1 99
A73  154  5  2  3  1  4
A73  155  4  2  3  1  5
A73  156 99  2  3  1 99
A73  157 99  2  3  1 99
A73  158 99  3  2  1 99
A73  159 99 99  2  1 99
A73  160 99  2 99  1 99
A73  161  3  2  4  1  5
A73  162  3  2  5  1  4
A73  163 99 99 99  1 99
A73  164 99  2 99  1 99
A73  165 99  2 99  1 99
A73  166 99 99 99  1 99
A73  167  5  2  3  1  4
A73  168 99  3  2  1 99
A73  169 99  2  3  1 99
A73  170 99 99 99  1 99
A73  171 99 99 99  1 99
A73  172 99 99 99  1 99
A73  173  5  2  3  1  4
A73  174 99 99 99  1 99
A73  175 99 99 99  1 99
A73  176  2 99 99  1 99
A73  177 99 99 99  1 99
A73  178  3  4  2  1  5
A73  179  5  4  3  1  2
A73  180  2 99 99  1 99
A73  181  5  2  4  1  3
A73  182 99  2 99  1 99
A73  183  2  3  4  1  5
A73  184  3  2  5  1  4
A73  185  4  5  2  1  3
A73  186  4  5  2  1  3
A73  187  2 99 99  1 99
A73  188  3  2  5  1  4
A73  189  2 99 99  1 99
A73  190  3  2 99  1 99
A73  191  3  2 99  1 99
A73  192  5  4  2  1  3
A73  193 99 99 99  1 99
A73  194 99  2 99  1 99
A73  195 99 99 99  1  2
A73  196  5  3  4  1  2
A73  197 99  2 99  1 99
A73  198  2 99 99  1 99
A73  199  3  2 99  1 99
A73  200 99 99  2  1  3
A73  201  2  3 99  1 99
A73  202 99 99  2  1  3
A73  203 99  1 99  2 99
A73  204  5  1  4  2  3
A73  205 99  1 99 99 99
A73  206 99  1 99  2  3
A73  207  2  1  4  3  5
A73  208 99  1  3 99  2
A73  209 99  1 99 99 99
A73  210 99  1 99 99 99
A73  211  3  1  5  4  2
A73  212  4  1  5  2  3
A73  213  4  1  5  2  3
A73  214 99  1 99  2 99
A73  215  2  1  3  4  5
A73  216  5  1  3  2  4
A73  217  3  1  5  2  4
A73  218 99  1  2 99  3
A73  219  2  1 99 99 99
A73  220  3  1  2  4  5
A73  221  5  1  2  3  4
A73  222  2  1 99  3 99
A73  223  3  1  2  4  5
A73  224 99  1  2  3 99
A73  225  4  1  3  2  5
A73  226 99  1 99  2 99
A73  227  2  1 99 99 99
A73  228  2  1  5  3  4
A73  229  3  1 99  2 99
A73  230  2  1  5  3  4
A73  231 99  1 99  2 99
A73  232  4  1  5  2  3
A73  233  2  1 99  3 99
A73  234  2  1 99  3 99
A73  235  4  1  5  3  2
A73  236  5  1  3  2  4
A73  237  4  1  3  2  5
A73  238  3  1 99  2 99
A73  239  4  1  3  2  5
A73  240  3  1 99  2 99
A73  241 99  1 99 99 99
A73  242  5  1  4  2  3
A73  243  5  1  3  2  4
A73  244 99  1 99 99 99
A73  245  4  1  2  3  5
A73  246 99  1  2  3 99
A73  247  5  1  2  4  3
A73  248 99  1 99  2  3
A73  249  3  1  4  2  5
A73  250 99  1 99  2 99
A73  251  3  1  2  4  5
A73  252 99  1 99  2 99
A73  253  5  1  2  3  4
A73  254  2  1  4  5  3
A73  255 99  1 99 99 99
A73  256 99  1 99 99 99
A73  257 99  1 99 99 99
A73  258  2  1  4  3  5
A73  259  3  1 99  2 99
A73  260  3  1  4  5  2
A73  261 99  1 99  2 99
A73  262  3  1 99  2 99
A73  263  5  1  4  2  3
A73  264  3  1  2 99 99
A73  265  3  1  4  2  5
A73  266  2  1  5  4  3
A73  267 99  1 99 99 99
A73  268  5  1  2  3  4
A73  269  2  1 99 99 99
A73  270  3  1  2  5  4
A73  271  3  1  2  5  4
A73  272 99  1  3  2 99
A73  273  3  1 99  2 99
A73  274  3  1 99  2 99
A73  275  4  1  3  2  5
A73  276 99  1 99 99 99
A73  277 99  1 99 99 99
A73  278 99  1 99 99 99
A73  279  3  1  5  2  4
A73  280  3  1  2  4  5
A73  281  2  1 99 99 99
A73  282  2  1 99 99 99
A73  283  3  1 99  2 99
A73  284  3  1 99  2 99
A73  285  3  1 99  2 99
A73  286  5  1  3  4  2
A73  287  3  1 99  2  4
A73  288 99  1 99  2 99
A73  289 99  1  2 99 99
A73  290  3  1  5  2  4
A73  291 99  1 99  2 99
A73  292  3  1 99  2 99
A73  293  3  1 99  2 99
A73  294  3  1 99  2 99
A73  295  3  1  4  2  5
A73  296  2  1 99  3 99
A73  297  3  1 99  2 99
A73  298 99  1  3  2 99
A73  299 99  1 99  2 99
A73  300  3  1 99  2 99
A73  301 99  1 99  2 99
A73  302 99  1 99  2 99
A73  303  3  1 99  2 99
A73  304  3  1  2  4  5
A73  305 99  1 99  3  2
A73  306  2  1  3 99 99
A73  307  5  1  3  2  4
A73  308  5  2  1  3  4
A73  309  2 99  1 99 99
A73  310 99 99  1  2 99
A73  311 99 99  1 99  2
A73  312 99 99  1 99  2
A73  313 99 99  1 99  2
A73  314  5  3  1  4  2
A73  315 99 99  1  3  2
A73  316 99 99  1 99  2
A73  317 99 99  1  3  2
A73  318 99 99  1 99  2
A73  319 99 99  1  3  2
A73  320 99 99  1 99  2
A73  321 99 99  1 99  2
A73  322 99 99  1 99  2
A73  323 99 99  1 99  2
A73  324 99 99  1 99  2
A73  325  5  3  1  4  2
A73  326 99 99  1  2  3
A73  327 99 99  1  2 99
A73  328 99 99  1 99 99
A73  329 99 99  1 99  2
A73  330 99 99  1 99  2
A73  331 99 99  1  2  3
A73  332  2  3  1  4  5
A73  333 99 99  1 99  2
A73  334 99 99  1 99  2
A73  335  4  3  1  2  5
A73  336  3 99  1 99  2
A73  337  2 99  1 99 99
A73  338  2 99  1 99 99
A73  339  2  3  1 99 99
A73  340  3  2  1  4  5
A73  341  5  2  1  3  4
A73  342  2 99  1 99 99
A73  343  3  2  1 99 99
A73  344  2 99  1 99 99
A73  345 99 99  1 99  2
A73  346 99 99  1 99  2
A73  347  4  3  1  2  5
A73  348 99 99  1 99  2
A73  349  2  3  1  4  5
A73  350 99 99  1  2 99
A73  351  4  5  1  3  2
A73  352  4  5  1  3  2
A73  353  4  5  1  3  2
A73  354  4  5  1  3  2
A73  355 99 99  1 99 99
A73  356 99 99  1 99  2
A73  357 99 99  1  3  2
A73  358  4  5  1  3  2
A73  359 99 99  1 99  2
A73  360  5  2  1  3  4
A73  361 99 99  1 99  2
A73  362 99 99  1 99  2
A73  363 99 99  1 99  2
A73  364 99 99  1 99  2
A73  365 99 99  1 99  2
A73  366 99 99  1 99  2
A73  367 99 99  1 99  2
A73  368  3  5  1  4  2
A73  369 99 99  1 99  2
A73  370 99 99  1 99  2
A73  371 99 99  1 99  2
A73  372 99 99  1 99  2
A73  373  4 99  1  3  2
A73  374 99 99  1  3  2
A73  375 99 99  1 99  2
A73  376  5  4  1  3  2
A73  377 99 99  1  3  2
A73  378  4  5  1  3  2
A73  379  4  5  1  3  2
A73  380  4  5  1  2  3
A73  381  4  3  1  5  2
A73  382  2  3  1 99 99
A73  383  4  5  1  3  2
A73  384  5  4  1  3  2
A73  385 99 99  1 99  2
A73  386  3  5  1  4  2
A73  387 99 99  1 99  2
A73  388 99 99  1 99  2
A73  389 99 99  1 99  2
A73  390  5  4  1  3  2
A73  391 99 99  1 99  2
A73  392 99 99  1 99  2
A73  393 99 99  1  3  2
A73  394 99 99  1 99  2
A73  395 99 99  1  3  2
A73  396 99 99  1 99  2
A73  397  3  5  1  2  4
A73  398 99 99  1 99  2
A73  399 99 99  1 99  2
A73  400  5  4  1  3  2
A73  401  5  3  1  4  2
A73  402 99 99  1 99  2
A73  403  5  4  1  3  2
A73  404 99 99  1 99 99
A73  405 99 99  1 99 99
A73  406  3  4  1  5  2
A73  407  3  2  1 99 99
A73  408  2  3  1  5  4
A73  409 99 99  1 99  2
A73  410 99 99  1 99 99
A73  411  4  5  1  3  2
A73  412 99 99  1  3  2
A73  413  5  4  3  1  2
A73  414  3  5  4  1  2
A73  415  2  5  4  1  3
A73  416  2  3  4  1  5
A73  417  3  2  5  1  4
A73  418 99 99 99  1 99
A73  419  3  2  5  1  4
A73  420 99 99  2  1 99
A73  421  3  2  5  1  4
A73  422  3  4  2  1  5
A73  423  3  5  2  1  4
A73  424 99 99 99  1 99
A73  425 99 99 99  1  2
A73  426 99  2 99  1 99
A73  427 99  2 99  1 99
A73  428  3  2 99  1 99
A73  429  3  2  5  1  4
A73  430 99 99 99  1 99
A73  431  3  2  4  1  5
A73  432  4  3  5  1  2
A73  433 99 99 99  1  2
A73  434 99  2 99  1 99
A73  435 99 99 99  1 99
A73  436  3  2  4  1  5
A73  437 99 99 99  1 99
A73  438 99 99 99  1 99
A73  439 99  2 99  1 99
A73  440 99 99 99  1 99
A73  441 99 99 99  1 99
A73  442  2 99 99  1 99
A73  443 99  2 99  1 99
A73  444  2 99  3  1 99
A73  445  2 99 99  1 99
A73  446  5  2  3  1  4
A73  447  3  2  4  1  5
A73  448  2 99 99  1 99
A73  449  2 99 99  1 99
A73  450 99  2  3  1 99
A73  451 99 99 99  1 99
A73  452  5  4  3  1  2
A73  453  3  2  4  1  5
A73  454  3  2  4  1  5
A73  455  4  5  3  1  2
A73  456  4  5  3  1  2
A73  457  4  3  5  1  2
A73  458  4  3  5  1  2
A73  459 99  2 99  1 99
A73  460  3  2  4  1  5
A73  461 99 99 99  1 99
A73  462 99 99 99  1 99
A73  463  3  2 99  1 99
A73  464  3  2 99  1 99
A73  465  3  2  4  1  5
A73  466  5  4  2  1  3
A73  467 99  2 99  1 99
A73  468 99 99 99  1 99
A73  469 99 99 99  1 99
A73  470 99 99 99  1 99
A73  471 99 99 99  1 99
A73  472 99  2 99  1 99
A73  473 99 99  2  1 99
A73  474  4  5  3  1  2
A73  475 99 99 99  1 99
A73  476  4  3  2  1 99
A73  477 99 99 99  1 99
A73  478  5  2  3  1  4
A73  479  5  2  4  1  3
A73  480 99  2 99  1 99
A73  481  2  3  4  1  5
A73  482  4  2  5  1  3
A73  483  4  2  5  1  3
A73  484  2  4  5  1  3
A73  485  2  3 99  1 99
A73  486 99 99 99  1 99
A73  487  2  4  3  1  5
A73  488  4  5  3  1  2
A73  489  3  4  2  1  5
A73  490 99 99 99  1 99
A73  491  3  2  4  1  5
A73  492 99 99 99  1 99
A73  493 99 99 99  1 99
A73  494  3  2  4  1  5
A73  495 99 99 99  1 99
A73  496  4  2  3  1  5
A73  497  2 99 99  1 99
A73  498  2  3  4  1  5
A73  499  2  3  5  1  4
A73  500 99  2 99  1 99
A73  501  5  2  3  1  4
A73  502  4  2  5  1  3
A73  503 99  2  3  1 99
A73  504 99  2 99  1 99
A73  505  3 99  2  1 99
A73  506  2 99  1 99 99
A73  507 99  2 99  1 99
A73  508 99 99 99  1 99
A73  509  3  2  4  1 99
A73  510 99  2 99  1 99
A73  511 99 99 99  1 99
A73  512 99  2 99  1 99
A73  513 99  2 99  1 99
A73  514 99 99  3  1  2
A73  515  3  2  5  1  4
A73  516 99 99 99  1 99
A73  517 99  2 99  1 99
A73  518 99  3  2  1 99
A73  519  4  3  2  1  5
A73  520 99 99 99  1 99
A73  521 99  3 99  1  2
A73  522  4  3  2  1  5
A73  523 99  2 99  1 99
A73  524 99 99 99  1 99
A73  525  2 99  3  1 99
