A74  253 UNION  VOTERS ELECT  2  FROM  3  BY STV   1/10 SAMPLE
A74    1  3  1  2
A74    2  3  1  2
A74    3  3  1  2
A74    4 99  1 99
A74    5  2  1  3
A74    6 99  1 99
A74    7  2  1  3
A74    8  2  1 99
A74    9 99  1 99
A74   10 99  1  2
A74   11  2  1  3
A74   12  2  1  3
A74   13  2  1  3
A74   14 99  1  2
A74   15  2  1  3
A74   16  3  1  2
A74   17  3  1  2
A74   18  3  1  2
A74   19  3  1  2
A74   20  2  1  3
A74   21  2  1  3
A74   22  2  1  3
A74   23  2  1  3
A74   24  2  1  3
A74   25  3  1  2
A74   26  3  1  2
A74   27 99  1  2
A74   28 99  2  1
A74   29  2 99  1
A74   30  2  3  1
A74   31  2  3  1
A74   32  2 99  1
A74   33  2  3  1
A74   34  2  3  1
A74   35  2  3  1
A74   36  2 99  1
A74   37  2 99  1
A74   38  2 99  1
A74   39  2 99  1
A74   40  2 99  1
A74   41  2 99  1
A74   42  2 99  1
A74   43  2 99  1
A74   44  2 99  1
A74   45  2 99  1
A74   46  2  3  1
A74   47  2  3  1
A74   48  2 99  1
A74   49  2  3  1
A74   50  2 99  1
A74   51  2  3  1
A74   52  2 99  1
A74   53  2 99  1
A74   54  2  3  1
A74   55  2 99  1
A74   56  2  3  1
A74   57 99  2  1
A74   58  2  3  1
A74   59  2  3  1
A74   60  2  3  1
A74   61  3  2  1
A74   62  2  3  1
A74   63  2 99  1
A74   64  2  3  1
A74   65  2 99  1
A74   66  2 99  1
A74   67  2 99  1
A74   68  2 99  1
A74   69  3  2  1
A74   70  3  2  1
A74   71  3  2  1
A74   72  3  2  1
A74   73  3  2  1
A74   74  2  3  1
A74   75  3  2  1
A74   76  2 99  1
A74   77  2  3  1
A74   78  2 99  1
A74   79  2  3  1
A74   80  3  2  1
A74   81  3  2  1
A74   82  2  3  1
A74   83  2  3  1
A74   84  2  3  1
A74   85  2  3  1
A74   86  2  3  1
A74   87  3  2  1
A74   88 99 99  1
A74   89  3  2  1
A74   90  2 99  1
A74   91  2  3  1
A74   92  2 99  1
A74   93  2 99  1
A74   94  3  1  2
A74   95  3  1  2
A74   96  2  1 99
A74   97  2  1  3
A74   98  2  1  3
A74   99  2  1  3
A74  100  2  1  3
A74  101  2  1  3
A74  102 99  1 99
A74  103 99  1 99
A74  104 99  1  2
A74  105  2  1  3
A74  106  3  1  2
A74  107  2  1  3
A74  108  2  1  3
A74  109  2  1  3
A74  110  2  1 99
A74  111 99  1 99
A74  112  2  1  3
A74  113  3  1  2
A74  114  2  1  3
A74  115  3  1  2
A74  116  2  1 99
A74  117  2  1  3
A74  118  2  1 99
A74  119  3  1  2
A74  120  3  1  2
A74  121  2  1  3
A74  122  2  1  3
A74  123  2  1  3
A74  124  2  1  3
A74  125  2  1  3
A74  126  2  1  3
A74  127  2  1  3
A74  128 99  1  2
A74  129  1 99  2
A74  130  1  3  2
A74  131  1  3  2
A74  132  1 99  2
A74  133  1  3  2
A74  134  1  3  2
A74  135  1  3  2
A74  136  1 99  2
A74  137  1  3  2
A74  138  1  3  2
A74  139  1  3  2
A74  140  1  3  2
A74  141  1  3  2
A74  142  1  3  2
A74  143  1  3  2
A74  144  1  3  2
A74  145  1 99  2
A74  146  1  3  2
A74  147  1  3  2
A74  148  1  3  2
A74  149  1  3  2
A74  150  1  3  2
A74  151  1  3  2
A74  152  1 99  2
A74  153  1  3  2
A74  154  1  3  2
A74  155  1  3  2
A74  156  1  3  2
A74  157  1  3  2
A74  158  1  3  2
A74  159  1  3  2
A74  160  1 99  2
A74  161  1  3  2
A74  162  1  3  2
A74  163  1  3  2
A74  164  1  3  2
A74  165  1  3  2
A74  166  1  3  2
A74  167  1 99  2
A74  168  1  3  2
A74  169  1  3  2
A74  170  1  3  2
A74  171  1  3  2
A74  172  1  3  2
A74  173  1 99  2
A74  174  1  2  3
A74  175  1  2  3
A74  176  1  2  3
A74  177  1  2  3
A74  178  1  2  3
A74  179  1  2  3
A74  180  1  2  3
A74  181  1  2  3
A74  182  1  2  3
A74  183  1  2 99
A74  184  1  2  3
A74  185  1  2  3
A74  186  1  2  3
A74  187  1  2  3
A74  188  1  2  3
A74  189  1  2 99
A74  190  1  2  3
A74  191  1  2  3
A74  192  1  2  3
A74  193  1  2  3
A74  194  1  2  3
A74  195  1  2  3
A74  196  1  2  3
A74  197  1  2  3
A74  198  1  2  3
A74  199  1  2  3
A74  200  1  2  3
A74  201  1  2  3
A74  202  1  2  3
A74  203  1  2  3
A74  204  1  2  3
A74  205  1  2  3
A74  206  1  2  3
A74  207  1  2  3
A74  208  1  2  3
A74  209  1  2  3
A74  210  1  2  3
A74  211  1  2  3
A74  212  1  2  3
A74  213  1  2  3
A74  214  1  2  3
A74  215  1  2  3
A74  216  1  2  3
A74  217  1  2  3
A74  218  1  2  3
A74  219  1  2  3
A74  220  1  2  3
A74  221  1  2  3
A74  222  1  2  3
A74  223  1  2  3
A74  224  1  2  3
A74  225  1  2  3
A74  226  1  2  3
A74  227  1  2  3
A74  228  1  2  3
A74  229  1  2 99
A74  230  1  2  3
A74  231  1  2  3
A74  232  1  2  3
A74  233  1  2  3
A74  234  1  2  3
A74  235  1  2  3
A74  236  1  2  3
A74  237  1  2 99
A74  238  1 99 99
A74  239  1 99 99
A74  240  1 99 99
A74  241  1 99 99
A74  242  1 99 99
A74  243  1 99 99
A74  244  1 99 99
A74  245  1 99 99
A74  246  1 99 99
A74  247  1 99 99
A74  248  1 99 99
A74  249  1  3  2
A74  250  1  3  2
A74  251  1 99 99
A74  252  1 99 99
A74  253 99 99  1
