A75  311 UNION  VOTERS ELECT  1  FROM  4  BY STV   1/5  SAMPLE
A75    1  4  2  3  1
A75    2  2  3  4  1
A75    3  2  3  4  1
A75    4  2  3  4  1
A75    5 99  2  3  1
A75    6  2  3  4  1
A75    7  3  2  4  1
A75    8  4  2  3  1
A75    9 99  2  3  1
A75   10  3  2  4  1
A75   11  3  2 99  1
A75   12  4  2  3  1
A75   13 99  2 99  1
A75   14  2  3  4  1
A75   15 99  2 99  1
A75   16  2  3  4  1
A75   17  2  3 99  1
A75   18  3  2  4  1
A75   19  2  3  4  1
A75   20  4  2  3  1
A75   21  2  3  4  1
A75   22  2  3  4  1
A75   23  4  2  3  1
A75   24 99  2 99  1
A75   25  1  2  4  3
A75   26  1  2  3  4
A75   27  1  2  3  4
A75   28  1  2  3  4
A75   29  1  2  3  4
A75   30  1  2  4  3
A75   31  1  2  4  3
A75   32  1  2 99 99
A75   33  1  2  3  4
A75   34  1  2 99 99
A75   35  1  2  3  4
A75   36  1  2  4  3
A75   37  1  2  4  3
A75   38  1  2  4  3
A75   39  1  2 99 99
A75   40  1  2  4  3
A75   41  1  2  4  3
A75   42  1  2 99 99
A75   43  1  2 99 99
A75   44  1  2  3  4
A75   45  1  2  3  4
A75   46  1  2  3  4
A75   47 99  1 99  2
A75   48 99  1 99  2
A75   49 99  1 99 99
A75   50  2  1  4  3
A75   51  3  1  2  4
A75   52 99  1  2 99
A75   53  2  1  3 99
A75   54 99  1 99 99
A75   55  2  1 99  3
A75   56  2  1 99 99
A75   57  3  1  4  2
A75   58  2  1  3  4
A75   59 99  1 99 99
A75   60 99  1 99 99
A75   61  4  1  2  3
A75   62  2  1 99 99
A75   63 99  1 99 99
A75   64  2  1  4  3
A75   65 99  1 99  2
A75   66 99  1 99 99
A75   67 99  1 99 99
A75   68 99  1 99 99
A75   69  3  1 99  2
A75   70  2  1  3  4
A75   71  3  1  4  2
A75   72  4  1  2  3
A75   73 99  1 99 99
A75   74 99  1 99 99
A75   75 99  1 99 99
A75   76  2  1 99 99
A75   77 99  1 99 99
A75   78  3  1  2  4
A75   79  3  1  2  4
A75   80  2  1  3  4
A75   81  2  1  3  4
A75   82 99  1  3  2
A75   83  4  1  2  3
A75   84  2  1 99 99
A75   85  2  1  3  4
A75   86  2  1 99 99
A75   87  2  1 99 99
A75   88  2  1  3  4
A75   89  2  1  3  4
A75   90 99  1 99 99
A75   91 99  1  2 99
A75   92  3  1  2  4
A75   93  3  1  4  2
A75   94  2  1 99 99
A75   95  4  1  3  2
A75   96  2  1  3  4
A75   97 99  1 99 99
A75   98 99  1 99 99
A75   99  3  1 99  2
A75  100  4  1  2  3
A75  101  2  1  4  3
A75  102  2  1 99 99
A75  103  3  1  4  2
A75  104  2  1  3  4
A75  105  2  1  3  4
A75  106  2  1  4  3
A75  107  4  1  3  2
A75  108 99  1 99 99
A75  109  2  1  4  3
A75  110  3  1  4  2
A75  111  4  1  3  2
A75  112  4  1  2  3
A75  113  2  1  3  4
A75  114 99  1 99 99
A75  115 99  1 99 99
A75  116 99  1 99 99
A75  117 99  1 99 99
A75  118  2  1  3  4
A75  119 99  1 99 99
A75  120 99 99 99  1
A75  121 99 99 99  1
A75  122 99 99 99  1
A75  123 99 99 99  1
A75  124 99 99 99  1
A75  125 99 99 99  1
A75  126  2 99 99  1
A75  127 99 99 99  1
A75  128 99 99 99  1
A75  129 99 99 99  1
A75  130 99 99 99  1
A75  131 99 99 99  1
A75  132 99 99 99  1
A75  133 99 99 99  1
A75  134 99 99 99  1
A75  135 99 99 99  1
A75  136 99 99 99  1
A75  137 99 99 99  1
A75  138 99 99 99  1
A75  139 99 99 99  1
A75  140 99 99 99  1
A75  141 99 99 99  1
A75  142 99 99 99  1
A75  143 99 99 99  1
A75  144 99 99 99  1
A75  145 99 99 99  1
A75  146 99 99 99  1
A75  147  1 99 99 99
A75  148  1 99 99 99
A75  149  1 99 99 99
A75  150  1 99 99 99
A75  151  1 99 99 99
A75  152  1 99 99 99
A75  153  1 99 99 99
A75  154  2  4  3  1
A75  155  3  4  2  1
A75  156  3  4  2  1
A75  157 99 99  2  1
A75  158  4  3  2  1
A75  159  3  4  2  1
A75  160  4  3  2  1
A75  161  2 99  3  1
A75  162  4  3  2  1
A75  163  4  3  2  1
A75  164  4  3  2  1
A75  165 99 99  2  1
A75  166  4  3  2  1
A75  167  4  3  2  1
A75  168  4  3  2  1
A75  169  3  4  2  1
A75  170  3  4  2  1
A75  171 99 99  2  1
A75  172  3  4  2  1
A75  173  4  3  1  2
A75  174  2  3  1  4
A75  175 99 99  1 99
A75  176  2 99  1 99
A75  177  3  4  1  2
A75  178 99 99  1  2
A75  179 99 99  1 99
A75  180 99 99  1 99
A75  181 99 99  1 99
A75  182  4  2  1  3
A75  183  4  3  1  2
A75  184 99 99  1 99
A75  185 99 99  1 99
A75  186 99 99  1 99
A75  187 99 99  1 99
A75  188  3  2  1  4
A75  189 99 99  1 99
A75  190 99 99  1 99
A75  191 99 99  1 99
A75  192 99 99  1 99
A75  193 99 99  1 99
A75  194 99 99  1 99
A75  195 99 99  1 99
A75  196 99 99  1 99
A75  197 99 99  1 99
A75  198 99 99  1 99
A75  199 99 99  1 99
A75  200  3  2  1  4
A75  201 99 99  1  2
A75  202  4  3  1  2
A75  203  2 99  1 99
A75  204 99 99  1  2
A75  205  2 99  1 99
A75  206  2 99  1 99
A75  207  2 99  1 99
A75  208 99  2  1  3
A75  209 99 99  1 99
A75  210  2 99  1 99
A75  211  2  3  1  4
A75  212 99 99  1 99
A75  213 99 99  1 99
A75  214 99 99  1 99
A75  215 99 99  1 99
A75  216 99 99  1 99
A75  217  2 99  1 99
A75  218  2 99  1 99
A75  219 99 99  1 99
A75  220 99 99  1 99
A75  221 99 99  1 99
A75  222  3 99  1  2
A75  223 99 99  1 99
A75  224  4  3  1  2
A75  225 99 99  1 99
A75  226 99 99  1 99
A75  227 99 99  1 99
A75  228  4  2  1  3
A75  229  3  2  1  4
A75  230  3  2  1  4
A75  231 99 99  1 99
A75  232  2  3  1  4
A75  233  2  3  1  4
A75  234 99  2  1 99
A75  235 99 99  1 99
A75  236 99 99  1 99
A75  237  3  2  1  4
A75  238 99 99  1 99
A75  239  4  3  1  2
A75  240  3  2  1 99
A75  241  2  3  1  4
A75  242 99 99  1 99
A75  243  2  3  1  4
A75  244  2  3  1  4
A75  245  2  3  1  4
A75  246  2  3  1  4
A75  247  2  3  1 99
A75  248  2  3  1  4
A75  249  2  3  1  4
A75  250  2  3  1  4
A75  251  2  3  1  4
A75  252  2  3  1  4
A75  253  2  3  1  4
A75  254  2  3  1  4
A75  255  2  3  1  4
A75  256  2  3  1  4
A75  257  2  3  1  4
A75  258  2  3  1  4
A75  259  2  3  1  4
A75  260  2  3  1  4
A75  261  2  3  1  4
A75  262  4  3  1  2
A75  263  4  3  1  2
A75  264  2  3  1 99
A75  265  2  4  1  3
A75  266 99 99  1 99
A75  267  3  4  1  2
A75  268 99 99  1  2
A75  269  3  2  1 99
A75  270  2  3  1  4
A75  271  4  3  1  2
A75  272  2  3  1  4
A75  273  2  3  1  4
A75  274  3  4  1  2
A75  275  2  4  1  3
A75  276  2  3  1  4
A75  277 99  2  1 99
A75  278  4  2  1  3
A75  279  2  3  1  4
A75  280  2  3  1  4
A75  281  2  3  1  4
A75  282  2  4  1  3
A75  283  2  3  1  4
A75  284  2  3  1  4
A75  285  2  3  1  4
A75  286  2  3  1  4
A75  287 99 99  1 99
A75  288 99 99  1 99
A75  289  4  3  1  2
A75  290  3  4  1  2
A75  291  2 99  1 99
A75  292 99 99  1 99
A75  293  2 99  1 99
A75  294 99 99  1 99
A75  295 99 99  1 99
A75  296 99 99  1 99
A75  297  4  2  1  3
A75  298 99 99  1 99
A75  299 99 99  1  2
A75  300 99 99  1 99
A75  301  4  3  1  2
A75  302 99 99  1 99
A75  303  4  3  1  2
A75  304 99 99  1 99
A75  305  3  2  1  4
A75  306  1  3  2  4
A75  307  1  3  2  4
A75  308  1  4  2  3
A75  309  1 99  2  3
A75  310  1 99  2 99
A75  311  1  3  2  4
