A76  403 UNION  VOTERS ELECT  2  FROM  5  BY STV   1/10 SAMPLE
A76    1  1  3  2  4  5
A76    2  1 99 99 99 99
A76    3  1 99  2 99 99
A76    4  1  3  2 99 99
A76    5  1  4  3  5  2
A76    6  1 99  2 99  3
A76    7  1 99  2 99 99
A76    8  1 99  2 99 99
A76    9  1  2  3  4  5
A76   10  1 99  2  3 99
A76   11  1 99  2 99 99
A76   12  1  3  2  4  5
A76   13  1  4  3  5  2
A76   14  1  2  3  4  5
A76   15  1  2  3  5  4
A76   16  1 99  2 99 99
A76   17  1  2  3 99 99
A76   18  1  3  2  4  5
A76   19  1  2  4  5  3
A76   20  1  3  2  4  5
A76   21  1 99  2 99 99
A76   22  1  4  2  5  3
A76   23  1 99 99 99 99
A76   24  1  3  2  5  4
A76   25  1  2 99 99  3
A76   26  1  3  2  4  5
A76   27  1  2  3  4  5
A76   28  1  3  2  5  4
A76   29  1 99  2 99 99
A76   30  1 99  2 99 99
A76   31  1 99 99 99 99
A76   32  1  2  3 99 99
A76   33  1 99  2 99 99
A76   34  1  4  2  5  3
A76   35  1  2  4  3  5
A76   36  1  3  5  4  2
A76   37  1 99  2 99 99
A76   38  1  5  3  4  2
A76   39  1  5  3  4  2
A76   40  1 99  2 99 99
A76   41  1 99  2 99 99
A76   42  1 99  2 99 99
A76   43  1 99  3  2 99
A76   44  1  3  2  5  4
A76   45  1  5  4  3  2
A76   46  1 99  2 99 99
A76   47  1 99  2 99 99
A76   48  1  3  2  4  5
A76   49  1 99 99 99 99
A76   50  1  5  3  4  2
A76   51  1  3  2 99 99
A76   52  1  4  2  5  3
A76   53  1  5  2  4  3
A76   54  1 99  2 99 99
A76   55  1  4  5  3  2
A76   56  1 99 99 99  2
A76   57  1  2  3  4  5
A76   58  1 99  3 99  2
A76   59  1  2  3  4  5
A76   60  1  4  3  5  2
A76   61  1  3  2 99 99
A76   62  1  3 99 99  2
A76   63  1  2  3  5  4
A76   64  1  5  2  3  4
A76   65  1  4  2  3  5
A76   66  1  3  2 99 99
A76   67  1  4  2  5  3
A76   68  1 99  2 99 99
A76   69  1  4  3  5  2
A76   70  1 99  2 99 99
A76   71  1 99  2 99 99
A76   72  1 99  2 99  3
A76   73  1  2  3  5  4
A76   74  1  2  5  3  4
A76   75  1  2  5  3  4
A76   76  1  2 99 99 99
A76   77  1 99  2 99 99
A76   78  3  4  5  1  2
A76   79 99 99 99  1  2
A76   80 99 99 99  1  2
A76   81 99 99 99  1  2
A76   82  5  4  3  1  2
A76   83  5  4  3  1  2
A76   84 99 99 99  1  2
A76   85 99 99 99  1  2
A76   86 99 99 99  1  2
A76   87 99 99 99  1  2
A76   88  3  4  2  1  5
A76   89 99 99 99  1  2
A76   90 99 99 99  1  2
A76   91 99 99 99  1  2
A76   92 99 99 99  1  2
A76   93  4  5  3  1  2
A76   94 99 99 99  1  2
A76   95 99 99 99  1  2
A76   96 99  3 99  1  2
A76   97 99 99 99  1  2
A76   98 99 99 99  1  2
A76   99 99 99 99  1  2
A76  100  3 99 99  1  2
A76  101 99 99 99  1  2
A76  102 99 99 99  1  2
A76  103 99 99 99  1  2
A76  104 99 99 99  1  2
A76  105 99 99 99  1  2
A76  106 99 99 99  1  2
A76  107 99 99 99  1  2
A76  108 99 99 99  1  2
A76  109 99 99 99  1  2
A76  110 99 99  3  1  2
A76  111 99 99  2  1  3
A76  112  4  5  3  1  2
A76  113 99 99 99  1  2
A76  114  4  5  3  1  2
A76  115 99 99  3  1  2
A76  116  4  3  5  1  2
A76  117 99 99 99  1  2
A76  118 99 99 99  1  2
A76  119 99 99 99  1  2
A76  120 99 99 99  1  2
A76  121 99 99 99  1  2
A76  122 99 99 99  1  2
A76  123 99 99 99  1  2
A76  124 99 99 99  1  2
A76  125 99 99 99  1  2
A76  126 99 99 99  1  2
A76  127  5  2  4  1  3
A76  128  3 99 99  1  2
A76  129 99 99 99  1  2
A76  130 99 99 99  1 99
A76  131 99 99 99  1  2
A76  132 99 99 99  1  2
A76  133 99 99 99  1  2
A76  134 99 99 99  1  2
A76  135 99 99 99  1  2
A76  136 99 99 99  1  2
A76  137 99 99 99  1  2
A76  138 99 99 99  1  2
A76  139  5  4  2  1  3
A76  140 99 99 99  1  2
A76  141 99 99 99  1  2
A76  142  2 99  3 99  1
A76  143 99 99 99  2  1
A76  144  4  5  3  2  1
A76  145  2 99  3 99  1
A76  146 99 99  3  2  1
A76  147 99 99  3  2  1
A76  148  4  5  3  2  1
A76  149 99 99 99  2  1
A76  150 99 99 99  2  1
A76  151  5  4  3  2  1
A76  152  3  4  5  2  1
A76  153  3  4  2  5  1
A76  154 99 99 99  2  1
A76  155 99 99  2 99  1
A76  156 99 99  2 99  1
A76  157  2  3  4  5  1
A76  158 99 99  3  2  1
A76  159 99 99 99  2  1
A76  160  3 99  2 99  1
A76  161  3 99 99  2  1
A76  162  2 99 99 99  1
A76  163  1 99 99 99 99
A76  164  1 99 99 99 99
A76  165  1 99 99 99 99
A76  166  1  3  2  4  5
A76  167  1  2 99 99 99
A76  168  1 99 99 99  2
A76  169  1  4  3  5  2
A76  170  1  2  3 99 99
A76  171  1  2  3 99 99
A76  172  1 99  2 99 99
A76  173  1 99  2 99 99
A76  174  1  2  3  4  5
A76  175  1 99 99 99 99
A76  176  1  4  2  3  5
A76  177  1  3  2  5  4
A76  178  1  4  2  3  5
A76  179  1  4  2  5  3
A76  180  1  2 99 99 99
A76  181  1  3  2  4  5
A76  182  1  2  5  4  3
A76  183  1  2  3  4  5
A76  184  1 99  2 99 99
A76  185  1 99  2 99 99
A76  186  1 99  2 99 99
A76  187  1  4  3  2  5
A76  188  1  3  2 99 99
A76  189  1  4  2 99  3
A76  190  1  3  2  4  5
A76  191  1 99  2 99 99
A76  192  1 99 99 99 99
A76  193  1  2  3 99 99
A76  194  1  3  2 99 99
A76  195  1  2 99  3 99
A76  196  1  2 99  3 99
A76  197  1  2 99 99 99
A76  198  1  5  2  4  3
A76  199  1  3  2  4  5
A76  200  1  2  3  4  5
A76  201  1 99  2 99 99
A76  202  1 99  2 99 99
A76  203  1 99 99 99 99
A76  204  1  3  2 99 99
A76  205  1  3  2  5  4
A76  206  1 99  2 99 99
A76  207  1 99  2 99 99
A76  208  1  4  3  5  2
A76  209  1 99  2 99 99
A76  210  1 99  2 99 99
A76  211  1 99 99 99 99
A76  212  1 99  2 99 99
A76  213  5  4  1  3  2
A76  214  3  5  1  4  2
A76  215  3 99  1 99  2
A76  216  3  4  1  5  2
A76  217  3  5  1  4  2
A76  218  3  5  1  4  2
A76  219  5  4  1  3  2
A76  220 99 99  1 99  2
A76  221 99 99  1 99  2
A76  222  4  5  1  3  2
A76  223  3  5  1  4  2
A76  224  4  5  1  3  2
A76  225  4  3  1  5  2
A76  226 99 99  1 99  2
A76  227 99 99  1 99  2
A76  228 99 99  1 99  2
A76  229 99 99  1 99  2
A76  230  5  4  1  3  2
A76  231 99 99  1 99  2
A76  232 99 99  1  2 99
A76  233  3 99  1  2 99
A76  234 99 99  1  2 99
A76  235 99 99  1  2 99
A76  236 99 99  1  2 99
A76  237  3  5  1  2  4
A76  238  3  5  1  2  4
A76  239  5  4  1  2  3
A76  240  3  1  4  2 99
A76  241  2  1  3  4  5
A76  242 99  1 99 99 99
A76  243  2  1  3  4  5
A76  244  2  1 99 99 99
A76  245  2  1  3  4  5
A76  246  2  1  3  4  5
A76  247  2  1  3  5  4
A76  248  2  1  3  5  4
A76  249  2  1  4  3  5
A76  250  2  1  4  3  5
A76  251  2  1  3  4  5
A76  252  2  1  3  4  5
A76  253  2  1  3 99 99
A76  254  3  1  2 99 99
A76  255  2  1  3  4  5
A76  256 99  1 99 99 99
A76  257 99  1 99 99 99
A76  258  2  1 99 99 99
A76  259  2  1  3  4  5
A76  260  3  1  4  5  2
A76  261  3  1  2  4  5
A76  262  2  1  3 99 99
A76  263  2  1 99 99 99
A76  264  3  1  2 99 99
A76  265  2  1  3  4  5
A76  266  5  1  2  4  3
A76  267  2  1 99 99 99
A76  268  2  1 99 99 99
A76  269  3  1  2 99 99
A76  270  2  1 99 99  3
A76  271  2  1 99 99 99
A76  272 99  1 99 99  2
A76  273  2  1  4  5  3
A76  274  2  1  3  4  5
A76  275  5  1  3  4  2
A76  276  2 99  1 99 99
A76  277  2 99  1 99 99
A76  278  2 99  1 99 99
A76  279  2 99  1 99 99
A76  280  2 99  1 99 99
A76  281  2 99  1 99  3
A76  282  2  4  1  5  3
A76  283  2  4  1  5  3
A76  284  2  4  1  5  3
A76  285  2  4  1  5  3
A76  286  2  5  1  4  3
A76  287  2 99  1 99 99
A76  288  2 99  1 99 99
A76  289  2  3  1 99 99
A76  290  2  3  1 99 99
A76  291  2 99  1 99 99
A76  292  2 99  1 99 99
A76  293  2 99  1 99 99
A76  294  2 99  1 99 99
A76  295  2 99  1  3 99
A76  296  2 99  1 99 99
A76  297  2  5  1  4  3
A76  298  2 99  1 99 99
A76  299  2 99  1 99 99
A76  300  2  3  1  4  5
A76  301  2 99  1 99 99
A76  302  2 99  1 99  3
A76  303  2 99  1 99 99
A76  304  2 99  1 99 99
A76  305  2 99  1 99 99
A76  306  2 99  1 99 99
A76  307  2 99  1 99 99
A76  308  2 99  1 99 99
A76  309  2  4  1  3  5
A76  310  2 99  1 99 99
A76  311  2 99  1 99 99
A76  312  2 99  1 99 99
A76  313  2  3  1 99 99
A76  314  2  3  1  4  5
A76  315  2  3  1  4  5
A76  316  2 99  1 99 99
A76  317  2  3  1  4  5
A76  318  2  4  1  3  5
A76  319  2 99  1 99 99
A76  320  2 99  1 99 99
A76  321  2  5  1  4  3
A76  322 99 99  1 99 99
A76  323 99 99  1 99 99
A76  324 99 99  1 99 99
A76  325 99 99  1 99 99
A76  326 99 99  1 99 99
A76  327 99 99  1 99 99
A76  328 99 99  1 99 99
A76  329 99 99  1 99 99
A76  330 99 99  1 99 99
A76  331 99 99  1 99 99
A76  332 99  2  1 99 99
A76  333  4  2  1  3  5
A76  334 99  2  1 99 99
A76  335  3  2  1 99 99
A76  336 99  2  1 99 99
A76  337 99  2  1 99  3
A76  338  4  2  1  3  5
A76  339  3  2  1 99 99
A76  340  4  2  1  5  3
A76  341  3  2  1 99 99
A76  342 99  2  1  3 99
A76  343  2 99  1 99 99
A76  344  2  3  1 99 99
A76  345  2  3  1  5  4
A76  346  2  5  1  3  4
A76  347  2 99  1 99 99
A76  348  2 99  1 99 99
A76  349  2 99  1 99 99
A76  350  2 99  1 99 99
A76  351  2 99  1 99 99
A76  352  2 99  1 99 99
A76  353  2 99  1 99 99
A76  354  2 99  1 99 99
A76  355  2 99  1 99 99
A76  356  2 99  1 99 99
A76  357  2 99  1 99 99
A76  358  2 99  1 99 99
A76  359  2 99  1 99 99
A76  360  2 99  1 99 99
A76  361  2 99  1 99 99
A76  362  2 99  1 99  3
A76  363  2 99  1 99 99
A76  364  2  5  1  3  4
A76  365  2 99  1 99 99
A76  366  2 99  1 99 99
A76  367  2 99  1 99 99
A76  368  2 99  1 99 99
A76  369  2 99  1 99 99
A76  370  2 99  1 99 99
A76  371  2 99  1 99 99
A76  372  2 99  1 99 99
A76  373  2  5  1  4  3
A76  374  2  4  1  5  3
A76  375  2 99  1 99 99
A76  376  2  3  1 99 99
A76  377  2 99  1 99 99
A76  378  2 99  1 99 99
A76  379  2 99  1 99 99
A76  380  2  5  1  3  4
A76  381  2  5  1  4  3
A76  382  2 99  1 99  3
A76  383  2 99  1 99 99
A76  384  2 99  1 99 99
A76  385  2 99  1 99 99
A76  386  2 99  1 99 99
A76  387  2 99  1 99 99
A76  388  2 99  1 99 99
A76  389  2 99  1 99 99
A76  390  2 99  1 99 99
A76  391  2 99  1 99 99
A76  392  2 99  1 99 99
A76  393  2 99  1 99  3
A76  394  2 99  1 99 99
A76  395  2 99  1 99 99
A76  396  2 99  1 99 99
A76  397  2 99  1 99  3
A76  398  2  5  1  4  3
A76  399  2 99  1 99 99
A76  400  2 99  1 99 99
A76  401  2 99  1 99 99
A76  402  2 99  1 99 99
A76  403  2 99  1 99 99
