A77  213 UNION  VOTERS ELECT  1  FROM  3  BY STV   1/5  SAMPLE
A77    1  1  2  3
A77    2  1 99 99
A77    3  1  2  3
A77    4  1 99 99
A77    5  1  3  2
A77    6  1  3  2
A77    7  1  2  3
A77    8  1 99 99
A77    9  1  2  3
A77   10  1  2  3
A77   11  1 99 99
A77   12  1  3  2
A77   13  1  2 99
A77   14  1  2  3
A77   15  1  2  3
A77   16  1  3  2
A77   17  1 99 99
A77   18  1 99 99
A77   19  1  2  3
A77   20  1  2  3
A77   21  1 99 99
A77   22  1  3  2
A77   23  1  3  2
A77   24  1  3  2
A77   25  1  2  3
A77   26  1 99 99
A77   27  1  2  3
A77   28  1  3  2
A77   29  1  3  2
A77   30  1  2 99
A77   31  1  3  2
A77   32  1  3  2
A77   33  1  3  2
A77   34  1  3  2
A77   35  1 99 99
A77   36  1  3  2
A77   37  1  3  2
A77   38  1  2  3
A77   39  1 99 99
A77   40  1  2  3
A77   41  1  2  3
A77   42  1  2  3
A77   43  1  2  3
A77   44  1  2  3
A77   45  1  3  2
A77   46  1  3  2
A77   47  1  3  2
A77   48  1  3  2
A77   49  1  3  2
A77   50  1  3  2
A77   51  1  2  3
A77   52  1  3  2
A77   53  1  3  2
A77   54  1  3  2
A77   55  1  2  3
A77   56  1  3  2
A77   57  1  2  3
A77   58  1  3  2
A77   59  1  3  2
A77   60  2  3  1
A77   61  3  2  1
A77   62 99 99  1
A77   63 99 99  1
A77   64 99 99  1
A77   65  3  2  1
A77   66  3  2  1
A77   67  2  3  1
A77   68 99 99  1
A77   69  3  2  1
A77   70 99 99  1
A77   71 99 99  1
A77   72 99 99  1
A77   73 99 99  1
A77   74 99 99  1
A77   75  2  3  1
A77   76  2  3  1
A77   77  3  2  1
A77   78 99 99  1
A77   79  2  3  1
A77   80 99  1 99
A77   81  3  1  2
A77   82  3  1  2
A77   83  2  1  3
A77   84  2  1 99
A77   85  2  1  3
A77   86 99 99  1
A77   87 99 99  1
A77   88 99  1 99
A77   89 99  1 99
A77   90 99  1 99
A77   91 99  1 99
A77   92  3  1  2
A77   93  3  1  2
A77   94  3  1  2
A77   95  3  1  2
A77   96  3  1  2
A77   97  3  1  2
A77   98  3  1  2
A77   99  2  1  3
A77  100  2  1  3
A77  101  2  1  3
A77  102  2  1  3
A77  103  2  1  3
A77  104  2  1  3
A77  105  2  1  3
A77  106  2  1  3
A77  107  2  1  3
A77  108  2  1  3
A77  109  2  1  3
A77  110  2  1  3
A77  111  3  2  1
A77  112  2  3  1
A77  113  3  2  1
A77  114  3  2  1
A77  115  2  3  1
A77  116  2  3  1
A77  117 99 99  1
A77  118  2  3  1
A77  119 99 99  1
A77  120 99 99  1
A77  121  2  3  1
A77  122 99 99  1
A77  123  3  2  1
A77  124 99 99  1
A77  125  3  2  1
A77  126 99 99  1
A77  127 99 99  1
A77  128  2  3  1
A77  129 99  2  1
A77  130  3  2  1
A77  131  3  2  1
A77  132  2  3  1
A77  133  3  2  1
A77  134  3  2  1
A77  135 99 99  1
A77  136 99 99  1
A77  137 99 99  1
A77  138  2  3  1
A77  139  2  3  1
A77  140 99 99  1
A77  141 99 99  1
A77  142  2  3  1
A77  143  3  2  1
A77  144  2  3  1
A77  145  2  3  1
A77  146  3  2  1
A77  147 99 99  1
A77  148 99 99  1
A77  149 99  2  1
A77  150  3  2  1
A77  151  3  2  1
A77  152  2  3  1
A77  153  2  3  1
A77  154  2  3  1
A77  155 99 99  1
A77  156  2  3  1
A77  157  3  2  1
A77  158 99 99  1
A77  159  2  3  1
A77  160  2  3  1
A77  161  2  3  1
A77  162  3  2  1
A77  163  3  2  1
A77  164  3  2  1
A77  165 99 99  1
A77  166  2  3  1
A77  167  2  3  1
A77  168  2  3  1
A77  169  3  2  1
A77  170 99 99  1
A77  171 99 99  1
A77  172  2  3  1
A77  173  1 99  2
A77  174  1 99 99
A77  175  1 99 99
A77  176  1  3  2
A77  177  1  2  3
A77  178  1  2  3
A77  179  1  3  2
A77  180  1  3  2
A77  181  1  3  2
A77  182  1  3  2
A77  183  1  3  2
A77  184  1 99 99
A77  185  1  3  2
A77  186  1 99 99
A77  187  1  3  2
A77  188  1  2  3
A77  189  1  3  2
A77  190  1  2 99
A77  191  1  2  3
A77  192  1  2  3
A77  193  1 99  2
A77  194 99 99  1
A77  195  2  3  1
A77  196  2  3  1
A77  197  3  2  1
A77  198  3  2  1
A77  199  2  3  1
A77  200  2  3  1
A77  201 99 99  1
A77  202 99 99  1
A77  203 99 99  1
A77  204  2  3  1
A77  205 99 99  1
A77  206  2  3  1
A77  207  2  3  1
A77  208 99 99  1
A77  209  3  2  1
A77  210  3  2  1
A77  211 99 99  1
A77  212 99 99  1
A77  213  2  3  1
