A78  486 UNION  VOTERS ELECT  3  FROM  4  BY STV   1/10 SAMPLE
A78    1  4  2  3  1
A78    2  4  3  2  1
A78    3  4  3  2  1
A78    4  4  2  3  1
A78    5 99 99 99  1
A78    6  4  2  3  1
A78    7 99 99 99  1
A78    8 99 99 99  1
A78    9 99 99 99  1
A78   10  4  3  2  1
A78   11 99 99 99  1
A78   12 99 99 99  1
A78   13 99 99 99  1
A78   14 99 99 99  1
A78   15 99 99 99  1
A78   16 99  3  2  1
A78   17 99 99 99  1
A78   18 99 99 99  1
A78   19 99 99 99  1
A78   20 99 99 99  1
A78   21 99 99 99  1
A78   22 99 99 99  1
A78   23 99 99 99  1
A78   24 99 99 99  1
A78   25 99 99 99  1
A78   26  4  3  2  1
A78   27  4  3  2  1
A78   28  4  3  2  1
A78   29 99  3  2  1
A78   30  4  3  2  1
A78   31  4  3  2  1
A78   32  4  3  2  1
A78   33  4  3  2  1
A78   34 99 99 99  1
A78   35 99 99 99  1
A78   36 99 99 99  1
A78   37 99 99 99  1
A78   38 99 99  2  1
A78   39 99 99 99  1
A78   40 99 99 99  1
A78   41 99  3  2  1
A78   42 99 99  2  1
A78   43 99 99 99  1
A78   44  3  4  2  1
A78   45 99 99 99  1
A78   46 99 99 99  1
A78   47 99 99 99  1
A78   48  2  3  4  1
A78   49 99 99 99  1
A78   50  4  3  2  1
A78   51  2  3  4  1
A78   52  4  3  2  1
A78   53  4  3  2  1
A78   54  4  3  2  1
A78   55  4  3  2  1
A78   56 99  3  2  1
A78   57  4  3  2  1
A78   58 99  3  2  1
A78   59 99  2 99  1
A78   60  3 99  2  1
A78   61 99 99 99  1
A78   62 99 99 99  1
A78   63 99 99 99  1
A78   64 99 99  2  1
A78   65 99 99 99  1
A78   66 99 99 99  1
A78   67 99 99 99  1
A78   68 99 99 99  1
A78   69  3  4  2  1
A78   70  4  3  2  1
A78   71  4  3  2  1
A78   72  3  4  2  1
A78   73  3  4  2  1
A78   74 99  3  2  1
A78   75  3  4  2  1
A78   76  3  4  2  1
A78   77  3  4  2  1
A78   78  3 99  2  1
A78   79  4  3  2  1
A78   80 99 99 99  1
A78   81  4  3  2  1
A78   82  4  3  2  1
A78   83 99 99  2  1
A78   84 99 99  2  1
A78   85 99 99  2  1
A78   86 99 99  2  1
A78   87 99 99  2  1
A78   88 99 99  2  1
A78   89 99 99  2  1
A78   90  4  3  2  1
A78   91  4  3  2  1
A78   92  4  3  2  1
A78   93 99  3  2  1
A78   94  4  3  2  1
A78   95  4  3  2  1
A78   96  4  3  2  1
A78   97  4  3  2  1
A78   98  4  3  2  1
A78   99  4  3  2  1
A78  100  4  3  2  1
A78  101  4  3  2  1
A78  102  3 99  2  1
A78  103  4  3  2  1
A78  104  3 99  2  1
A78  105  3  4  2  1
A78  106 99 99 99  1
A78  107  4  3  2  1
A78  108  4  3  2  1
A78  109 99  3  2  1
A78  110 99 99 99  1
A78  111  4  3  2  1
A78  112  4  3  2  1
A78  113  3  4  2  1
A78  114  4  3  2  1
A78  115  3 99  2  1
A78  116 99 99 99  1
A78  117 99  3  2  1
A78  118 99 99 99  1
A78  119 99 99  2  1
A78  120 99 99 99  1
A78  121 99 99 99  1
A78  122 99 99 99  1
A78  123 99 99 99  1
A78  124 99 99 99  1
A78  125 99 99  2  1
A78  126 99 99 99  1
A78  127 99  3  2  1
A78  128 99  3  2  1
A78  129  3  4  2  1
A78  130 99 99  2  1
A78  131  3  4  2  1
A78  132  4  2  3  1
A78  133 99 99 99  1
A78  134 99 99 99  1
A78  135 99 99  2  1
A78  136  4  3  2  1
A78  137  3 99  2  1
A78  138 99 99 99  1
A78  139  3  4  2  1
A78  140 99 99 99  1
A78  141 99 99 99  1
A78  142 99 99 99  1
A78  143 99 99 99  1
A78  144 99 99 99  1
A78  145 99 99 99  1
A78  146 99 99 99  1
A78  147 99 99 99  1
A78  148 99 99 99  1
A78  149  3 99  2  1
A78  150 99  1 99 99
A78  151 99  1 99 99
A78  152  2  1 99 99
A78  153 99  1 99  2
A78  154  4  1  3  2
A78  155 99  1 99 99
A78  156 99  1 99 99
A78  157 99  1 99 99
A78  158 99  1 99 99
A78  159  4  1  2  3
A78  160 99  1  2  3
A78  161 99  1  2  3
A78  162 99  1  2  3
A78  163 99  1  2  3
A78  164 99  1  2  3
A78  165 99  1 99 99
A78  166 99  1 99 99
A78  167  4  1  2  3
A78  168  2  1  3 99
A78  169 99  1 99 99
A78  170 99  1 99 99
A78  171 99  1  2 99
A78  172 99  1 99 99
A78  173 99  1 99 99
A78  174 99  1  2 99
A78  175 99  1 99 99
A78  176  2  1  3  4
A78  177  2  1  3 99
A78  178  2  1  3 99
A78  179  2  1  4  3
A78  180  2  1  4  3
A78  181 99  1  2  3
A78  182  3  1  2  4
A78  183 99  1 99 99
A78  184 99  1 99 99
A78  185 99  1 99 99
A78  186 99  1 99 99
A78  187 99  1 99 99
A78  188 99  1 99 99
A78  189 99  1  2  3
A78  190 99  1  2  3
A78  191 99  1  2  3
A78  192 99  1  2  3
A78  193 99  1  2  3
A78  194 99  1  2  3
A78  195 99  1  2  3
A78  196  2  1  3  4
A78  197  2  1  3  4
A78  198  2  1  3  4
A78  199  3  1  2 99
A78  200 99  1 99 99
A78  201 99  1 99 99
A78  202 99  1 99 99
A78  203 99  1 99 99
A78  204  2  1 99 99
A78  205  4  1  2  3
A78  206  2  1 99  3
A78  207 99  1 99 99
A78  208 99  1 99 99
A78  209 99  1 99 99
A78  210 99  1 99 99
A78  211  3  1  2 99
A78  212  4  1  2  3
A78  213  3  1  2  4
A78  214 99  1  2 99
A78  215 99  1 99 99
A78  216 99  1 99 99
A78  217 99  1 99 99
A78  218  3  1  2  4
A78  219 99  1 99 99
A78  220 99  1 99 99
A78  221  2  1 99 99
A78  222 99  1  2 99
A78  223  3  1  2  4
A78  224  3  1 99  2
A78  225  3  1  2 99
A78  226 99  1 99 99
A78  227 99  1  3  2
A78  228  4  1  2  3
A78  229  2  1 99 99
A78  230  3  1  2  4
A78  231 99  1  2  3
A78  232  3  1  2  4
A78  233  4  1  2  3
A78  234 99  1  2  3
A78  235  2  1  3  4
A78  236 99  1 99 99
A78  237 99  1  2  3
A78  238  2  1  3  4
A78  239 99  1  2  3
A78  240  4  1  2  3
A78  241 99  1  2  3
A78  242  3  1  2  4
A78  243 99  1  2  3
A78  244 99  1 99 99
A78  245 99  1 99 99
A78  246  2  1 99 99
A78  247  2  1 99 99
A78  248  2  1  4  3
A78  249 99  1 99 99
A78  250  2  1  3  4
A78  251  2  1  3  4
A78  252 99  1 99 99
A78  253 99  1 99 99
A78  254  2  1 99 99
A78  255 99  1  2 99
A78  256 99  1  2 99
A78  257 99  1 99 99
A78  258 99  1  2  3
A78  259 99  1  2  3
A78  260  1  3  2  4
A78  261  1 99 99 99
A78  262  1  2  3  4
A78  263  1  3  4  2
A78  264  1 99 99 99
A78  265  1 99 99  2
A78  266  1  3 99  2
A78  267  1 99 99 99
A78  268  1 99 99 99
A78  269  1 99  2  3
A78  270  1  3 99  2
A78  271  1  4  2  3
A78  272  1 99 99 99
A78  273  1 99 99 99
A78  274  1  3  4  2
A78  275  1  2  3  4
A78  276  1 99 99 99
A78  277  1  2  3  4
A78  278  1  3  2 99
A78  279  1 99 99 99
A78  280  1 99 99 99
A78  281  1  3 99  2
A78  282  1 99 99 99
A78  283  1 99 99 99
A78  284  1  3  2  4
A78  285  1 99 99 99
A78  286  1 99 99 99
A78  287  1  2  3  4
A78  288  1  2  3 99
A78  289  1  2  4  3
A78  290  1  2  3  4
A78  291 99 99  1  2
A78  292  3  4  1  2
A78  293 99 99  1 99
A78  294 99 99  1 99
A78  295 99 99  1 99
A78  296 99 99  1  2
A78  297 99 99  1  2
A78  298 99 99  1 99
A78  299 99 99  1  2
A78  300 99 99  1 99
A78  301 99 99  1 99
A78  302 99 99  1 99
A78  303 99 99  1 99
A78  304 99 99  1  2
A78  305 99 99  1  2
A78  306 99 99  1  2
A78  307 99 99  1 99
A78  308 99 99  1 99
A78  309 99 99  1 99
A78  310 99 99  1  2
A78  311 99 99  1  2
A78  312 99 99  1 99
A78  313 99 99  1  2
A78  314 99 99  1 99
A78  315 99 99  1  2
A78  316 99 99  1  2
A78  317 99 99  1  2
A78  318 99 99  1  2
A78  319 99 99  1  2
A78  320 99  2  1 99
A78  321 99 99  1  2
A78  322 99 99  1 99
A78  323 99 99  1  2
A78  324 99 99  1  2
A78  325 99 99  1 99
A78  326 99 99  1  2
A78  327 99 99  1 99
A78  328 99 99  1  2
A78  329 99 99  1 99
A78  330 99 99  1 99
A78  331 99 99  1 99
A78  332 99 99  1 99
A78  333 99 99  1 99
A78  334 99 99  1  2
A78  335 99 99  1  2
A78  336 99 99  1  2
A78  337 99 99  1  2
A78  338 99 99  1  2
A78  339 99 99  1  2
A78  340 99 99  1 99
A78  341 99 99  1 99
A78  342 99 99  1  2
A78  343 99 99  1 99
A78  344 99 99  1  2
A78  345 99 99  1 99
A78  346 99 99  1 99
A78  347 99 99  1 99
A78  348 99 99  1 99
A78  349 99 99  1  2
A78  350  4  3  1  2
A78  351  4  2  1  3
A78  352 99  2  1  3
A78  353 99  2  1 99
A78  354 99  2  1 99
A78  355 99  2  1 99
A78  356 99  2  1 99
A78  357  3  2  1  4
A78  358 99  2  1 99
A78  359 99  2  1 99
A78  360 99  2  1 99
A78  361 99  2  1 99
A78  362 99  2  1 99
A78  363  4  2  1  3
A78  364 99  2  1 99
A78  365 99  2  1 99
A78  366  4  3  1  2
A78  367 99  2  1  3
A78  368 99  2  1  3
A78  369  4  2  1  3
A78  370 99  2  1  3
A78  371 99  3  1  2
A78  372 99  3  1  2
A78  373  4  3  1  2
A78  374 99  3  1  2
A78  375  4  3  1  2
A78  376 99  2  1  3
A78  377  4  3  1  2
A78  378  4  3  1  2
A78  379  3  2  1  4
A78  380  4  3  1  2
A78  381  4  3  1  2
A78  382  4  2  1  3
A78  383  4  3  1  2
A78  384  4  2  1  3
A78  385  4  3  1  2
A78  386  4  2  1  3
A78  387  4  3  1  2
A78  388 99  3  1  2
A78  389 99  3  1  2
A78  390  4  2  1  3
A78  391  2  4  1  3
A78  392  3  4  1  2
A78  393  3  4  1  2
A78  394  3  4  1  2
A78  395  3  4  1  2
A78  396  4  3  1  2
A78  397  4  3  1  2
A78  398  4  3  1  2
A78  399  4  3  1  2
A78  400  4  3  1  2
A78  401  4  3  1  2
A78  402  4  3  1  2
A78  403  4  2  1  3
A78  404  4  3  1  2
A78  405 99  2  1 99
A78  406  4  3  1  2
A78  407 99  2  1 99
A78  408  4  3  1  2
A78  409  4  2  1  3
A78  410  4  3  1  2
A78  411  4  3  1  2
A78  412  4  2  1  3
A78  413  4  3  1  2
A78  414  4  3  1  2
A78  415  4  2  1  3
A78  416 99  2  1  3
A78  417  4  3  1  2
A78  418 99  2  1  3
A78  419  4  3  1  2
A78  420 99  3  1  2
A78  421 99  2  1  3
A78  422  4  3  1  2
A78  423  4  3  1  2
A78  424  4  3  1  2
A78  425 99  3  1  2
A78  426 99  3  1  2
A78  427  4  2  1  3
A78  428  4  3  1  2
A78  429  3  2  1  4
A78  430  4  3  1  2
A78  431  4  3  1  2
A78  432  4  3  1  2
A78  433  4  3  1  2
A78  434  4  3  1  2
A78  435  4  3  1  2
A78  436  4  3  1  2
A78  437  4  3  1  2
A78  438  4  3  1  2
A78  439  4  3  1  2
A78  440  4  3  1  2
A78  441  4  3  1  2
A78  442  4  3  1  2
A78  443  4  3  1  2
A78  444  4  3  1  2
A78  445  3  4  1  2
A78  446  3  4  1  2
A78  447  3  4  1  2
A78  448  3  4  1  2
A78  449  3  4  1  2
A78  450  3  4  1  2
A78  451  3  4  1  2
A78  452  3  4  1  2
A78  453  2  4  1  3
A78  454  3 99  1  2
A78  455  3  4  1  2
A78  456  2  3  1  4
A78  457  2  3  1  4
A78  458  3 99  1  2
A78  459  2  3  1 99
A78  460  2  4  1  3
A78  461  2  3  1 99
A78  462  3  4  1  2
A78  463  2  4  1  3
A78  464  3  4  1  2
A78  465  2  3  1  4
A78  466  3 99  1  2
A78  467  3  4  1  2
A78  468  3 99  1  2
A78  469  3  4  1  2
A78  470  3 99  1  2
A78  471  3  4  1  2
A78  472  3  4  1  2
A78  473  3  4  1  2
A78  474  2  4  1  3
A78  475  3  4  1  2
A78  476  3  4  1  2
A78  477  3  4  1  2
A78  478  3  4  1  2
A78  479  3  4  1  2
A78  480  3  4  1  2
A78  481  3  4  1  2
A78  482  3  4  1  2
A78  483  2  4  1  3
A78  484  3  4  1  2
A78  485  3  4  1  2
A78  486  3  4  1  2
