A79  362 UNION  VOTERS ELECT  4  FROM  8  BY STV   1/10 SAMPLE
A79    1  3  1 99  4 99 99  2 99
A79    2  2  1  4 99 99 99 99  3
A79    3  2  1  4  3  5  8  7  6
A79    4  3  2 99 99 99 99 99  1
A79    5  3  2  4  7  5  6  8  1
A79    6  2  1 99 99 99 99  4  3
A79    7  2  1 99 99 99 99  4  3
A79    8  3  1  7  5 99  4  2  6
A79    9  2  1  3 99 99 99 99 99
A79   10  3  1  4 99 99 99 99  2
A79   11  2  1 99 99 99 99 99  3
A79   12  2  1 99 99  3  4 99  5
A79   13  2  1 99 99 99 99  3 99
A79   14  2  1  3 99 99 99  5  4
A79   15 99 99 99  1  4  2  3 99
A79   16 99 99 99  1  3  2  4 99
A79   17 99  4 99  1 99  2  3 99
A79   18 99 99 99  1  3  2  4 99
A79   19  5  6  7  1  8  2  3  4
A79   20 99 99 99  2  4  3  1 99
A79   21 99 99  4  2 99  3  1 99
A79   22 99  1 99  2 99  3  4 99
A79   23 99  1 99  4 99  3  2 99
A79   24  3  4 99 99 99  2 99  1
A79   25 99 99  3 99 99  2  1 99
A79   26 99 99 99 99 99  1 99 99
A79   27 99  2 99 99  3  1 99 99
A79   28 99 99 99  3  4  1  2 99
A79   29 99 99 99  3  4  1  2 99
A79   30 99 99 99 99 99  1 99 99
A79   31 99 99 99  4  3  1  2 99
A79   32  2  3  4  7  6  1  6  5
A79   33 99 99 99 99 99  1 99 99
A79   34 99 99 99  3  4  1  2 99
A79   35  4 99  3  2 99  1 99 99
A79   36 99 99 99  2  3  1  4 99
A79   37 99 99 99  3  4  1  2 99
A79   38 99 99 99  3  4  1  2 99
A79   39 99 99 99  3  4  1  2 99
A79   40 99 99 99  3  4  1  2 99
A79   41 99 99 99  3  4  1  2 99
A79   42 99 99 99  3  4  1  2 99
A79   43 99 99 99  3  4  1  2 99
A79   44 99 99 99 99 99  1 99 99
A79   45 99 99 99  3  2  1 99 99
A79   46 99 99 99  3  4  1  2 99
A79   47 99  2 99 99 99  1 99 99
A79   48  3  2 99 99 99  1 99 99
A79   49 99 99 99  3  4  1  2 99
A79   50 99 99 99 99 99  1 99 99
A79   51  3 99 99 99  2  1 99  4
A79   52 99 99 99  2  4  1  3 99
A79   53 99 99 99 99  3  1  2  4
A79   54 99 99 99  2  3  1  4 99
A79   55 99 99 99 99 99  1 99  2
A79   56 99 99 99 99 99  1 99  2
A79   57  4 99  2 99 99  1  3 99
A79   58 99  5 99  3  2  1  4 99
A79   59 99 99 99  2  3  1  4 99
A79   60 99 99 99 99 99  1 99 99
A79   61 99 99 99  3  4  1  2 99
A79   62 99 99 99  2 99  1  3 99
A79   63 99 99 99  3  4  1  2 99
A79   64 99 99 99  3  2  1  4 99
A79   65 99 99 99 99 99  1 99 99
A79   66 99 99 99 99  2  1 99 99
A79   67  8  7  3  5  4  1  2  6
A79   68 99 99 99 99 99  1  2 99
A79   69 99 99 99 99 99  1  2 99
A79   70 99 99 99  3  4  1  2 99
A79   71 99  1 99 99 99 99  3  2
A79   72 99  1 99 99 99 99  3  2
A79   73 99  1 99 99 99 99 99 99
A79   74 99  1 99 99 99 99  2 99
A79   75 99  1 99 99 99 99  2 99
A79   76 99  1 99 99 99 99 99 99
A79   77 99  1 99 99 99 99 99 99
A79   78 99  1 99 99 99 99  2 99
A79   79 99 99 99 99 99 99 99  1
A79   80 99 99 99 99 99 99  1 99
A79   81 99 99 99 99 99 99  1 99
A79   82 99 99 99 99 99 99  1 99
A79   83 99 99 99 99 99 99  1 99
A79   84 99 99 99 99 99 99  1 99
A79   85 99 99 99 99 99 99  1 99
A79   86 99 99 99 99 99 99  1 99
A79   87 99 99 99 99  1 99  2 99
A79   88 99 99  3  4  1 99 99  2
A79   89 99 99 99 99  1 99 99  2
A79   90 99 99 99  4  1  2  3 99
A79   91 99 99 99  2  1  4  3 99
A79   92 99 99 99  3  1  4  2 99
A79   93 99 99 99  3  1  4  2 99
A79   94 99 99 99  3  1  4  2 99
A79   95 99 99 99  2  1  4  3 99
A79   96  2  6  8  3  1  7  5  4
A79   97 99 99 99  3  1 99  2 99
A79   98 99 99 99  4  1 99  3  2
A79   99  2  3  7  5  1  8  6  4
A79  100 99 99 99  3  1  4  2 99
A79  101 99 99 99 99  1 99 99  2
A79  102  6  5  7  4  1  3  2  8
A79  103 99 99 99  3  1 99 99  2
A79  104 99 99 99  3  1 99  2  4
A79  105 99 99 99  3  1  4  2 99
A79  106 99 99 99 99  1 99  2  3
A79  107 99 99 99  3  1  4  2 99
A79  108 99 99 99  3  1  2  4 99
A79  109 99 99 99  4  1  3  2 99
A79  110 99 99 99  2  1  3  4 99
A79  111 99 99 99 99  1  4  2  3
A79  112 99 99 99 99  1 99  2 99
A79  113 99  4 99  2  1  3 99 99
A79  114  2  3 99 99  1 99 99 99
A79  115  8  2  7  5  1  4  3  6
A79  116 99 99 99 99  1  4  3  2
A79  117  2  3 99 99  1 99 99 99
A79  118  7  6  8  3  1  4  5  2
A79  119 99  4  3  2  1  7  6  5
A79  120 99 99 99  3  1  4  2 99
A79  121  2  3  4 99  1 99 99 99
A79  122  8  7  4  6  1  5  3  2
A79  123  2 99 99 99  1 99  3 99
A79  124 99 99 99 99  1 99 99  2
A79  125 99  4  5 99  1  6  2  3
A79  126  8  7  6  3  1  4  5  2
A79  127 99 99 99 99  1 99 99  2
A79  128 99 99 99  3  1 99  2  4
A79  129 99 99 99 99  1 99  2  3
A79  130 99 99 99 99  1 99  2  3
A79  131 99 99 99 99  1 99  3  2
A79  132 99  1 99  4  3 99  2 99
A79  133  5  1  3  4  2  8  6  7
A79  134 99  1 99 99  2 99  3 99
A79  135 99 99 99 99  2 99 99  1
A79  136 99 99 99  3  2 99 99  1
A79  137 99 99 99 99  2 99  3  1
A79  138  4 99 99 99  2  3 99  1
A79  139  4  3 99 99  2 99 99  1
A79  140 99 99 99 99  2 99 99  1
A79  141 99 99 99  4  3 99  2  1
A79  142 99 99 99 99  3 99  1  2
A79  143 99 99 99  3  2  4  1 99
A79  144 99 99 99  4  2  3  1 99
A79  145 99 99 99 99  2 99  1  3
A79  146 99 99 99  2  1  4  3 99
A79  147  3  2  1 99 99 99 99  4
A79  148 99 99  1 99 99 99 99 99
A79  149 99  3  1 99 99 99  2 99
A79  150 99 99  1 99 99  2  3 99
A79  151  4 99  1  2 99  3 99 99
A79  152  3  4  1 99 99 99 99  2
A79  153  3  4  1 99 99 99 99  2
A79  154  4  8  1  2  3  7  6  5
A79  155  4  3  1  5  6  7  8  2
A79  156 99 99  1 99 99 99 99 99
A79  157  2  3  1 99 99 99 99 99
A79  158  3  4  1 99 99 99 99  2
A79  159 99 99  1 99 99 99 99 99
A79  160  3  4  1 99 99 99 99  2
A79  161 99 99  1 99 99 99 99 99
A79  162 99  2  1 99 99 99  3 99
A79  163 99 99  1 99 99 99  2 99
A79  164  8  3  1  7  4  5  6  2
A79  165 99 99  1 99 99 99 99 99
A79  166  4  3  1 99 99 99 99  2
A79  167  2  3  1 99 99 99 99  4
A79  168  4  3  1 99 99 99 99  2
A79  169  4  3  1 99 99 99 99  2
A79  170  4  2  1 99 99 99 99  3
A79  171  3  4  1 99 99 99 99  2
A79  172 99 99 99  2 99 99 99  1
A79  173 99 99 99  2 99 99 99  1
A79  174 99 99 99  1 99 99  2 99
A79  175 99 99 99  1 99 99 99  2
A79  176  1 99  2 99 99 99  3 99
A79  177  1 99  3  4 99 99 99  2
A79  178  1  2  5  3  6 99  4 99
A79  179  1  5  7  6  3  4  8  2
A79  180  1  5 99  4  7  6  3  2
A79  181  1  3  2 99 99 99 99  4
A79  182  1  3  2 99 99 99 99  4
A79  183  1 99  2 99 99 99 99  3
A79  184  1  3 99 99  2 99 99  4
A79  185  1  6  3  2  5  7  8  4
A79  186  1 99 99  2 99  4 99  3
A79  187  1 99 99 99 99 99 99 99
A79  188  1  3  2 99 99 99 99 99
A79  189  1  5  6  7  3  4  2  8
A79  190  1  3  2 99 99 99 99  4
A79  191  1  2  3 99 99 99 99 99
A79  192  1  2  3 99 99 99 99 99
A79  193  1 99 99  2 99 99 99  3
A79  194  1  2 99 99 99  3 99  4
A79  195  1  3  4 99 99 99 99  2
A79  196  1 99 99 99 99 99 99 99
A79  197  1 99  3 99 99 99 99  2
A79  198  1  6  5  3  7  8  2  9
A79  199  1  2 99 99 99 99 99 99
A79  200  1  2  3 99 99 99 99 99
A79  201  1  3  4 99 99 99 99  2
A79  202  1  2  3 99 99 99 99  4
A79  203  1 99 99  3 99 99  2 99
A79  204  1 99  3 99 99 99 99  2
A79  205  1 99 99 99 99 99 99  2
A79  206  1  4  3 99 99 99 99  2
A79  207  1  4  3 99 99 99 99  2
A79  208  1  4  3 99 99 99 99  2
A79  209  1  4 99 99 99  3 99  2
A79  210  1 99 99 99 99 99 99 99
A79  211  1  4  3 99 99 99 99  2
A79  212  1  2 99  6  3  4  5 99
A79  213  1  3  2 99 99 99 99  4
A79  214  1  4  3 99 99 99 99  2
A79  215  1  7  6  3  4  5  8  2
A79  216  1  2  3 99 99 99 99 99
A79  217  1 99 99 99 99 99 99 99
A79  218  1  2  3 99 99 99 99  4
A79  219  1  4  3 99 99 99 99  2
A79  220  1  4  3 99 99 99 99  2
A79  221  1 99  3 99 99 99 99  2
A79  222  1 99 99 99 99 99 99 99
A79  223  1  3  2 99 99 99 99 99
A79  224  1  2  4 99 99 99 99  3
A79  225  1  2  3 99 99 99 99  4
A79  226  1  3  2 99 99 99 99  4
A79  227  1  3  2 99 99 99 99  4
A79  228  1  3  2  8  7  6  5  4
A79  229  2 99  4 99 99  3 99  1
A79  230  2  6  5  4  3 99 99  1
A79  231  2  3  4  5  6  7  8  1
A79  232  2  3  4 99 99 99 99  1
A79  233  2 99 99  3  4 99 99  1
A79  234  2  4  3 99 99 99 99  1
A79  235  2 99  3 99 99 99  4  1
A79  236  3 99  1 99 99 99 99  2
A79  237  2 99  1 99 99 99 99  3
A79  238 99  2  1 99 99 99 99 99
A79  239 99 99  1  3  2 99 99  4
A79  240 99  2  1 99 99 99 99 99
A79  241  3  4  1 99 99 99 99  2
A79  242  2  3  1 99 99 99 99  4
A79  243 99  2  1 99 99 99 99 99
A79  244  2  3  1  5  7  4  6  8
A79  245 99 99  2  1 99 99 99  3
A79  246  5  1  4  2  8  6  7  3
A79  247  3  1  2 99 99 99 99  4
A79  248  3  1  2 99 99 99 99 99
A79  249  4  1  3 99 99  5 99  2
A79  250 99  1  2 99 99 99  3 99
A79  251  4  1  2 99 99 99 99  3
A79  252  3  1  2  5  4 99 99 99
A79  253  4  2  3 99 99 99 99  1
A79  254  4  3  2 99 99 99 99  1
A79  255 99  3  2 99 99 99 99  1
A79  256 99 99  2 99  3 99 99  1
A79  257  3 99  2 99 99 99 99  1
A79  258  3  4  2 99 99 99 99  1
A79  259  3  4  2 99 99 99 99  1
A79  260 99 99  2 99  4  3  1 99
A79  261  3 99  1 99  4 99  2  5
A79  262 99 99  1  2 99 99 99 99
A79  263 99 99  1  2 99  4  3 99
A79  264 99 99  1  3  2 99 99 99
A79  265 99 99  1 99 99 99 99 99
A79  266  2  3  1 99  4  7  5  6
A79  267 99  2  1 99 99 99  3 99
A79  268 99 99  1 99 99 99  2 99
A79  269  4  2  1 99 99 99  5  3
A79  270 99  3  1 99 99 99  4  2
A79  271 99 99 99  1  3 99  2  4
A79  272 99 99 99  1  2 99  3 99
A79  273 99  3 99  1  2 99 99 99
A79  274 99 99 99  1  2 99  3  4
A79  275 99  1 99  3  4 99  2 99
A79  276  3  2 99  1  4 99 99 99
A79  277  8  5  4  1  3  7  6  2
A79  278 99 99  4  2  3 99  1 99
A79  279 99 99 99  1  2  4  3 99
A79  280 99 99 99  1  2  4  3 99
A79  281 99 99 99  1  3  4  2 99
A79  282 99 99 99  1  2  4  3 99
A79  283 99 99 99  1  3  4 99  2
A79  284 99 99 99  1  2  3  4 99
A79  285 99 99 99  1  2  3  5  4
A79  286 99 99 99  1  3  4  2 99
A79  287 99 99 99  1  3  4  2 99
A79  288 99 99 99  1  2  3  4 99
A79  289 99 99 99  1  3  4  2 99
A79  290 99 99 99  1  2  3  4 99
A79  291 99 99 99  1  3  4  2 99
A79  292 99 99 99  1  3  4  2 99
A79  293  5  6  7  1  3  4  8  2
A79  294 99 99 99  1  3  4  2 99
A79  295 99 99 99  1  3  4  2 99
A79  296 99 99 99  1  3  4  2 99
A79  297 99 99 99  1  2  3  4 99
A79  298 99 99 99  1  3  4  2 99
A79  299  6  8  7  1  2  4  3  5
A79  300 99 99 99  2  3  4  1 99
A79  301 99 99 99  1  2  3  4 99
A79  302 99 99 99  1  2  4  3 99
A79  303 99  4  3  2 99 99  1 99
A79  304  5 99  4  2  3 99  1  6
A79  305 99 99 99  2  3  4  1 99
A79  306 99 99 99  2  4 99  1  3
A79  307 99 99 99  2 99 99  1 99
A79  308 99 99 99  2  3  4  1 99
A79  309 99 99 99  2  3 99  1  4
A79  310 99 99 99  2  4  3  1 99
A79  311 99 99 99  2  4  3  1 99
A79  312 99 99 99  2  3  4  1 99
A79  313 99 99 99  2  3 99  1 99
A79  314 99 99 99  2  3  4  1 99
A79  315 99 99 99  2  3  4  1 99
A79  316 99 99 99  2  3  4  1 99
A79  317 99 99 99  2 99 99  1 99
A79  318 99  5 99  2  4  3  1 99
A79  319 99  4 99  2  3 99  1 99
A79  320 99 99 99  2  4  3  1 99
A79  321 99 99 99  2  3  4  1 99
A79  322 99 99 99  2  3  4  1 99
A79  323 99 99 99  2  4  3  1 99
A79  324 99 99 99  2  4  3  1 99
A79  325 99 99 99  2  3  4  1 99
A79  326 99 99 99  2  3  4  1 99
A79  327 99 99 99  2  4  3  1 99
A79  328 99 99 99  2  4  3  1 99
A79  329 99 99 99  2  3  4  1 99
A79  330 99 99 99  2  3  4  1 99
A79  331 99 99 99  2  3  4  1 99
A79  332 99 99  6  2  3  4  1  5
A79  333  6  7  2  3  4  5  1  8
A79  334  3  4  2 99 99 99  1 99
A79  335 99  3  2 99 99 99  1  4
A79  336  2 99  3 99 99 99  1  4
A79  337 99 99 99  2  3 99  1 99
A79  338  8  4  3  6  5  7  1  2
A79  339 99 99  4  3 99  5  1  2
A79  340 99 99 99 99  3 99  1  2
A79  341 99 99 99  4  3  2  1 99
A79  342 99 99  3 99 99  2  1 99
A79  343 99 99 99  4  3  2  1 99
A79  344 99 99 99 99  3  2  1 99
A79  345 99 99 99  4  3  2  1 99
A79  346  8  7  6  4  3  2  1  5
A79  347 99 99 99 99 99  2  1 99
A79  348 99 99 99  3  2  4  1 99
A79  349  5  6  7  4  2  3  1  8
A79  350  5 99 99  3  2  4  1 99
A79  351 99 99 99  3  2  4  1 99
A79  352 99 99 99  3  2  4  1 99
A79  353 99 99 99  3  2  4  1 99
A79  354 99 99 99  3  2 99  1 99
A79  355 99 99 99  3  2  4  1 99
A79  356 99  3 99 99  2  4  1 99
A79  357 99 99 99  4  2 99  1  3
A79  358 99 99  3 99  2 99  1 99
A79  359 99 99 99  3  2  4  1 99
A79  360 99  4 99 99  2  3  1 99
A79  361 99 99 99  3  2 99  1 99
A79  362  7  6  5  3  2  4  1  8
