 A8   78 UNION  VOTERS ELECT  2  OUT OF  7 (BY RAV)                        
  8    1  1  6  3  2  5  4  7
  8    2  1  3  4  2 99 99 99
  8    3  7  1  3  2  4  6  5
  8    4  2  1  6  3  7  5  4
  8    5 99  1  2 99 99 99 99
  8    6  2  1  7  6  5  4  3
  8    7  3  1 99  2 99 99 99
  8    8  4  1  3  6  7  2  5
  8    9  2  1  3  6  4  7  5
  8   10 99 99  1  2 99  3 99
  8   11 99 99  1 99 99 99  2
  8   12 99  2  1 99  4  3  5
  8   13 99  3  1 99 99  2 99
  8   14 99 99  1  2 99 99 99
  8   15 99 99  1 99  3 99  2
  8   16 99  2  1  3 99 99 99
  8   17 99  2  1 99  3 99 99
  8   18 99 99  1  2  4 99  3
  8   19 99 99 99  1 99 99  2
  8   20 99 99 99  1 99 99 99
  8   21 99  2 99  1 99 99 99
  8   22 99 99 99  1  2 99  3
  8   23 99 99 99  1 99 99 99
  8   24  3  2  5  1  6  4  7
  8   25  6  2  7  1  4  5  3
  8   26 99  5  6  1  3  4  2
  8   27 99 99 99  1 99 99  2
  8   28  3  2  5  1  6  4  7
  8   29  6  2  7  1  4  5  3
  8   30 99  2 99  1 99 99  3
  8   31 99 99 99  1 99 99 99
  8   32 99  3  2  1 99 99 99
  8   33 99 99 99  1 99 99 99
  8   34  7  6  4  1  3  2  5
  8   35  4  3  7  1  2  5  6
  8   36  4  3  7  1  6  5  2
  8   37 99  2  3  1 99 99  4
  8   38 99 99 99  1 99 99 99
  8   39 99  3 99  1  2 99 99
  8   40 99  2 99  1 99 99 99
  8   41 99  3 99  1 99  2 99
  8   42 99 99  2  1 99 99 99
  8   43 99  2 99  1 99 99 99
  8   44 99 99  5  1  4  3  2
  8   45 99 99 99  1  3 99  2
  8   46 99 99 99  1 99 99 99
  8   47 99 99 99  1 99 99  2
  8   48 99  2 99  1 99 99 99
  8   49  3  4  7  1  5  6  2
  8   50 99 99 99  1 99 99 99
  8   51 99  2 99  1 99 99 99
  8   52 99 99 99  1  3 99  2
  8   53  4  5  7  1  2  6  3
  8   54 99 99  2  1 99 99 99
  8   55 99 99 99  1 99 99 99
  8   56  7  3  6  1  5  4  2
  8   57  2  3  7  1  4  5  6
  8   58 99  3  2  1 99 99 99
  8   59 99 99  3  1 99 99  2
  8   60  5  2  3  1 99 99  4
  8   61 99 99  3  1 99 99  2
  8   62 99 99 99 99  1  2 99
  8   63 99 99  4  3  1 99  2
  8   64 99 99 99 99  3  1  2
  8   65  5  6  2  7  4  1  3
  8   66  3  7  4  6  2  1  5
  8   67 99 99  3 99 99  1  2
  8   68 99 99 99  2 99 99  1
  8   69 99  2 99  3 99 99  1
  8   70 99 99 99 99 99 99  1
  8   71 99 99 99 99 99 99  1
  8   72 99 99 99 99 99  2  1
  8   73 99 99 99  2 99 99  1
  8   74 99 99  4  3  2 99  1
  8   75 99 99 99  3  2 99  1
  8   76 99  2  3  4 99 99  1
  8   77  3 99  2 99 99 99  1
  8   78  5  4  7  6  2  3  1
