A80  269 PR ASN VOTERS ELECT  5  FROM  7  BY STV
A80    1  2  7  3  5  6  1  4
A80    2  2 99  3 99 99  1 99
A80    3  4  2  3  6  5  1  7
A80    4  6  5  2  3  7  1  4
A80    5  6  4  5  3  2  1  7
A80    6 99 99  2 99  3  1 99
A80    7  2  4  7  6  3  1  5
A80    8  6  5  2  4  7  1  3
A80    9  3  6  7  5  2  1  4
A80   10  2  7  4  5  3  1  6
A80   11  7  4  2  3  6  1  5
A80   12  3  7  6  2  4  1  5
A80   13  5  7  4  6  2  1  3
A80   14 99 99  3 99  2  1 99
A80   15  4  7  6  2  5  1  3
A80   16  2  7  4  5  3  1  6
A80   17  2  4  3  5  6  1  7
A80   18  2 99 99  5  4  1  3
A80   19  2  7  5  3  4  1  6
A80   20  3  4  7  6  2  1  5
A80   21  3  4  2  5  7  1  6
A80   22  1  6  5  3  4  2  7
A80   23  1  5  4  6  3  2  7
A80   24  1  3  5  6  7  2  4
A80   25  1 99 99 99  3  2 99
A80   26  1  4  5  7  3  2  6
A80   27  1  7  6  4  5  2  3
A80   28  1  4  5  6  3  2  7
A80   29  1  6  5  4  3  2  7
A80   30  1  7  5  4  3  2  6
A80   31  1  5  3  4  6  2  7
A80   32  1  3  4  6  5  2  7
A80   33  1 99  4 99  3  2 99
A80   34  1  7  4  6  3  2  5
A80   35  1  5  7  6  3  2  4
A80   36  1  5  6  3  4  2  7
A80   37  1 99 99 99  3  2 99
A80   38  1  7  5  4  3  2  6
A80   39  1  4  5  7  2  3  6
A80   40  1  5  6  7  2  3  4
A80   41  1  6  5  7  2  3  4
A80   42  1 99 99 99  2  3 99
A80   43  1  7  5  6  2  3  4
A80   44  1 99 99 99  2  3  4
A80   45  1  7  4  5  2  3  6
A80   46  1  4  6  7  2  3  5
A80   47  1  4  6  5  2  3  7
A80   48  1  4  5  6  2  3  7
A80   49  1 99 99 99  2  3 99
A80   50  1  6  5  4  2  3  7
A80   51  1  4  7  6  2  3  5
A80   52  1  7  4  6  2  3  5
A80   53  6  4  2  1  5  3  7
A80   54  1  5  2  6  3  4  7
A80   55  1  2  6  7  4  5  3
A80   56  1  2  3 99  4 99  5
A80   57  1  2  4  7  3  5  6
A80   58  1  2  7  6  5  4  3
A80   59  1  2  5  7  3  4  6
A80   60  1  2  4  5  3  6  7
A80   61  1  2  5  3  6  7  4
A80   62  1  2  3  7  4  5  6
A80   63  1  2  6  5  4  7  3
A80   64  1  3  4  5  2  6  7
A80   65  1  3  4  5  2  7  6
A80   66  1  3  6  7  2  5  4
A80   67  1  3  5  6  2  4  7
A80   68  1  3 99 99  2  4 99
A80   69  1  4  3  2  6  5 99
A80   70  1 99 99 99 99 99 99
A80   71  1 99 99 99 99 99 99
A80   72 99 99 99  1 99 99 99
A80   73 99 99 99  1  2 99 99
A80   74 99 99 99  1 99 99 99
A80   75  1  4  2  3  7  5  6
A80   76  1 99  2 99 99 99 99
A80   77  1  4  2  7  5  3  6
A80   78  1  7  2  6  3  4  5
A80   79  1  6  2  7  5  3  4
A80   80  1 99  2 99  4  3 99
A80   81  1  5  2  4  7  6  3
A80   82  1  4  2  6  7  3  5
A80   83  1  5  2  7  4  6  3
A80   84  1  7  2  5  3  4  6
A80   85  1 99  2 99 99  3  4
A80   86  1  3  2  6  4  7  5
A80   87  1  7  2  5  6  3  4
A80   88  1  5  2  3 99 99  4
A80   89  1  3  2  5  7  6  4
A80   90  1  7  2  6  3  5  4
A80   91  1  5  2  7  3  4  6
A80   92  1 99  2 99  3  4 99
A80   93  1  7  2  3  4  5  6
A80   94  1  3  2  5  4  6  7
A80   95  1  6  2  5  4  3  7
A80   96  1  4  2  3  7  5  6
A80   97  1  5  3  6  2  7  4
A80   98  1  6  3  7  2  5  4
A80   99  1  4  3  6  2  5  7
A80  100  1  7  3  5  2  4  6
A80  101  1  6  3  4  2  7  5
A80  102  1  7  3  5  2  4  6
A80  103  1  7  3  5  2  4  6
A80  104  1  4  3  5  2  7  6
A80  105  3  2  7  6  1  5  4
A80  106  5  7  6  2  1  4  3
A80  107  2  4  3  5  1  7  6
A80  108  4  7  6  3  1  2  5
A80  109 99 99 99 99  1 99 99
A80  110  3 99 99 99  1  2 99
A80  111 99 99 99 99  1 99 99
A80  112 99 99 99 99  1 99 99
A80  113  2  7  4  6  1  3  5
A80  114  6  4  5  2  1  3  7
A80  115  7  6  2  4  1  3  5
A80  116  3  4  2  6  1  7  5
A80  117  2  6  5  4  1  3  7
A80  118  6  7  3  2  1  4  5
A80  119  2  5  3  6  1  4  7
A80  120  2  3  5  7  1  4  6
A80  121  2  4  3  5  1  6  7
A80  122  2  6  4  7  1  3  5
A80  123  4  3  2  6  1  7  5
A80  124  2  4  3 99  1 99  5
A80  125  2 99  3 99  1 99 99
A80  126  3  2  5  6  1  7  4
A80  127  2  3  6  8  1  4  5
A80  128 99 99  2 99  1 99 99
A80  129  5  6  4  7  1  2  3
A80  130  7  6  5  3  1  2  4
A80  131  4 99  3 99  1  2 99
A80  132  7  4  2  6  1  3  5
A80  133  2  5  4 99  1 99  3
A80  134  2  4  3  6  1  5  7
A80  135  7  6  4  3  1  5  2
A80  136  2  3  6  7  1  5  4
A80  137  2 99  3  4  1  5 99
A80  138  2  6  3  5  1  7  4
A80  139  3  2  4  7  1  6  5
A80  140  2  4  5  6  1  3  7
A80  141  3  4  2  7  1  6  5
A80  142  1  5  6  7  2  3  4
A80  143  2  3  4  1  5  6  7
A80  144  3  7  5  1  6  2  4
A80  145  2  6  4  1  5  3  7
A80  146  2  6  4  1  3  5  7
A80  147  4  7  5  1  3  2  6
A80  148  3  7  5  1  4  2  6
A80  149  3 99  4  1 99  2 99
A80  150  1  7  5  2  3  4  6
A80  151  1  6  7  2  3  4  5
A80  152  1  6  5  3  2  4  7
A80  153  1  2  3  6  4  7  5
A80  154  1  2  3  6  4  5  7
A80  155  1  2  4  5  6  7  3
A80  156  1  2  5  6  3  4  7
A80  157  5  7  4  3  2  6  1
A80  158  4  5  6  3  2  7  1
A80  159  4  5  6  3  2  7  1
A80  160  2  3  5  7  6  4  1
A80  161  3  6  4  5  2 99  1
A80  162  5  2  3  7  4  6  1
A80  163 99  2  3 99 99 99  1
A80  164  7  6  3  4  2  5  1
A80  165  4  2  3  5  7  6  1
A80  166  7  6  5  4  2  3  1
A80  167  5  6  3  7  4  2  1
A80  168  2  5  4  7  3  6  1
A80  169  7  2  6  3  5  4  1
A80  170  5  4  6  2  7  3  1
A80  171  7  3  5  6  2  4  1
A80  172  7  5  4  6  2  3  1
A80  173  2  4  5  6  3  7  1
A80  174 99 99 99 99 99 99  1
A80  175  3  5  6  7  2  4  1
A80  176  3  5  4  7  2  6  1
A80  177 99 99  2  4  3  5  1
A80  178  2  3  6  4  7  5  1
A80  179 99  4 99 99  2  3  1
A80  180 99  4 99 99  2  3  1
A80  181  3  2  6  5  4  7  1
A80  182  2  4  3  5  6  7  1
A80  183  3  5  6  7  4  2  1
A80  184  4  2  7  6  3  5  1
A80  185  7  6  3  2  4  5  1
A80  186  6  2  3  7  5  4  1
A80  187  5  4  7  6  2  3  1
A80  188  3  4  5  6  2  7  1
A80  189  2  1  6  7  3  4  5
A80  190  6  1  5  4  3  7  2
A80  191  5  1  3  2  7  6  4
A80  192  4  1 99 99  3 99  2
A80  193  2  1  4  7  3  5  6
A80  194  4  1  3  2  7  5  6
A80  195  2  1  3  5  4  7  6
A80  196  5  1  2  3  6  7  4
A80  197  3  1 99 99  4  2 99
A80  198  2  1  7  6  5  3  4
A80  199  6  1  5  7  4  2  3
A80  200  5  1  3  7  2  4  6
A80  201  4  1  5  2  7  6  3
A80  202  6  1  5  2  7  4  3
A80  203  4  1  2  3  5  6  7
A80  204  2  1  7  5  6  4  3
A80  205 99  1  2 99 99 99 99
A80  206  5  1  4  2  6  7  3
A80  207  2  1 99 99  3 99  4
A80  208  3  1  2  4  7  6  5
A80  209  3  1  4  5  6  7  2
A80  210  2  1  5  4  3  7  6
A80  211  3  1  5  6  4  2  7
A80  212  5  1  3  2 99 99  4
A80  213  1  4  7  5  3  6  2
A80  214  1  7  3  6  4  5  2
A80  215  1  5  7  4  3  6  2
A80  216  1  3  5  7  4  6  2
A80  217  1  4  5  7  3  6  2
A80  218  1 99  3 99 99 99  2
A80  219  1  5  7  6  2  4  3
A80  220  1  7  5  6  2  4  3
A80  221  1  6  5  7  2  4  3
A80  222  5  6  2  1  3  7  4
A80  223  6  7  2  1  3  5  4
A80  224  3  4  5  1  7  6  2
A80  225  2  6  3  1  4  7  5
A80  226  1  5  6  2  3  7  4
A80  227  1  6  5  2  3  7  4
A80  228  2  4  5  1  3  6 99
A80  229  2  5  4  1  3  6  7
A80  230  4  3  2  1  6  5  7
A80  231  7  2  3  1  5  4  6
A80  232  3  5  4  1  2  6  7
A80  233  5  2  4  1  6  7  3
A80  234 99 99  1  3  2 99  4
A80  235  3  4  1  7  5  2  6
A80  236 99 99  1  3  4  2 99
A80  237  2  4  1  5  6  7  3
A80  238  3  7  1  4  5  2  6
A80  239  4  3  1  2 99 99 99
A80  240  2  7  1  6  4  3  5
A80  241  2  3  1  5  4  7  6
A80  242  4  3  1  2 99 99 99
A80  243  6  2  1  3  7  5  4
A80  244  3  7  1  6  5  4  2
A80  245  2  6  1  7  5  4  3
A80  246  4  5  1  6  2  3  7
A80  247  2  7  1  5  3  4  6
A80  248  4  5  1  2  3  7  6
A80  249  7  3  1  2  4  6  5
A80  250  4  5  1  7  3  2  6
A80  251  2  3  1  5  4  6  7
A80  252  2 99  1 99  3 99 99
A80  253  5  4  1  2  6  7  3
A80  254  7  5  1  3  6  2  4
A80  255  2 99  1 99 99  3 99
A80  256  3  7  1  6  2  4  5
A80  257  7  3  1  6  2  4  5
A80  258  7  2  1  3  6  4  5
A80  259  2  6  1  4  7  3  5
A80  260  4  7  1  6  5  2  3
A80  261  2 99  1 99 99  3 99
A80  262  4  2  1  3  6  5  7
A80  263  2 99  1 99  3 99 99
A80  264  2 99  1 99 99  3 99
A80  265  5  1  4  6  3  7  2
A80  266  5  1  6  2  4  7  3
A80  267  5  1  2  3  7  4  6
A80  268  2  1 99 99 99 99 99
A80  269  2  1  6  7  3  4  5
