A81  902 NON-PR VOTERS ELECT  9  FROM 11  BY STV
A81    1  2  1  7 99  3 99  4  9  8  5  6
A81    2  2  1  7 99  3 99  4  9  8  5  6
A81    3 99  1 10  9  4  2  8  3  5  6  7
A81    4 99  1 10  9  4  2  8  3  5  6  7
A81    5  6  1  9 99  7  8  3  2  4 99  5
A81    6  8  1  9 99  7 99  2  3  5  6  4
A81    7 99  1  2 99  4 99  3 99  5  6 99
A81    8 99  1  2 99  4 99  3 99  5  6 99
A81    9  9  1 10  6  7 11  2  4  5  3  8
A81   10  6  1  3  2  7 11  5  4  9 10  8
A81   11 99  1  4 99  7 99 99  3  6  2  5
A81   12  6  1  3 99 99 99  2  7 99  4  5
A81   13  6  1  2 99  4 99 99  3  5 99  7
A81   14  5  1  4 99 99 99  6  2  3 99 99
A81   15  5  1  4 99 99 99  6  2  3 99 99
A81   16  8  1  4 99  2 99  9  6  7  3  5
A81   17  8  1  9 99 99  5  3  4  6  2  7
A81   18 99  1 99 99 99 99 99  3  2 99 99
A81   19 99  1 99 99 99 99 99  3  2 99 99
A81   20 99  1  2 99  4 99  5  3 99 99  6
A81   21 99  1  4 99  3 99 99 99  2  5 99
A81   22 99  1  4 99  3 99 99 99  2  5 99
A81   23  3  1 99 99 99  4  2 99  5  7  6
A81   24 99  1  8 99  5 99  6  3  2  4  7
A81   25 99  1  2 99  5  9  6  3  4  7  8
A81   26  8  1  6  4  7 10  5  2  3 11  9
A81   27  7  1  4 99  5 99 99  3  2  6 99
A81   28 99  1 99 99 99 99  2  3 99 99  4
A81   29 10  1  7  6  5 11  4  2  3  8  9
A81   30  7  1 99 99 99 99  6  3  2  5  4
A81   31 99  1  4 99  3 99  5  2  6  8  7
A81   32 99  1  4 99  3 99  5 99  6  2 99
A81   33 99  1 99 99  6 99  4  2  3 99  5
A81   34 99  1 99 99 99 99 99  2  3 99 99
A81   35 99  1 99 99 99 99 99 99 99 99 99
A81   36 99  1  4 99  5 99 99  2  3  6 99
A81   37  5  1 99  4 99 99  3 99 99 99  2
A81   38 99  1  3 99  2  7  4  5  6  9  8
A81   39 99  1  3 99  2  7  4  5  6  9  8
A81   40  9  1 11  6  7 10  5  2  3  8  4
A81   41  8  1 10 11  7  9  4  2  3  5  6
A81   42 99  1  4 99  2  3 99  5  7 99  6
A81   43 10  1  5 11  2  9  8  3  4  7  6
A81   44  5  1  3  6 99 99 99  4  2 99 99
A81   45  5  1  3  6 99 99 99  4  2 99 99
A81   46  7  1  5 11  3  9  2  4  6  8 10
A81   47 99  1 99 99 99 99  2 99 99 99 99
A81   48 11  1  9  2  7 10  8  3  4  6  5
A81   49 99  1  4  6  5 99  7  2  3  8  9
A81   50  4  1  7 99  8 99  9  3  2  6  5
A81   51  6  1  3 99  5 99  7  2  4  8  9
A81   52  3  1  9  8 99 99  2  4  5  6  7
A81   53  6  1  3 99  5 99  7  2  4  8  9
A81   54  9  1  3  8 99 99  4  5  2  7  6
A81   55 99  1 99  5  6 99 99  3  2 99  4
A81   56 99  1  3  5  2  6  4  7  9  8 99
A81   57 99  1  3 99  4 99 99  2  5 99  6
A81   58  8  1  4  9  5 11  6  7  3  2 10
A81   59 10  1  2 11  8  9  7  3  4  5  6
A81   60 99  1  2 99 99 99  5 99  3  4 99
A81   61  6  1  2 99 99 99  5  4  3  7  8
A81   62  4  1  5  6 11 10  7  2  3  9  8
A81   63 99  1 99 99  2 99 99 99  3  4  5
A81   64  3  1 99 99 99 99 99 99 99  2 99
A81   65  4  1 99 99  5 99  2 99  3 99 99
A81   66 99  1  6 99  5 99  4  3  2 99 99
A81   67  8  1 10 11  6  9  2  3  7  4  5
A81   68 99  1  2 99  3 99  4 99 99 99  5
A81   69  7  1  6 99  2 99  3  4  5 99 99
A81   70  7  1  5 11  4 10  6  2  3  9  8
A81   71  9  1  5 99  6 99  2  4  3  8  7
A81   72  9  1  3 11  8 10  4  2  6  7  5
A81   73  9  1  3 11  8 10  4  2  6  7  5
A81   74  4  1 99 99  5  9  8  7  3  6  2
A81   75 99  1  7 99  6  9  3  5  2  4  8
A81   76 99  1 99 99  2 99  3  4  7  5  6
A81   77  7  1  5  6  4  8  9  2  3 10 11
A81   78  2  1  6 99  3 99  4  5  8  7  9
A81   79 99  1 99 99 99 99  2 99  3 99 99
A81   80  4  1  8 99  3 99  2 99  6  7  5
A81   81 99  1 99  2 99 99 99 99 99 99  3
A81   82  8  1  3 99  9 99  4  2  6  7  5
A81   83  8  1  3 99  9 99  4  2  6  7  5
A81   84 99  1  6  7  8 10  3  2  4  9  5
A81   85  8  1  5  9  4  6  2  3 10  7 11
A81   86 99  1 99 99 99 99 99 99 99 99 99
A81   87 99  1 99 99 99 99 99 99 99 99 99
A81   88 11  1  6 10  2  7  4  5  3  9  8
A81   89  4  1  9  5  8 11 10  2  3  6  7
A81   90  4  1 99  9  2 99  3  5  8  6  7
A81   91  9  1  3  4  6 10  5  2 11  7  8
A81   92  4  1  7 11  3  9  8  6  5  2 10
A81   93  4  1 99 99 99 99  5  2  3 99 99
A81   94  7  1  2  6  8 99  3  4  5 99  9
A81   95  2  1 99  4 99  6  3 99 99  5 99
A81   96  2  1 99  4 99  6  3 99 99  5 99
A81   97  2  1 99  4 99  6  3 99 99  5 99
A81   98  2  1 99  4 99  6  3 99 99  5 99
A81   99  2  1 99  4 99  6  3 99 99  5 99
A81  100  2  1 99  4 99  6  3 99 99  5 99
A81  101  6  1  7 99 99 99  5  3  2 99  4
A81  102 99  1  4 99 99 99 99  2  3 99 99
A81  103 99  1 99 99  6 99  2  3  4 99  5
A81  104 99  1  7 99  9  8  4  2  3  5  6
A81  105  3  1  6  2 99 99  5  4  7 99 99
A81  106  9  1  6 10  2 11  3  5  8  7  4
A81  107 99  1  4  5  6  7 99  2  3  8  9
A81  108  9  1 10  6  7 11  2  4  5  3  8
A81  109  1  9  2 11 10  3  8  4  7  5  6
A81  110  1  4  8 99 99 99  7  5  6  3  2
A81  111  1 99  2 99 99 99  3 99 99 99 99
A81  112  1  2  6  3  5 99  4  7  8  9 99
A81  113  1 99 99 99 99 99 99  2 99 99 99
A81  114  1 99  5  4  8  2  3  9  7 99  6
A81  115  1 99  5  4  8  2  3  9  7 99  6
A81  116  1  7  5  8 11  9 10  2  6  4  3
A81  117  1 99  5 99  4 99  3 99  2  6  7
A81  118  1  5  4 99 99 99 99  2  3 99 99
A81  119  1  2 99 99 99 99  3 99  4 99 99
A81  120  1  2  3 99  4  5  6  7 99  8  9
A81  121  1 99  5 11  2 10  3  8  7  4  9
A81  122  1  7  8  9  3 10  2  4 11  5  6
A81  123  1 99  2 99  3  4  5  6  7  8  9
A81  124  1  5 99  2  3 99 99 99  4 99 99
A81  125  1  5 99  2  3 99 99 99  4 99 99
A81  126  1  7 99 99  3  6  9  4  8  2  5
A81  127  1  8 10  9  2 11  3  4  6  5  7
A81  128  1  8 10  9  2 11  3  4  6  5  7
A81  129  1  8 10  9  2 11  3  4  6  5  7
A81  130  1  8 10  9  2 11  3  4  6  5  7
A81  131  1  6  8  7  3  2  4  9 10  5 11
A81  132  1  5 99 99 99 99  3  4  2 99 99
A81  133  1  9  6 11  7 10  2  3  5  4  8
A81  134  1  9  6 11  7 10  2  3  5  4  8
A81  135  1  2  3 99  4 99  5  6  7  8  9
A81  136  1  9  6  2  4 10  7  8  5  3 11
A81  137  1  2  3 99  4 99  5  6  7  8  9
A81  138  1  9 99  2  3 99  4  5  6  7  8
A81  139  1 99 99 99 99  4  2  3 99 99 99
A81  140  1  9  2 11 10  3  8  4  7  5  6
A81  141  1 99 99 99 99  4  2  3 99 99 99
A81  142  1 99 99 99 99  2 99 99 99 99 99
A81  143  1  2  3 99  4 99  5  6  7  8  9
A81  144  1  8 11  3  4 10  2  7  9  5  6
A81  145  1 99 99 99  3 99  4 99  2 99 99
A81  146  1 99 99  2  3 99 99 99  4  5  6
A81  147  1  9  5 11  7  4  3  6 10  2  8
A81  148  1  8  3  4 99 99  2  5  7  6  9
A81  149  1  2 99  4  6 99  5 99  3 99 99
A81  150  1 99 99  2 99 99  3 99 99 99 99
A81  151  1  7 99  4  5  3  6  9  2 99  8
A81  152  1  8 99  9  3 99  2  6  7  4  5
A81  153  1  8 99  9  3 99  2  6  7  4  5
A81  154  1 99 99 99 99 99 99 99 99 99 99
A81  155  1 10  3  4  5 11  2  6  7  8  9
A81  156  1 10  3  4  5 11  2  6  7  8  9
A81  157  1  2  5 99 99 99  6  3  4  7  8
A81  158  1  2  5 99 99 99  6  3  4  7  8
A81  159  1  2  5 99  4 99  6  7  8  3 99
A81  160  1  6  2 99  4 99  7  9  8  3  5
A81  161  1  9  2 11 10  3  8  4  7  5  6
A81  162  1  7  4  9  5 11  2 10  3  8  6
A81  163  1  4  5  6  8  7 11  2  3 10  9
A81  164  1  2  3  4 99  5 99  6  7  8  9
A81  165  1 10  3 11  5  9  2  8  4  6  7
A81  166  3 99  1 99 99 99 99  2 99 99 99
A81  167  3 99  1 99 99 99 99  2 99 99 99
A81  168  2 99  1 99  5 99  4  3  7  6 99
A81  169  2  7  1 99  6 99  5  3  4  8  9
A81  170  2  7  1 99  6 99  5  3  4  8  9
A81  171  2 99  1 99  5  4 99  3 99  6  7
A81  172  2 10  1  5  9 11  3  6  8  7  4
A81  173  2  4  1  9  5 99 10  3  6  7  8
A81  174  4  3  1 99  7 99  6  2  5 99 99
A81  175  3  2  1  4  8 99  7  9  5 99  6
A81  176  3 99  1 99 99 99  4 99 99  2 99
A81  177  3 99  1 99  4 99  6  2 99 99  5
A81  178  3  7  1  8  4 11  9  2 10  6  5
A81  179  3  4  1 99  5 99  2 99 99 99 99
A81  180  7  5  1 11  3  9  2  4 10  6  8
A81  181  3 99  1  5  4  6  2  7 99  8 99
A81  182  5  7  1 99  6 99  4  2  9  3  8
A81  183  6 99  1 99  2 99  3  4 99  5  7
A81  184  4  9  1 99  3 99  2  8  5  6  7
A81  185  5 99  1 99  6 99  3  2  7  4 99
A81  186  4 99  1 99  2  5  3 99 99  6 99
A81  187  3  9  1 11  8 10  2  7  5  6  4
A81  188  3 99 99 99  1  6 99  5  4  2 99
A81  189  3 99 99 99  1  6 99  5  4  2 99
A81  190  3 99 99 99  1  6 99  5  4  2 99
A81  191  3 99 99 99  1  6 99  5  4  2 99
A81  192  3 99 99 99  1 99  2 99 99 99 99
A81  193  3  8 99  9  1 99  2  6  7  4  5
A81  194  2  3 99  6  1 99  7  4  5  8  9
A81  195  4 99 99 99  1 99  2  3  5 99 99
A81  196  4 99 99 99  1 99  2  3  5 99 99
A81  197  4 99 99 99  1 99  2  3  5 99 99
A81  198  3 99 99 99  1 99 99  2  4 99 99
A81  199  6  5  4 99  1  9  2  3  7 99  8
A81  200  5  6  4 99  1 99  2  3  7 99 99
A81  201  2  6  8  4  1 11  3  5  7  9 10
A81  202  4  6  9 11  1 10  2  5  7  3  8
A81  203  6  4  8 99  3  9  2  7  5  1 99
A81  204  6  3  8 99  4  9  2  7  5  1 99
A81  205  3  7 99 99  2  4  8  5  9  1 99
A81  206  3  7 99 99  2  4  8  5  9  1 99
A81  207  3  7 99 99  2  4  8  5  9  1 99
A81  208  3  7 99 99  2  4  8  5  9  1 99
A81  209  3 99  9 99  2  4  6  8  7  1  5
A81  210  5  9  6 99  3  8  2  4  7  1 99
A81  211  2  5  4  8  7 99  6  3 99  1 99
A81  212  6  3  8 99  4  9  2  7  5  1 99
A81  213  2 99 99  7  4 99  3  5 99  1  6
A81  214  5 99  4 99  6 99  2  3  1 99 99
A81  215  2 99 99 99 99 99 99 99  3  1 99
A81  216  2 99 99 99 99 99 99 99  3  1 99
A81  217  4  2  5 99  3 99  7  6 99  1 99
A81  218  3  7 99  6  2 99 99  4  5  1 99
A81  219  3  7 99 99  2 99 99  4  5  1 99
A81  220  7  5  4 99  6  8  3  2 99  1 99
A81  221  2  6 10 12  3  4  9  8  7  1 11
A81  222  2  6  5  3 99 99 99  7  4  1 99
A81  223  5  2  6  8  3 11  9  4 10  1  7
A81  224  5  2  6  8  3 11  9  4 10  1  7
A81  225  5  2  6  8  3 11  9  4 10  1  7
A81  226  5  2  6  8  3 11  9  4 10  1  7
A81  227  5  2  6  8  3 11  9  4 10  1  7
A81  228  5  3  6 99  2 99  7  4  8  1  9
A81  229  4  5 99 99  2  6  3 99 99  1 99
A81  230  4  5 99 99  2  6  3 99 99  1 99
A81  231  4  5 99 99  2  6  3 99 99  1 99
A81  232  4  5 99 99  2  6  3 99 99  1 99
A81  233  5  2  7 99  3  9  4  6  8  1 99
A81  234  4  5 99 99  2  6  3 99 99  1 99
A81  235  4  5 99 99  2  6  3 99 99  1 99
A81  236  4  6 11  9  2  8  7  3  5  1 10
A81  237  5  4  2 10  6 11  7  3  8  1  9
A81  238  4 99 99 99 99 99  3  2  5  1 99
A81  239  3 99  2 99 99 99 99 99 99  1 99
A81  240  3 99  2 99 99 99 99 99  1 99 99
A81  241  8  2  6 11  4  9  3  5  7  1 10
A81  242  8  2  6 11  4  9  3  5  7  1 10
A81  243  8  2  6 11  4  9  3  5  7  1 10
A81  244  6  3  8 99  4  9  2  7  5  1 99
A81  245  6  3  8 99  4  9  2  7  5  1 99
A81  246  6  3  8 99  4  9  2  7  5  1 99
A81  247  6  3  8 99  4  9  2  7  5  1 99
A81  248  6  4  8 99  3  9  2  7  5  1 99
A81  249  6  4  8 99  3  9  2  7  5  1 99
A81  250  6  4  8 99  3  9  2  7  5  1 99
A81  251  6  4  8 99  3  9  2  7  5  1 99
A81  252  2 99 99  1  3  6 99 99 99  4  5
A81  253  2  7  9  1 10  8  3  6  5  4 11
A81  254  2  3 11  1  4 10  5  6  7  8  9
A81  255  2  3 11  1  4 10  5  6  7  8  9
A81  256  2 99  3  1 99 99 99 99 99  4 99
A81  257  2  3 99  1 99 99 99  5  4  7  6
A81  258 99  2 99  1 99 99  4  3  5 99 99
A81  259 99 99 99  1 99 99  2 99 99 99 99
A81  260 99 99 99  1 99 99  2 99 99 99 99
A81  261  2 99 99  1  4 99  3 99 99 99 99
A81  262  5  6  7  1  9  3  8  2  4 11 10
A81  263  5  6  7  1  9  3  8  2  4 11 10
A81  264  5  9 11  1  6  7  4  2 10  3  8
A81  265 99 99 99  1 99 99 99 99 99 99 99
A81  266  8  2  6  1  5  4  7  3  9 11 10
A81  267  2 99  6  1  5  3  4 99 99 99 99
A81  268  2 99  6  1  5  3  4 99 99 99 99
A81  269  2 99  6  1  5  3  4 99 99 99 99
A81  270  2 99  6  1  5  3  4 99 99 99 99
A81  271 99  2 99  1 99 99 99 99 99 99 99
A81  272 99 99 99  1 99 99 99 99 99 99 99
A81  273 99 99 99  1  3 99 99 99  2 99 99
A81  274 99 99 99  1  3 99 99 99  2 99 99
A81  275  7  8  1  2  3  9  4  5  6 11 10
A81  276  7  8  1  2  3  9  4  5  6 11 10
A81  277 99  3  1  4 99 99  7  2  6 99  5
A81  278  6  7  1  3  9 11  4  5  8  2 10
A81  279 11  9  1  3  2 10  4  5  8  6  7
A81  280  4  9  1  2  8 10  5  3  6  7 11
A81  281 99 99  1  5 99 99  4  3 99  2 99
A81  282 11  7  1  4  5  6  3  2  9 10  8
A81  283  5 99  1  4 99 99  3  2 99 99 99
A81  284  6 99  1  4  2 99  3 99 99  5 99
A81  285  9 10  1  4  2 11  3  8  6  5  7
A81  286  9 10  1  4  2 11  3  8  6  5  7
A81  287 99  4  1  5  9 99  3  2  8  7  6
A81  288  8  4 10  3  1 99  5  2  9  7  6
A81  289  9  7  5  4  1  8  3  2 10  6 11
A81  290 99 99  3  5  1 99  2  4 99 99 99
A81  291  8 11  2  4  1  7  3 10  5  6  9
A81  292 99 99  3  5  1 99  2  4 99 99 99
A81  293  6  2  5  4  1 10  9  3  8 11  7
A81  294 99 99 99  2  1 99  3 99  4 99 99
A81  295  9  8  7  6  5 99  4  3  2  1 99
A81  296  8  2  7  3  5 11  4  6 10  1  9
A81  297 99  7  2  4  3 99  9  5  8  1  6
A81  298 99 99 99  3  2  4 99 99 99  1 99
A81  299 99 99 99  3  2  4 99 99 99  1 99
A81  300 99 99 99  3  2  4 99 99 99  1 99
A81  301 11  2  3  7  4  9  5  8  6  1 10
A81  302 11  2  3  7  4  9  5  8  6  1 10
A81  303 11  2  3  7  4  9  5  8  6  1 10
A81  304 11  2  3  7  4  9  5  8  6  1 10
A81  305 11  2  3  7  4  9  5  8  6  1 10
A81  306  3  6  5  2 99 99 99  7  4  1 99
A81  307  2  7  8  6  4  1  3  9 10  5 11
A81  308  2  5  7  4  9  1  3  6 10  8 11
A81  309 99  3  2 99  7  1  8  4  6  5  9
A81  310  4 99 99 99  2  1  3 99 99 99 99
A81  311  3 99 99 99  5  1  6 99 99  2  4
A81  312  8  7  9 10 11  1  4  2  5  3  6
A81  313  2 99 99 99 99  1 99 99 99 99 99
A81  314  3  8 11  9  5  1  4  6  7  2 10
A81  315  2 99 99 99 99  1 99 99 99 99 99
A81  316 99 99 99 99  2  1 99 99 99  3 99
A81  317  6  7  5 11  8  1  3  2  4  9 10
A81  318  2  3 99 99 99  1 99 99 99 99 99
A81  319 99 99  1 99  6  2 99  5 99  3  4
A81  320 99  4  1 99 99  3  2  5 99 99 99
A81  321 99  3 99  6  1  4 99  5 99  2 99
A81  322 99  3 99  6  1  4 99  5 99  2 99
A81  323 99  3 99  6  1  4 99  5 99  2 99
A81  324 99  3 99  6  1  4 99  5 99  2 99
A81  325 99  3 99  6  1  4 99  5 99  2 99
A81  326 99  3 99  6  1  4 99  5 99  2 99
A81  327  3  4 99 99  1  2 99 99 99 99  5
A81  328  3  4 99 99  1  2 99 99 99 99  5
A81  329  7  3 10 11  1  2  4  5  9  6  8
A81  330 99 99  5 99  1  3  2  4 99 99 99
A81  331  5 99 99 99  3  2  4  6 99  1 99
A81  332  4  6  7 99 99  3  5 99  2  1  8
A81  333 99  6 99  8  9  4  7  3  5  1  2
A81  334  4  3 11 10  2  5  9  8  7  6  1
A81  335 99 99 99 99  2 99 99 99 99 99  1
A81  336  3  6  8 99  4 99  9  5  7  2  1
A81  337 99  5  4 99  3 99  7  2  8  6  1
A81  338  9  7  8 99  3 99  5  4  2  6  1
A81  339 99 99 99 99 99 99 99 99 99 99  1
A81  340 99 99 99 99 99  4  3 99 99  2  1
A81  341 99  7  3  9  5 99  4  2  6  8  1
A81  342 99 99 99 99  2 99 99 99 99  3  1
A81  343 99  5  2  6  7 99  8  3  4 99  1
A81  344 10  4  9  5  8  9  7  6  3  2  1
A81  345 99  5 99 99  6 99  7  4  2  3  1
A81  346 99  5 99 99  6 99  7  4  2  3  1
A81  347 99  5 99 99  6 99  7  4  2  3  1
A81  348 99  5 99 99  6 99  7  4  2  3  1
A81  349  9 99  8 99  7  6  5  4  3  2  1
A81  350 99  5  6  9  3 99  4  2  7  8  1
A81  351 99 99 99 99 99 99 99 99  2 99  1
A81  352 99 99 99 99 99 99 99 99  2 99  1
A81  353  9  8  3 99  2 10  6  4  5  7  1
A81  354  6  7  8 99  4 99  2  5  3  9  1
A81  355  6  7  8 99  4 99  2  5  3  9  1
A81  356 99  3 99 99 99 99 99  2 99  4  1
A81  357 99 99 99 99 99 99 99 99 99 99  1
A81  358 99 99 99 99 99 99 99 99 99 99  1
A81  359  9  6 11  8  3 10  4  2  5  7  1
A81  360 99  4  6 99 99 99  3  2 99  5  1
A81  361  3 99 99 99 99 99  5  4  2  6  1
A81  362  3  2 99 99 99 99  5  4 99 99  1
A81  363  3  2  7  9  8 11  5  4 10  6  1
A81  364  4 10  6  7  5 11  9  8  3  2  1
A81  365  6  5  2 99  7 99  3  8  9  4  1
A81  366  8  2  3 10  4  9  5 11  7  6  1
A81  367 99  3  4 99  2 99 99 99 99 99  1
A81  368 99  3  4 99  2 99 99 99 99 99  1
A81  369 99 99 99 99 99 99 99 99  2 99  1
A81  370 99 99 99 99 99 99 99 99  2 99  1
A81  371 99 99 99 99 99 99 99 99  2 99  1
A81  372 99  5  4  3  2 99 99 99 99 99  1
A81  373  2  4 99 99 99 99 99 99  3 99  1
A81  374  2  4 99 99 99 99 99 99  3 99  1
A81  375  9 10  2 11  4  7  3  6  5  8  1
A81  376 99 99 99 99 99 99 99 99  2 99  1
A81  377 99 99  4 99  5 99 99 99  3  2  1
A81  378  3  2  9  4 11 10  7  8  6  5  1
A81  379  3  2  9  4 11 10  7  8  6  5  1
A81  380  9  4 11  8  7 10  2  6  3  5  1
A81  381  9  2  1 99  4 10  6  3  8  7  5
A81  382 99 99  1 99 99 99 99  2 99 99  3
A81  383 99  2  1 99 99 99 99  5  4 99  3
A81  384 99  2  1  6  5 99  7  3 99 99  4
A81  385 99 99  1 99  2 99  4 99 99 99  3
A81  386 99 99  1 99  3 99  4 99  5 99  2
A81  387 10  2  1  9  5 11  7  8  4  6  3
A81  388 99 99  1 99  4 99  3  5  6 99  2
A81  389 11  7  1  8  2 10  9  3  6  4  5
A81  390 99  5  1 99  3 99 99  2 99 99  4
A81  391 99 99  1 99  2 99 99  3 99 99  4
A81  392 99 99  1 99  4 99 99  2 99 99  3
A81  393 99 99  1 99  4 99 99  2 99 99  3
A81  394 99  2  1 99  6 99 99  4 99  3  5
A81  395 99  5  1  7  2 99  9  6  8  3  4
A81  396  8  9  1 11  3 10  7  2  6  4  5
A81  397  8  9  1 11  3 10  7  2  6  4  5
A81  398  9 11  1  5  3  7  8 10  6  2  4
A81  399  9 11  1  5  3  7  8 10  6  2  4
A81  400 99  2  1 99  5 99 99  7  6  3  4
A81  401 99  9  1  8  7 99  3  4  6  5  2
A81  402  9  7  1 99  2 99  4  3  8  6  5
A81  403  9  8  1  5  7  9  2  6  4  8  3
A81  404 11  4  1  8  2  9  5  3  7 10  6
A81  405 99 99  1 99 99 99  2 99  5  3  4
A81  406 99 99  1  6  4 99  2  3 99 99  5
A81  407 99  7  1 99  5 99  3  2  8  4  6
A81  408 99  7  1 99  5 99  3  2  8  4  6
A81  409  9  2  1 10  7 11  3  4  6  8  5
A81  410 99  2  1 99 99 99  3 99 99 99  4
A81  411 99  4  1 99  3 99  2  5  7  8  6
A81  412 99  7  1 99  3 99  2  4 99  5  6
A81  413  6 99  1 99  8  7  3  2 99  5  4
A81  414 99  4  1 99 99 99  2  3 99 99  5
A81  415  7  8  1 10  4  9  2  3  9  5  6
A81  416 99  6  1  9  5 99  4  2  8  3  7
A81  417 99  7  1  9  5 99  4  2  8  3  6
A81  418 99  2  1 99  3 99  4  6  7  8  5
A81  419  7  5  1 99  3 99  2 99 99  4  6
A81  420 99  3  1 99 99 99  2  4 99 99  5
A81  421 99  4 99 99  1 99  5 99 99  2  3
A81  422 99  6  3 99  1  8  5  7  9  2  4
A81  423 99  4 99 99  1 99 99  2 99 99  3
A81  424  8  4  9 11  1 10  2  3  7  6  5
A81  425 99  7  5  6  1 99  4  3  8 99  2
A81  426  5 99  8  6  1  7  2 99  9  4  3
A81  427  9 10  2 11  1  8  3  7  6  5  4
A81  428 99  3  7 99  1  9  2  5  6  8  4
A81  429  8  7  6 11  1 10  5  4  9  2  3
A81  430  8  7  6 11  1 10  5  4  9  2  3
A81  431 99  5  2 99  1  8  6  9  7  3  4
A81  432  8 11  7  6  1 10  2  5  9  3  4
A81  433  7  5 99 99  1 99  2 99  6  4  3
A81  434  9 99  7  8  1 99  2  4  6  3  5
A81  435 99 99 99 99  1 99 99 99  3 99  2
A81  436 99 99  3 99  1 99 99 99 99 99  2
A81  437  7  8  9 99  1 99  2  3  5  6  4
A81  438  7  8  9 99  1 99  2  3  5  6  4
A81  439 99  6  3 99  1  8  5  7  9  2  4
A81  440 99  6  3 99  1  8  5  7  9  2  4
A81  441  6 99 99  7  1  9  8  5  4  3  2
A81  442 99 99  4 99  1 99  2  5 99 99  3
A81  443  5  6  8  9  1 11  2  3  7 10  4
A81  444  7  3 11  8  1 10  2  4  9  6  5
A81  445 99 99 99 99  1 99  2 99 99 99  3
A81  446 99 99 99 99  1 99 99 99  3 99  2
A81  447  3 99  2 99  1 99  4  5 99 99 99
A81  448 99  9  6 99  1  5  7  4  3  8  2
A81  449 99  9  6 99  1  5  7  4  3  8  2
A81  450 99 99  4 99  1 99  2  3 99  5  6
A81  451 99 99  2 99  1 99  5 99  4 99  3
A81  452  7  8  2 99  1 99  5  6  9  3  4
A81  453  7  8  2 99  1 99  5  6  9  3  4
A81  454  7 99 99 99  1 99  3  4  6  5  2
A81  455  6  7 99 99  1  9  3  2  5  8  4
A81  456  9  8 10 11  1  4  2  5  6  7  3
A81  457 99  8  6 99  3 99  4  5  7  1  2
A81  458 99  5  2  6  3 99  9  8  7  1  4
A81  459 99  5  2  6  3 99  9  8  7  1  4
A81  460 99  2  4 99  7 99 99  3  5  1  6
A81  461  9  4 11  8  5 10  2  3  7  1  6
A81  462  7  6 99 99  2  8  9  4  3  1  5
A81  463  7  6 99 99  2  8  9  4  3  1  5
A81  464 99  4  3 99  6 99 99  5 99  1  2
A81  465  5  2  8 10  6 11  7  4  9  1  3
A81  466  5  2  8 10  6 11  7  4  9  1  3
A81  467  8  2 11  9  4  7  5 10  3  1  6
A81  468  9  6  5 11  3  4  8  7 10  1  2
A81  469  7  5 99 99  2 99  6  3  8  1  4
A81  470  3  8  4 99  9 99  7  5  6  1  2
A81  471 99  8  4 99  6  9  3  5  2  1  7
A81  472 11  3  4  9  5 10  6  7  8  1  2
A81  473  5 99  7  3  4 99  8  6  9  1  2
A81  474 99 99  2  4 99 99  3  1 99 99  5
A81  475  5  2  9 99 99  8  4  1  6  3  7
A81  476 99  8  3  2  5 99  9  1  4  6  7
A81  477 11  3  2 10  5  6  4  1  8  9  7
A81  478  9  4  2 99  6 99  5  1  3  8  7
A81  479  3 99  4 99 99 99  2  1  5 99 99
A81  480  7 99  3  9  6  8  2  1  4  5 99
A81  481 99  3  2 99  8 99  4  1  5  6  7
A81  482 99  4 99 99 99 99  2  1  3 99 99
A81  483  4  2 10  9  5 11  8  1  3  6  7
A81  484  7  8 99  9  5 99  2  1  4  3  6
A81  485 10  6  2  3  5 11  4  1  9  8  7
A81  486  8  6  7 11  4  9  5  1  2 10  3
A81  487  2  9  7 10  6  8  5  1  4  3 99
A81  488  6 99  3 99  7 99  4  1  2  5  8
A81  489  6  2  5  9  8 99  4  1  3  7 99
A81  490 99  4  2 99 99 99 99  1  3 99 99
A81  491  5 99  2 99  4  7  3  1  7  6  8
A81  492  3  5  4  9 99 99  6  1  2  8  7
A81  493 99 99 99 99 99 99  2  1 99 99  3
A81  494 99 99 99 99 99 99  2  1 99 99  3
A81  495  5  6  4  8  2 99 10  1  7  3  9
A81  496 99 99  4 99  2  3  6  1  5 99 99
A81  497 99 99  2 99 99 99 99  1  4  3 99
A81  498 99 99 99 99 99 99 99  1  2 99  3
A81  499  4  3 99 99 99 99  5  1  2 99  6
A81  500 99  2  8 99  5  9  4  1  3  7  6
A81  501  5  6 99 99  9  8  2  1  3  4  7
A81  502 99  3 99 99 99 99  4  1  2 99 99
A81  503 10  9  2  8  4 11  5  1  6  3  7
A81  504 99  3  6 99  5 99  2  1 99  4 99
A81  505 99 99 99 99 99 99 99  1 99  2 99
A81  506 10  6  4 11  5  9  7  1  3  2  8
A81  507  6 99 99 99  2 99  4  1  5  3 99
A81  508  6  5  7 99  4 99  3  1  2  9  8
A81  509 99 99 99 99 99 99 99  1  2  3 99
A81  510 99  3 99 99 99 99  2  1  4 99 99
A81  511 99 99  2 99 99 99 99  1 99 99 99
A81  512 99  2  3  5 99 99  4  1  6  7  8
A81  513  8  4 99  3 99 99  7  1  2  6  5
A81  514  9  7  3 99  6 99  4  1  2  8  5
A81  515 99  3 99 99 99 99 99  1  2 99 99
A81  516  2  5  8 10  4  9  7  1  3  6 11
A81  517  2 99  5 99  4 99  3  1  6 99  7
A81  518 99 99 99 99  2 99  3  1 99  4 99
A81  519 99  1  4  5  8 99  6  2  3  9  7
A81  520  7  4  2 99 99 99  6  1  3 99  5
A81  521  5  3  4 99  6 99  7  1  2  8  9
A81  522  3 99 99 99 99 99 99  1 99 99  2
A81  523 99  6  3 99  5 99  2  1 99 99  4
A81  524  5 99  2  3  7 99  6  1  8  4  9
A81  525  5 99  2  3  7 99  6  1  8  4  9
A81  526  5 99  2  3  7 99  6  1  8  4  9
A81  527  5 99  2  3  7 99  6  1  8  4  9
A81  528  6 99  5 99  2 99  3  1 99 99  4
A81  529  3 99  4  9  8 99  6  1  2  5  7
A81  530 99 99  5 99  3 99 99  1  2  4 99
A81  531 99  4 99 99 99 99  3  1  2 99 99
A81  532 99  4 99 99 99 99  3  1  2 99 99
A81  533  9  3  4  8  5 11  6  1  2 10  7
A81  534  9  8  4 10  2 11  5  1  3  6  7
A81  535 11  2  4  5  6 10  7  1  3  9  8
A81  536  9 11  8  4  7  3  2  1  5  6 10
A81  537 99 99 99 99  4 99  3  1  2 99 99
A81  538  9 99  5  6  4 99  8  1  2  3  7
A81  539  7 99  3  2  8 99  5  1  7  4 99
A81  540 99 99 99 99  4 99  3  1  2 99  5
A81  541 99 99 99 99  2 99  4  1  3 99 99
A81  542 99 99  3  4  2 99  5  1 99 99 99
A81  543 99  5 99  6  3 99  2  1  4 99 99
A81  544  2 99 99  3  4  9  5  1  7  8  6
A81  545 99  3 99 99 99 99 99  1  2  4 99
A81  546 11  2  4  9  7 10  6  1  3  8  5
A81  547  5  3  4  8  9 11  6  1  2 10  7
A81  548  9  8 10  7  5 11  3  1  4  6  2
A81  549 99  2 99 99 99 99 99  1  3 99 99
A81  550  8  3  9 99  7 99  4  1  2  6  5
A81  551  6 99 99 99 99  4  3  1  5  7  2
A81  552 99 99 99 99  3 99 99  1 99 99  2
A81  553 99  2  8 99  7 99  6  1  4  3  5
A81  554 99  2 99 99 99 99  4  1  3 99 99
A81  555 99  3 99 99 99 99 99  1 99 99  2
A81  556 99  3 99 99 99 99 99  1 99 99  2
A81  557 99  2  4 99  6 99  8  1  3  7  5
A81  558 99 99 99 99 99 99 99  1 99 99 99
A81  559 99 99 99 99  4 99  2  1 99  3 99
A81  560 10  3 11  4  6  9  7  1  2  8  5
A81  561  6  7  4 11  3 10  2  1  9  8  5
A81  562 99  6  7  9  2 99  8  1  3  4  5
A81  563  3  7 11  4  6  5  2  1  8 10  9
A81  564  6  7 99  5  9 99  8  1  3  2  4
A81  565 99 99  2 99 99 99  3  1 99 99 99
A81  566 10  7  2 99  8  9  4  1  6  3  5
A81  567 99 99 99 99  4 99  2  1  5  3 99
A81  568 99  3 99 99 99 99 99  1  2 99 99
A81  569 99 99  3 99  5  6  4  1 99  2 99
A81  570 99 99 99 99 99 99 99  1  2 99 99
A81  571 99  6  2 99  3 99  5  4 99  1 99
A81  572 99 99 99 99  2 99  4  3  5  1 99
A81  573 99 99 99 99 99 99 99 99  2  1 99
A81  574 99 99 99 99 99 99 99 99  2  1 99
A81  575 99 99 99 99  2 99 99 99 99  1 99
A81  576 99 99 99 99  2 99 99 99 99  1 99
A81  577 99 99 99 99  2 99 99 99 99  1 99
A81  578 99 99 99 99 99 99 99 99 99  1 99
A81  579 99 99 99 99 99 99 99 99 99  1 99
A81  580 99 99 99 99 99 99 99 99 99  1 99
A81  581 99 99 99 99 99 99 99 99 99  1 99
A81  582 99  4  3 99  2 99 99  6  5  1 99
A81  583 99 99 99 99 99 99 99 99 99  1 99
A81  584 99 99 99 99 99 99 99 99 99  1 99
A81  585 99 99 99 99 99 99 99 99 99  1 99
A81  586 99 99 99 99 99 99 99 99 99  1 99
A81  587 99 99 99 99  2 99  3 99 99  1 99
A81  588 99 99 99 99  2 99  3 99 99  1 99
A81  589 99 99  2 99 99 99 99 99 99  1 99
A81  590 99 99 99 99  2 99  3 99 99  1 99
A81  591 99 99 99 99 99 99 99 99 99  1 99
A81  592 99 99  2 99 99 99 99 99 99  1 99
A81  593 99 99  3 99 99 99 99  2 99  1 99
A81  594 99 99 99 99 99 99 99 99 99  1 99
A81  595 99 99 99 99 99 99 99 99 99  1 99
A81  596 99 99 99 99 99 99 99 99 99  1 99
A81  597 99 99 99 99 99 99 99 99 99  1 99
A81  598 99 99 99 99 99 99 99 99 99  1 99
A81  599 99 99 99 99 99 99 99 99 99  1 99
A81  600 99 99 99 99 99 99 99 99 99  1 99
A81  601 99 99 99 99 99 99 99 99 99  1 99
A81  602 99 99 99 99 99 99 99 99 99  1 99
A81  603 99 99 99 99  2 99  3 99 99  1 99
A81  604 99  4 99 99  2 99  3 99 99  1 99
A81  605 99 99 99 99  2 99 99 99 99  1 99
A81  606 99 99 99 99  3 99 99  2 99  1 99
A81  607 99 99 99 99  3 99 99  2 99  1 99
A81  608 99 99 99 99  2 99  3 99 99  1 99
A81  609 99 99 99 99  2 99  3 99 99  1 99
A81  610 99 99 99 99  1 99  3  4 99  2 99
A81  611 99 99 99 99  1 99 99 99 99 99 99
A81  612 99 99 99 99  1 99 99 99 99 99 99
A81  613 99 99 99 99  1 99  2  3 99 99 99
A81  614 99 99  4 99  1 99  2  3 99 99 99
A81  615 99 99 99 99  1 99 99  2 99 99 99
A81  616 99 99 99 99  1 99  2 99 99 99 99
A81  617 99  3 99 99  1 99  4  2 99  5 99
A81  618 99 99 99 99  1 99  2 99 99 99 99
A81  619 99  2  3 99  1 99  4  5 99  6 99
A81  620 99 99  2 99  1 99 99  3 99 99 99
A81  621 99  3 99 99  1 99 99  2 99  4 99
A81  622 99 99  1 99 99 99  2 99 99 99 99
A81  623 99 99  1 99  2 99  3  4 99 99 99
A81  624 99 99  1 99  2 99  3 99 99 99 99
A81  625 99 99  1 99 99 99  2 99 99 99 99
A81  626 99 99  1 99 99 99  2 99 99 99 99
A81  627 99 99  1 99  4 99  3  2 99 99 99
A81  628 99 99  1 99  4 99  3  2 99 99 99
A81  629 99  2  1 99  5 99  3  4 99 99 99
A81  630 99  2  1 99 99 99  4  3 99 99 99
A81  631 99 99  1 99  2 99  5  4 99  3 99
A81  632 99 99  1 99  3 99  4  2 99 99 99
A81  633 99 99  1 99 99 99  3  2 99 99 99
A81  634 99 99  1 99 99 99 99  2 99 99 99
A81  635 99  2  1 99 99 99 99 99 99 99 99
A81  636 99 99  1 99 99 99 99 99 99 99 99
A81  637 99 99  1 99 99 99 99 99 99 99 99
A81  638 99 99  1 99 99 99 99 99 99 99 99
A81  639 99 99  1 99 99 99 99 99 99 99 99
A81  640 99 99  1 99 99 99 99 99 99 99 99
A81  641 99 99  1 99 99 99 99  2 99  3 99
A81  642 99 99  1 99 99 99 99 99 99 99 99
A81  643 99  2  1 99 99 99 99 99 99 99 99
A81  644 99 99  1 99 99 99 99 99 99 99 99
A81  645 99 99  1 99 99 99 99 99 99 99 99
A81  646 99 99  1 99  2 99 99 99 99 99 99
A81  647 99 99  1 99 99 99 99 99 99 99 99
A81  648 99 99  1 99 99 99 99  2 99 99 99
A81  649 99 99  1 99  2 99 99 99  3 99 99
A81  650 99 99  1 99 99 99 99  2 99 99 99
A81  651 99  4  1 99  2 99 99  3 99 99 99
A81  652 99 99  1 99 99 99 99  2 99  3 99
A81  653 99 99  1 99 99 99 99  2 99 99 99
A81  654 99 99  1 99 99 99 99 99 99 99 99
A81  655 99 99  1 99 99 99 99 99 99 99 99
A81  656 99  2  1 99 99 99 99 99 99 99 99
A81  657 99 99  1 99 99 99 99  2 99 99 99
A81  658 99 99  1 99 99 99 99 99 99 99 99
A81  659 99 99  4 99  2 99 99 99  1 99  3
A81  660  2  8  3 10  7 11  6  5  1  9  4
A81  661  2  8  3 10  7 11  6  5  1  9  4
A81  662  2  8  3 10  7 11  6  5  1  9  4
A81  663  2  8  3 10  7 11  6  5  1  9  4
A81  664 99 99 99 99 99 99 99 99  1 99 99
A81  665 10  2  4 11  5  6  8  3  1  7  9
A81  666  9  2  7 99  6 99  4  3  1  5  8
A81  667 99  3 99 99  4 99 99  2  1 99 99
A81  668  3  7 10  9  5  8  8  2  1  6  4
A81  669  4  5  6 99 99 99  3  2  1 99 99
A81  670  4 99 99 99  6 99  3  2  1  5  7
A81  671 99  2  6 99  3 99 99  4  1 99  5
A81  672 99  2 99 99 99 99 99 99  1 99 99
A81  673 99  2 99 99 99 99 99 99  1 99 99
A81  674 99 99  2 99 99 99 99 99  1 99 99
A81  675 99  2  5 99  4 99 99  3  1 99 99
A81  676  5  3 99 99 99  4  2 99  1 99 99
A81  677  9  3 11  8  5 10  7  2  1  6  4
A81  678 99  3 99 99 99 99 99 99  1 99  2
A81  679 99  3 99 99 99 99 99 99  1 99  2
A81  680 99 99 99 99 99 99  3  2  1  5  4
A81  681 10  7  5 11  6  9  3  4  1  2  8
A81  682  3  4  5  6  7  8 99  9  1 99  2
A81  683  4  6  5  7  8  9 99  3  1 99  2
A81  684  9 11  3  8  7  6  2  4  1  5 10
A81  685  4 99  3 99 99 99 99  2  1 99 99
A81  686 99  3  2 99 99 99 99 99  1 99 99
A81  687  8  6  2 99  4 99  9  7  1  3  5
A81  688  8  6  2 99  3 99  9  7  1  4  5
A81  689 99 99 99 99 99 99 99  2  1  3 99
A81  690  3  2 99 99  4 99  5 99  1 99 99
A81  691  3 99 99 99  2 99 99 99  1 99 99
A81  692  4 99  7 99  5 99  6  8  1  2  3
A81  693  7  3 10  4  8 11  6  2  1  5  9
A81  694  7  3  5 99  4 99  6  2  1 99  8
A81  695  2 99  5 99 99 99  3  4  1 99 99
A81  696  2 99 99 99 99 99  3  4  1 99 99
A81  697  3  4 99 99  2 99  5  6  1 99 99
A81  698 99 99 99 99 99 99 99 99  1 99 99
A81  699 99 99 99 99 99 99 99 99  1 99 99
A81  700 99 99 99 99 99 99 99 99  1 99 99
A81  701  9  6 99 99  3  8  4  2  1  5  7
A81  702  9  6 99 99  3  8  4  2  1  5  7
A81  703 99 99  2  3  6 99  5  4  1 99 99
A81  704 99 99 99 99 99  2  3 99  1 99 99
A81  705 99 99 99 99 99  2  3 99  1 99 99
A81  706  7  3 10 11  9  8  6  2  1  5  4
A81  707  4  5  6 10  9  2  7  3  1  8 11
A81  708 99  2 99 99 99 99 99  3  1 99 99
A81  709  6  3 99 99  7 99  4  2  1 99  5
A81  710 99  7 99  9  5  8  2  4  1  3  6
A81  711 99  4 99 99  5 99 99 99  1  3  2
A81  712  7  2  5 99  6 99  4  3  1 99  8
A81  713 99  5  3  6  4 99  9  8  1  7  2
A81  714 99 99  2 99 99 99 99 99  1 99 99
A81  715 99 99  2 99 99 99 99 99  1 99 99
A81  716 99  4  1 99  2 99  7  5  6  3 99
A81  717 99 99  1 99 99 99 99 99  2 99 99
A81  718  8  6  1 99  5  9 99  7  2  3  4
A81  719 99  8  1 99  5 99  6  3  2  7  4
A81  720  7  2  1 11  3 10  9  8  4  6  5
A81  721  6  5  1 10  2 11  9  8  4  7  3
A81  722 99 99  1 99 99 99 99  2  3  4 99
A81  723  2  7  1  5  8 10  4  6  3  9 11
A81  724  6  4  1 99  9 99  5  2  3  8  7
A81  725 99 99  1 99  4 99  3 99  2 99 99
A81  726 99  4  1 99 99 99  4  2  3  5  6
A81  727 99  3  1 99 99 99 99  2  4 99 99
A81  728 99  3  1 99 99 99 99  2  4 99 99
A81  729 99  3  1 99 99 99 99  2  4 99 99
A81  730 99  2  1 99  5 99  3  4 99 99 99
A81  731 99 99  1 99 99 99 99  2  3 99 99
A81  732 99  5  1 99 99 99 99  4  2 99  3
A81  733 99 99  1 99 99 99 99  3  2 99 99
A81  734 10  2  1  9  4 11  5  7  3  6  8
A81  735  8 99  1  7 99  6  5  3  4  2 99
A81  736 99  8  1  9  2 99  6  7  3  4  5
A81  737 99 99  1 99  3 99 99  2  4 99 99
A81  738 10  2  1 11  4  9  6  5  3  7  8
A81  739 99  4  1 99 99 99  5  2  3 99  6
A81  740  6  7  1 10  9 11  3  5  2  4  8
A81  741 99 99  1 99 99 99  4  2  3 99 99
A81  742 99 99  1 99  5 99  6  2  3  4 99
A81  743 99 99  1 99  6 99  5  3  4  2 99
A81  744 99  2  1  5 99 99  4 99  3 99 99
A81  745 10  9  1  8  3 11  6  2  5  4  7
A81  746  6 11  1  5  8 10  7  3  2  9  4
A81  747 10  9  1 99  6  7  4  2  3  5  8
A81  748 99 99  1 99  4 99 99  3  5  2 99
A81  749 99 99  1 99 99 99 99  2  3  4 99
A81  750  5 99  1 99  8 99  4  2  3  6  7
A81  751 99  6  1 99 99 99  5  3  2 99  4
A81  752  3  6  1  8  9 10  5  4  2  8  7
A81  753 99 99  1 99 99 99 99  2  3 99 99
A81  754 99 99  1 99 99 99 99  2  3 99  4
A81  755 10  4  1  7  2 11  6  5  3  8  9
A81  756  5 99  1  7  8 99  6  2  3  4  9
A81  757 99  2  1 99 99 99 99  3  4 99 99
A81  758 99 99  1 99  3 99  4  2  6  5  7
A81  759 99 99  1  6  2 99  3  5  4 99 99
A81  760 99  5  1 99  3  9  2  4  6  7  8
A81  761 99 99  1 99  4 99  3  2  5 99 99
A81  762 99  5  1 99 99 99  2  4  3 99 99
A81  763 99 99  1 99  3 99  4  2  5 99 99
A81  764 99  3  1 99 99 99  2 99  4 99 99
A81  765 99  3  1 99 99 99  2 99  4 99 99
A81  766 10  6  1  9  4 11  2  3  5  7  8
A81  767  8  6  1  9 10  7  2  3  4  5 11
A81  768 10  9  1  8  4 11  5  2  6  3  7
A81  769 99  3  1 99  2 99  4  6  5  7 99
A81  770 99  3  1  9  2 99  4  5  6  8  7
A81  771 11  2  1  6 10  9  3  5  4  8  7
A81  772 99 99  1 99 99 99  3  2  4 99 99
A81  773  8 11  1  9  4  7  5  2  6  3 10
A81  774 99  4 99 99  5 99  1  2 99  3 99
A81  775 99  5  4 99  3 99  1  2 99 99 99
A81  776 99 99 99 99  2 99  1 99  3 99 99
A81  777  2  7  3 11  4  8  1  9 10  8  5
A81  778  3  4  6 11  7  8  1  2  9  5 10
A81  779  4  5  8 10  6 99  1  7  2  9  3
A81  780  4  5  8 10  6 99  1  7  2  9  3
A81  781 99 99  2 99 99 99  1  4 99 99  3
A81  782 99 99 99 99 99 99  1  2 99 99 99
A81  783 99 99  2 99  3 99  1  4 99 99 99
A81  784  8  2  9 99  7 99  1  3  6  4  5
A81  785 99  2 99 99  3 99  1 99 99 99 99
A81  786  2 99 99  3 99 99  1 99 99 99 99
A81  787 10  6  2 11  3  8  1  4  5  9  7
A81  788 10  5  3 11  4  9  1  6  8  7  2
A81  789  8  5  3  7  4  9  1  6 11 10  2
A81  790 99 99  4 99  3  2  1  5  6  7 99
A81  791 99  2  3 99  5 99  1  4  7  6 99
A81  792 99 99 99 99 99 99  1 99 99 99 99
A81  793 99 99 99 99 99 99  1 99 99 99 99
A81  794 99 99 99 99 99 99  1 99 99 99 99
A81  795 99 99 99 99 99 99  1 99 99  2 99
A81  796  4 99  6 99  5  8  1  2  3  7  9
A81  797  4 99  6 99  5  8  1  2  3  7  9
A81  798 99 99  3 99 99 99  1  2  4 99  5
A81  799 99  2 99 99  3 99  1 99 99 99 99
A81  800  6  8 99 99  7  9  1  2  4  3  5
A81  801 99 99  3 99  4  7  1  2  8  5  6
A81  802  8  6 10  3  5 11  1  4  9  7  2
A81  803 99  4  2 99  3 99  1 99  5 99 99
A81  804  7  6 10  9  2 11  1  5  4  8  3
A81  805 99 99  5 99  6  3  1  2  4  7 99
A81  806  9  5 10  6  2  4  1  3  8 11  7
A81  807  7  2  4  6 10  3  1  5  9 11  8
A81  808  5 99  4 99  2  9  1  3  8  6  7
A81  809  7  5  4 99  6 99  1  2  3  8  9
A81  810  9  2 10 99  6  8  1  4  5  7  3
A81  811  2  3  6  4  5 99  1  7  8  9 99
A81  812 99 99 99 99  2 99  1 99 99 99  3
A81  813  6  7  9 10  8 11  1  2  5  4  3
A81  814  2  9 11 10  6  5  1  4  3  7  8
A81  815  6  2 99  5 99 99  1  4  3 99 99
A81  816 99 99  6 99  4 99  1  2  5 99  3
A81  817  2 10  4  9  5 11  1  3  7  8  6
A81  818 99  3 99 99 99 99  1  2  4 99 99
A81  819 99  3 99 99 99 99  1  2  4 99 99
A81  820 99  4 99 99 99 99  1  2  3 99 99
A81  821  7  5  4 11  3 10  1  2  6  8  9
A81  822 99 99 99 99 99 99  1 99 99 99 99
A81  823  8  4  2 10  3  9  1  5  6 11  7
A81  824  8  4  2 10  3  9  1  5  6 11  7
A81  825 99 99 99 99  2 99  1 99 99  3 99
A81  826 99 99 99 99  3 99  1 99 99  2 99
A81  827 99 99 99 99  2 99  1 99 99 99 99
A81  828 99  4 99 99 99  5  1 99  3  2 99
A81  829 99 99 99 99  2 99  1  3 99 99  4
A81  830  6  3  2 11  5 10  1  7  8  4  9
A81  831  4  3 11  5  2 10  1  9  7  8  6
A81  832  6 10  9  8  2 11  1  3  5  7  4
A81  833 99 99 99  5  3 99  1 99 99  4  2
A81  834 99  5  2 99 99 99  1  3  4 99 99
A81  835  4  7  2  8  3  6  1 11  9 10  5
A81  836  8  6  4 99  5 99  1  7  2  3  9
A81  837 99 99  2 99  3  4  1 99 99  6  5
A81  838 99  2  4 99 99 99  1  3  5 99 99
A81  839 99  4  5 99 99 99  1  2  3 99 99
A81  840  7  2  4 11  3 10  1  5  9  6  8
A81  841 99 99  2 99  4 99  1  3 99 99  5
A81  842  9  2  4 11  7 10  1  3  5  6  8
A81  843  5 99 99 99  4 99  1  2  3 99 99
A81  844  5  4 99 99 99 99  1  2 99 99  3
A81  845  3 99  2  4  5 99  1  7  6  8 99
A81  846  7  6  5  8  4 11  1  2 10  9  3
A81  847  3  8  9  6  5  2  1  7 10  4 11
A81  848  3  5  6  9  2  8  1  4 99  7 99
A81  849 99 99 99  3 99 99  1  2 99 99 99
A81  850 99 99 99 99  3 99  1  2 99 99 99
A81  851  3  2 99 99 99 99  1  4  6 99  5
A81  852 99  3 99 99  2 99  1  4 99 99  5
A81  853 99 99 99 99  3 99  1  2 99 99 99
A81  854  9  6  5 99  3 99  1  2  4  8  7
A81  855  4  6  5  9  3  7  1  8 11  2 10
A81  856 99 99  3 99 99 99  1  2 99 99 99
A81  857 99 99 99 99 99 99  1 99 99 99 99
A81  858  5  8  2  9  4 99  1  3  6  7 99
A81  859 99  5 99 99  3 99  1  2  4  6 99
A81  860  3 11  4  9  6 10  1  2  7  5  8
A81  861 99  6 99 99  2 99  1  3  5  4  7
A81  862 99  5  3 99  6 99  1  2  7  4 99
A81  863 99 99 99 99  1 99  2 99  3 99 99
A81  864  6  7  8 10  1 11  2  3  4  5  9
A81  865  8  7  4 10  1  9  2  3  6  5 11
A81  866  8  7  4 10  1  9  2  3  6  5 11
A81  867 99 99  2 99  1 99 99 99  4  3 99
A81  868 99  7  5 99  1 99  2  6  4  3  8
A81  869 10  8  7 11  1  9  2  5  3  4  6
A81  870  5  6  7 99  1 99  2  3  4  8  9
A81  871  5  6  7 99  1 99  2  3  4  8  9
A81  872  5  6  7 99  1 99  2  3  4  8  9
A81  873  5  6  7 99  1 99  2  3  4  8  9
A81  874  5  2 99 99  1 99  4 99  3 99  6
A81  875  5  2 99 99  1 99  4 99  3 99  6
A81  876  5  2 99 99  1 99  4 99  3 99  6
A81  877  3  7  5 11  1 10  8  6  2  4  9
A81  878  5  6  7 99  1 99  2  3  4  8  9
A81  879  5  6  7 99  1 99  2  3  4  8  9
A81  880 99 99  2 99  1 99  6  3  4  7  5
A81  881  6 10  7  8  1  9  3  2  4 11  5
A81  882  5 99 99 99  1 99  2  4  3 99 99
A81  883  7  8  9 10  1 11  2  3  4  6  5
A81  884 99 99 99 99  1 99  4  5  2 99  3
A81  885 99  7 99 99  1 99  3  2  4  6  5
A81  886 99 99  2 99  1 99  5  3  4  6 99
A81  887  7  8  9 10  1 11  2  3  4  6  5
A81  888 99  2  8 99  1  6  5  3  4  7 99
A81  889 99 99 99 99  1 99 99  2  3 99  4
A81  890  8  2  9 99  1 99  3  4  5  7  6
A81  891  7  6 99 99  1  9  2  3  4  8  5
A81  892 10  6 11  5  1  9  8  2  3  7  4
A81  893 11  5  4 10  1  9  6  2  3  7  8
A81  894 99  6  4 99  1 99  5 99  2  3  7
A81  895  7  9 99 99  1  8  6  4  3  2  5
A81  896  5  7 10 11  1  9  6  2  3  4  8
A81  897  9  4  3  8  1 11  2 10  6  5  7
A81  898 99 99 99 99  1 99  2 99  3 99 99
A81  899 10  4  3  8  1 11  7  6  5  2  9
A81  900 10  4  3  8  1 11  7  6  5  2  9
A81  901 10  4  3  8  1 11  7  6  5  2  9
A81  902 10  4  3  8  1 11  7  6  5  2  9
