A82  373 UNION  VOTERS ELECT  1  FROM  4  BY STV   1/5  SAMPLE
A82    1  2  1  3  4
A82    2  2  1  3  4
A82    3  2  1  3  4
A82    4  2  1  4  3
A82    5  2  1  4  3
A82    6  2  1  4  3
A82    7  3  1  2  4
A82    8  2  1  3  4
A82    9  2  1  3  4
A82   10  2  1  3  4
A82   11  2  1  3  4
A82   12  3  1  2  4
A82   13  2  1  4  3
A82   14  2  1  3  4
A82   15  2  1  3  4
A82   16  2  1  3  4
A82   17  3  1  2  4
A82   18  2  1  3  4
A82   19  2  1  3  4
A82   20  2  1  3  4
A82   21  2  1  3  4
A82   22  2  1  3  4
A82   23  2  1  3  4
A82   24  2  1  3  4
A82   25  2  1  3  4
A82   26  2  1  3  4
A82   27  2  1  3  4
A82   28  2  1  3  4
A82   29  2  1  3  4
A82   30  2  1  4  3
A82   31  2  1  3  4
A82   32  2  1  3  4
A82   33  2  1  3  4
A82   34  1  3  2  4
A82   35  1  4  3  2
A82   36  1  3  2  4
A82   37  1  3  2  4
A82   38  1  3  2  4
A82   39  1  3  2  4
A82   40  1  4  2  3
A82   41  1  2  3  4
A82   42  1  2  3  4
A82   43  1  3  4  2
A82   44  1  3  4  2
A82   45  4  1  2  3
A82   46  4  1  2  3
A82   47  4  1  2  3
A82   48  3  1  4  2
A82   49  4  1  3  2
A82   50  4  1  2  3
A82   51  4  1  3  2
A82   52 99  1 99 99
A82   53 99  1 99 99
A82   54 99  1  2 99
A82   55 99  1 99 99
A82   56 99  1 99 99
A82   57  1 99  1 99
A82   58 10  9  8  7
A82   59  1  1  1  1
A82   60  1 99 99 99
A82   61  1  2  4  3
A82   62  1  2  3  4
A82   63  1  3  2  4
A82   64  1 99 99 99
A82   65  1  3  2  4
A82   66  1  4  2  3
A82   67  1  3  4  2
A82   68  1 99 99 99
A82   69  1 99 99 99
A82   70  1  4  2  3
A82   71  1  3  2  4
A82   72  1  4  2  3
A82   73  1  3  2  4
A82   74  1  2 99 99
A82   75  1  2  3  4
A82   76  1  3  4  2
A82   77  1 99 99 99
A82   78  1  4  2  3
A82   79  1  2  3  4
A82   80  1  3  2  4
A82   81  1  2  3  4
A82   82  1  2  3  4
A82   83  1  3 99  4
A82   84  1  3  2  4
A82   85  1  4  3  2
A82   86  1  4  3  2
A82   87  1  3  2  4
A82   88  1  4  2  3
A82   89  1  2  3  4
A82   90  1  4  2  3
A82   91  1  2  3  4
A82   92  1  2  4  3
A82   93  1  3  2  4
A82   94  1 99 99 99
A82   95  1  2  4  3
A82   96  1  2  3  4
A82   97  1  4  3  2
A82   98  1  4  3  2
A82   99  1  3  2  4
A82  100  1  2  3  4
A82  101  1  3  4  2
A82  102  1  4  2  3
A82  103  1  2  3  4
A82  104  1 99 99 99
A82  105  1  2  4  3
A82  106  1  2  3  4
A82  107  1  4  3  2
A82  108  1  4  2  3
A82  109  1  2  3 99
A82  110  1  2  3 99
A82  111  1  2  3 99
A82  112  1  4  2  3
A82  113  1  3  2  4
A82  114  1  2  3  4
A82  115  1  4  2  3
A82  116  1  4  3  2
A82  117  1  3  2  4
A82  118  1  3  4  2
A82  119  1 99  2  3
A82  120  1  3  2  4
A82  121  1  3  2  4
A82  122  1  3  2  4
A82  123  1  2  3  4
A82  124  1  3  2  4
A82  125  1  2  3  4
A82  126  1  2  4  3
A82  127  1 99 99 99
A82  128  1  3  4  2
A82  129  1  4  2  3
A82  130  1  2  3  4
A82  131  1  3  2  4
A82  132  1  3  4  2
A82  133  1  2  4  3
A82  134  1  4  3  2
A82  135  1  3  2  4
A82  136  1  2  3  4
A82  137  1  4  3  2
A82  138  1  3  2  4
A82  139  1  3  2  4
A82  140  1  4  2  3
A82  141  1  3  2  4
A82  142  1 99 99 99
A82  143  1  3  2  4
A82  144  1  4  3  2
A82  145  1  3  2  4
A82  146  1  4  2  3
A82  147  1  2  4  3
A82  148  1  2  3  4
A82  149  1  3  2  4
A82  150  1  3  4  2
A82  151  1  3  2  4
A82  152  1  2  3  4
A82  153  1  2  3  4
A82  154  1  4  2  3
A82  155  1  2  3  4
A82  156  1  4  2  3
A82  157  1  2  4  3
A82  158  1  2  3  4
A82  159  1  4  2  3
A82  160  1  2  3  4
A82  161  2  3  1  4
A82  162  2  3  1  4
A82  163  2  4  1  3
A82  164  2  3  1  4
A82  165  2  3  1  4
A82  166  2  3  1  4
A82  167  2  3  1  4
A82  168  2  3  1  4
A82  169  2  3  1  4
A82  170  2  4  1  3
A82  171  2  4  1  3
A82  172  2  3  1  4
A82  173  2  3  1  4
A82  174  2  3  1  4
A82  175  1  2  3  4
A82  176  1  3  2  4
A82  177  1  2  3  4
A82  178  1  4  3  2
A82  179  1  3  2  4
A82  180  1  3  2  4
A82  181  1  4  3  2
A82  182  1  4  2  3
A82  183  1  3  2  4
A82  184  1  4  3  2
A82  185  1  4  2  3
A82  186  1  3  4  2
A82  187  1 99 99 99
A82  188  1  2  4  3
A82  189  1 99 99 99
A82  190  1  3  4  2
A82  191  1  2  4  3
A82  192  1  3  2  4
A82  193  1  3  2  4
A82  194  1  3  2  4
A82  195  1  2  3  4
A82  196  1  2  3  4
A82  197  1  3  2  4
A82  198  1  3  2  4
A82  199  1  2  3  4
A82  200  1  3  4  2
A82  201  1  2  3  4
A82  202  1  2  3  4
A82  203  1  2  4  3
A82  204  1  4  2  3
A82  205  1  2  3  4
A82  206  1 99 99 99
A82  207  1  4  3  2
A82  208  1  2  3  4
A82  209  1  4  3  2
A82  210  1 99 99 99
A82  211  1  3  2  4
A82  212  1  4  3  2
A82  213  1  3  2  4
A82  214  1 99 99 99
A82  215  1  3  2  4
A82  216  1  2  4  3
A82  217  1  2  3  4
A82  218  1  2  3  4
A82  219  1  3  2  4
A82  220  1  3  2  4
A82  221  1  4  3  2
A82  222  1  4  2  3
A82  223  1  3  2  4
A82  224  1 99 99 99
A82  225 99 99 99  1
A82  226 99 99 99  1
A82  227  4  3  2  1
A82  228  4  3  2  1
A82  229  3  4  2  1
A82  230 99 99 99  1
A82  231  2  4  3  1
A82  232  3  4  2  1
A82  233  4  3  2  1
A82  234  4  3  2  1
A82  235  4  2  3  1
A82  236  4  3  2  1
A82  237  2  3  4  1
A82  238  4  3  2  1
A82  239  4  2  3  1
A82  240 99 99  2  1
A82  241  3  4  2  1
A82  242  4  3  2  1
A82  243  4  3  2  1
A82  244 99 99 99  1
A82  245  3  4  2  1
A82  246  3  4  2  1
A82  247  4  3  2  1
A82  248  3  4  2  1
A82  249  3  4  2  1
A82  250  4  2  3  1
A82  251  3  4  2  1
A82  252  4  3  2  1
A82  253  3  4  2  1
A82  254  2  3  4  1
A82  255  3  2  4  1
A82  256 99 99 99  1
A82  257  4  2  3  1
A82  258  2  3  4  1
A82  259  2  4  3  1
A82  260  4  3  2  1
A82  261  3  4  2  1
A82  262  4  3  2  1
A82  263  3  4  2  1
A82  264  4  3  2  1
A82  265  3  2  4  1
A82  266  2  3  4  1
A82  267  3  4  2  1
A82  268 99 99 99  1
A82  269  4  3  2  1
A82  270  4  3  2  1
A82  271  4  2  3  1
A82  272  3  4  2  1
A82  273  3  4  2  1
A82  274 99  2 99  1
A82  275  4  2  3  1
A82  276 99 99 99  1
A82  277  3  4  2  1
A82  278  4  3  2  1
A82  279 99 99  2  1
A82  280  4  3  2  1
A82  281  3  4  2  1
A82  282 99  3  2  1
A82  283  3  2  4  1
A82  284  4  2  3  1
A82  285  4  3  2  1
A82  286  4  3  2  1
A82  287 99 99 99  1
A82  288 99 99 99  1
A82  289  4  2  3  1
A82  290  4  3  2  1
A82  291  2  3  4  1
A82  292  4  3  2  1
A82  293  4  2  3  1
A82  294  3  4  2  1
A82  295  3  2  4  1
A82  296  3  4  2  1
A82  297  4  3  2  1
A82  298  3  4  2  1
A82  299  2  4  3  1
A82  300  4  3  2  1
A82  301  3  4  2  1
A82  302  3  4  2  1
A82  303  4  3  2  1
A82  304  3  4  2  1
A82  305 99 99 99  1
A82  306  3  4  2  1
A82  307  4  2  3  1
A82  308  2  4  3  1
A82  309 99 99  2  1
A82  310  4  2  3  1
A82  311 99 99 99  1
A82  312  3 99  2  1
A82  313  3  4  2  1
A82  314  4  3  2  1
A82  315  4  2  3  1
A82  316  3  4  2  1
A82  317 99 99 99  1
A82  318  4  3  2  1
A82  319 99 99  2  1
A82  320  4  3  2  1
A82  321  3  4  1  2
A82  322  4  3  1  2
A82  323  4  3  1  2
A82  324  4  3  1  2
A82  325  4  3  1  2
A82  326  4  3  1  2
A82  327  3  4  1  2
A82  328  4  3  1  2
A82  329  3  4  1  2
A82  330  4  3  1  2
A82  331  4  3  1  2
A82  332  4  3  1  2
A82  333  3  4  1  2
A82  334  3  4  1  2
A82  335  3  4  1  2
A82  336  3  4  1  2
A82  337  4  3  1  2
A82  338  3  4  1  2
A82  339  4  3  1  2
A82  340  4  3  1  2
A82  341  3  4  1  2
A82  342  4  3  1  2
A82  343 99 99  3 99
A82  344 99 99  1 99
A82  345 99 99  1 99
A82  346 99 99  1 99
A82  347 99 99  1 99
A82  348  3  1  4  2
A82  349  3  1  4  2
A82  350  4  1  3  2
A82  351  4  1  2  3
A82  352  4  1  2  3
A82  353  4  1  3  2
A82  354  4  1  3  2
A82  355  4  1  2  3
A82  356  4  1  2  3
A82  357  4  1  3  2
A82  358  3  1  4  2
A82  359  4  1  3  2
A82  360  4  1  2  3
A82  361  4  1  3  2
A82  362  4  1  3  2
A82  363  4  1  3  2
A82  364  4  1  3  2
A82  365  4  1  2  3
A82  366  4  1  2  3
A82  367  4  1  2  3
A82  368  4  1  3  2
A82  369  4  1  3  2
A82  370  4  1  3  2
A82  371  4  1  2  3
A82  372  4  1  2  3
A82  373  3  1  4  2
