A84  277 UNION  VOTERS ELECT 3+3 FROM  7  BY MVP
A84    1  2  4  3  5  1  6  7
A84    2 99  3 99  2  1 99  4
A84    3  6  5 99  1  3  2  4
A84    4 99  2  6  5  1  4  3
A84    5  7  2  4  3  1  5  6
A84    6 99  6  3  4  1  5  2
A84    7  7  2  5  6  1  4  3
A84    8 99  5  4  3  1  2  6
A84    9 99  3  4  5  1  6  2
A84   10  7  2  6  5  1  4  3
A84   11 99  6  5  2  1  4  3
A84   12 99  3  6  4  1  5  2
A84   13  7  2  3  4  1  5  6
A84   14 99  3  6  1  2  5  4
A84   15 99  4  6  1  3  5  2
A84   16 99  2  6  1  5  4  3
A84   17 99  5  3  1  2  4  6
A84   18  7  5  1  4  3  2  6
A84   19 99  3  1  2  5  6  4
A84   20  7  6  1  2  4  5  3
A84   21  7  4  1  2  6  3  5
A84   22 99  4  1  2  3  6  5
A84   23 99  5  1  2  4  3  6
A84   24 99  3  1  5  4  6  2
A84   25  7  6  1  2  5  3  4
A84   26 99  6  1  5  3  2  4
A84   27 99  3  1  4  2  5  6
A84   28 99  2  1  5  4  3  6
A84   29 99  1  6  5  2  4  3
A84   30  7  1  6  4  2  5  3
A84   31  7  1  6  5  2  4  3
A84   32 99  1  6  3  2  5  4
A84   33 99  1  6  3  2  4  5
A84   34  7  1  6  4  2  5  3
A84   35  7  1  6  5  2  4  3
A84   36  7  1  2  6  3  5  4
A84   37 99  5  6  2  3  1  4
A84   38 99  6  5  2  4  1  3
A84   39 99  2  6  5  3  1  4
A84   40  7  1  4  5  2  6  3
A84   41  7  2  5  6  1  4  3
A84   42  7  6  2  5  4  3  1
A84   43 99  3  6  5  4  2  1
A84   44 99  6  5  4  2  3  1
A84   45 99  2  6  4  3  5  1
A84   46  7  3  5  6  2  4  1
A84   47 99  2  3  4  5  6  1
A84   48  3 99  2  4  1  5  6
A84   49  6  7  2  5  1  4  3
A84   50  2  7  3  4  1  5  6
A84   51  6  7  3  1  5  2  4
A84   52  4 99  2  1  5  6  3
A84   53  1 99  2  5  6  3  4
A84   54  5  7  1  6  4  3  2
A84   55  4  7  3  2  6  1  5
A84   56  5 99  3  2  4  1  6
A84   57  2  7  3  4  6  5  1
A84   58  6  2  7  5  1  4  3
A84   59  3  4 99  6  1  5  2
A84   60  4  3  7  1  6  2  5
A84   61  6  4 99  1  2  3  5
A84   62  6  5 99  1  4  3  2
A84   63  1  6 99  4  3  2  5
A84   64  6  1  7  4  3  5  2
A84   65  2  1 99  6  5  3  4
A84   66  6  1 99  4  3  5  2
A84   67  5  4  3 99  1  6  2
A84   68  3  2  5 99  1  4  6
A84   69  4  5  2  7  1  3  6
A84   70  2  5  4 99  1  6  3
A84   71  6  2  5 99  1  4  3
A84   72  6  5  3 99  1  4  2
A84   73  4  3  5 99  1  6  2
A84   74  4  3  2 99  1  6  5
A84   75  5  2  4  7  1  6  3
A84   76  5  3  6  7  1  4  2
A84   77  1  2  4 99  6  5  3
A84   78  1  5  6  7  4  3  2
A84   79  1  5  2 99  6  3  4
A84   80  6  5  1  7  3  2  4
A84   81  3  4  1 99  6  2  5
A84   82  5  6  1 99  4  2  3
A84   83  2  5  1 99  6  3  4
A84   84  5  3  1  7  2  6  4
A84   85  4  3  1 99  5  2  6
A84   86  5  4  1  7  2  6  3
A84   87  6  2  1 99  3  5  4
A84   88  5  2  1 99  4  6  3
A84   89  2  1  3 99  5  4  6
A84   90  6  1  5 99  2  4  3
A84   91  6  1  5 99  2  4  3
A84   92  5  1  6 99  2  4  3
A84   93  4  1  5  7  2  3  6
A84   94  6  1  5  7  3  4  2
A84   95  3  1  2  7  4  6  5
A84   96  6  4  5 99  3  1  2
A84   97  4  3  5 99  6  1  2
A84   98  6  2  5 99  3  4  1
A84   99  3  5  6 99  2  4  1
A84  100  4  3  6 99  2  5  1
A84  101  6  3  5 99  2  4  1
A84  102  3  2  5 99  4  6  1
A84  103  3  2  4  1 99  5  6
A84  104  1  2  3  4 99  5  6
A84  105  1  2  4  5 99  6  3
A84  106  3  6  1  2 99  4  5
A84  107  4  5  1  3 99  2  6
A84  108  4  1  5  2 99  3  6
A84  109  2  1  4  3 99  5  6
A84  110  5  2  4  6  7  1  3
A84  111  4  5  3  2 99  1  6
A84  112  5  3  6  2 99  1  4
A84  113  2  1  3  4 99  6  5
A84  114  4  2  5  3  7  6  1
A84  115  1  3  5  4  6 99  2
A84  116  3  4  6  5  1  7  2
A84  117  3  2  4  5  1  7  6
A84  118  6  4  3  5  1  7  2
A84  119  2  3  5  6  1 99  4
A84  120  2  4  5  3  1 99  6
A84  121  3  4  5  6  1  7  2
A84  122  3  2  4  5  1 99  6
A84  123  4  2  3  5  1 99  6
A84  124  5  3  4  2  1 99  6
A84  125  4  3  5  6  1  7  2
A84  126  5  3  6  2  1 99  4
A84  127  2  4  3  5  1  7  6
A84  128  2  5  6  3  1  7  4
A84  129  6  3  4  5  1 99  2
A84  130  6  5  2  3  1  7  4
A84  131  6  3  5  2  1 99  4
A84  132  4  3  5  6  1 99  2
A84  133  4  3  5  6  1 99  2
A84  134  5  3  6  2  1 99  4
A84  135  6  3  5  4  1  7  2
A84  136  5  2  6  4  1 99  3
A84  137  2  4  5  6  1 99  3
A84  138  6  3  5  4  1 99  2
A84  139  6  5  4  3  1 99  2
A84  140  5  4  6  3  1 99  2
A84  141  5  3  4  6  1 99  2
A84  142  6  5  3  4  1 99  2
A84  143  4  2  5  6  1  7  3
A84  144  3  5  4  6  1  7  2
A84  145  5  6  3  1  2 99  4
A84  146  4  3  2  1  6 99  5
A84  147  3  4  5  1  6 99  2
A84  148  6  2  5  1  4 99  3
A84  149  5  4  6  1  2 99  3
A84  150  5  4  6  1  3 99  2
A84  151  3  4  5  1  2 99  6
A84  152  3  4  5  1  6 99  2
A84  153  5  4  2  1  3 99  6
A84  154  1  5  2  3  4 99  6
A84  155  1  3  5  6  2 99  4
A84  156  1  4  6  5  3  7  2
A84  157  1  6  3  5  2 99  4
A84  158  1  6  3  5  2  7  4
A84  159  1  4  6  5  2 99  3
A84  160  1  6  5  4  2 99  3
A84  161  1  2  5  6  4 99  3
A84  162  2  4  1  3  5  7  6
A84  163  4  6  1  2  3 99  5
A84  164  5  6  1  3  4 99  2
A84  165  5  3  1  4  2  7  6
A84  166  2  4  1  5  3  7  6
A84  167  5  6  1  2  3  7  4
A84  168  3  4  1  6  2  7  5
A84  169  2  4  1  3  6 99  5
A84  170  3  1  4  6  2  7  5
A84  171  6  1  5  4  2 99  3
A84  172  2  1  3  4  6  7  5
A84  173  2  1  5  6  3  7  4
A84  174  5  1  4  6  2  7  3
A84  175  5  1  4  6  3 99  2
A84  176  4  1  5  6  2 99  3
A84  177  4  1  5  6  3  7  2
A84  178  5  1  6  4  2 99  3
A84  179  6  1  5  4  3 99  2
A84  180  4  1  5  6  2  7  3
A84  181  2  1  6  5  3 99  4
A84  182  3  1  6  2  5 99  4
A84  183  2  1  5  6  4 99  3
A84  184  5  1  4  6  2 99  3
A84  185  4  1  6  2  5  7  3
A84  186  2  1  5  6  3  7  4
A84  187  5  2  6  4  1  7  3
A84  188  6  2  5  4  3  7  1
A84  189  6  5  4  2  3  7  1
A84  190  4  3  5  6  2 99  1
A84  191  5  2  6  4  3  7  1
A84  192  2  6  4  3  5 99  1
A84  193  4  3  5  6  2  7  1
A84  194  2  3  5  6  4  7  1
A84  195  5  3  4  6  2 99  1
A84  196  6  2  5  4  3 99  1
A84  197  4  2  6  3  5 99  1
A84  198  4  6  5  2  3 99  1
A84  199  5  3  4  6  2  7  1
A84  200  6  3  4  5  2 99  1
A84  201  3  4  2  5  1  6 99
A84  202  2  3  4  5  1  6  7
A84  203  4  5  3  6  1  2 99
A84  204  2  4  3  5  1  6  7
A84  205  4  2  3  6  1  5  7
A84  206  3  4  5  1  2  6 99
A84  207  2  3  5  1  4  6  7
A84  208  5  3  4  1  2  6 99
A84  209  5  4  2  1  3  6 99
A84  210  1  4  2  3  6  5  7
A84  211  1  4  2  5  6  3  7
A84  212  1  3  2  5  4  6  7
A84  213  6  1  5  2  3  4  7
A84  214  6  3  1  5  4  2 99
A84  215  2  5  1  3  6  4 99
A84  216  5  2  1  4  6  3  7
A84  217  3  6  1  4  2  5  7
A84  218  5  4  1  2  3  6 99
A84  219  2  1  5  4  3  6  7
A84  220  3  1  5  4  2  6 99
A84  221  5  1  4  2  3  6  7
A84  222  2  6  4  5  3  1 99
A84  223  4  5  6  2  3  1 99
A84  224 99 99 99 99  1 99 99
A84  225 99  3  2 99  1 99 99
A84  226 99  2 99 99  1 99  3
A84  227 99 99 99 99  1 99 99
A84  228 99  2 99 99  1  4  3
A84  229 99  3 99 99  1 99  2
A84  230 99 99 99 99  1 99 99
A84  231 99 99 99 99  1 99 99
A84  232  2  3 99 99  1 99  4
A84  233 99  2 99 99  1 99  3
A84  234 99 99 99 99  1 99  2
A84  235 99 99 99 99  1 99 99
A84  236 99 99  3 99  1 99  2
A84  237 99  3 99 99  1 99  2
A84  238 99 99 99  2  1 99  3
A84  239 99 99 99 99  1 99 99
A84  240  2 99 99  1  3 99 99
A84  241  2 99 99  1 99 99 99
A84  242  2 99  3  1 99 99 99
A84  243 99 99 99 99  1 99 99
A84  244  3 99 99  1 99 99  2
A84  245 99 99 99  1 99 99 99
A84  246 99 99 99  1 99 99 99
A84  247 99 99 99  1 99 99 99
A84  248  1 99  2 99 99 99 99
A84  249  1 99  2  3 99  4 99
A84  250  1 99 99 99 99 99 99
A84  251  1  2 99 99 99 99  3
A84  252  1 99 99 99 99 99 99
A84  253  1 99 99 99 99 99 99
A84  254 99 99  1 99 99  2 99
A84  255 99 99  1  3 99  2 99
A84  256 99 99  1 99 99 99 99
A84  257 99 99  1 99 99  2 99
A84  258 99  2  1 99 99  3  4
A84  259 99 99  1 99 99  2 99
A84  260 99 99  1 99 99 99 99
A84  261 99 99  3  1  4 99  2
A84  262 99  1  5  3  2 99  4
A84  263 99  1 99 99 99 99 99
A84  264 99  1 99 99  3 99  2
A84  265 99  1 99  3  2  4  5
A84  266 99  1  2  5  4 99  3
A84  267 99  1 99 99  2  4  3
A84  268 99  1  3 99 99 99  2
A84  269 99  3 99  2  5  1  4
A84  270 99 99  2  3 99  1 99
A84  271 99 99 99 99 99  1 99
A84  272  2 99  1 99 99 99  3
A84  273 99 99 99  3 99  1  2
A84  274 99  3 99  4  2  5  1
A84  275 99  3 99 99  2 99  1
A84  276 99  2 99 99  3 99  1
A84  277  8  9 10 11 12 13 14
