A85  158 UNION  VOTERS ELECT  3  FROM  4  BY MVP
A85    1 99  3  1  2
A85    2  4  3  2  1
A85    3  4  2  3  1
A85    4  4  3  2  1
A85    5  4  3  2  1
A85    6  4  1  2  3
A85    7  4  3  2  1
A85    8  4  3  2  1
A85    9  4  2  1  3
A85   10  4  1  2  3
A85   11  4  3  2  1
A85   12  4  3  1  2
A85   13  4  3  2  1
A85   14  4  3  2  1
A85   15  4  3  2  1
A85   16  4  1  3  2
A85   17  4  2  3  1
A85   18  4  2  1  3
A85   19  4  2  3  1
A85   20  4  3  1  2
A85   21  4  3  2  1
A85   22  4  2  3  1
A85   23  4  3  2  1
A85   24  4  1  3  2
A85   25  4  3  2  1
A85   26  4  3  2  1
A85   27  4  1  2  3
A85   28  4  2  3  1
A85   29  4  1  2  3
A85   30  4  3  2  1
A85   31  4  2  3  1
A85   32  4  3  2  1
A85   33  4  3  1  2
A85   34  4  3  2  1
A85   35  4  3  1  2
A85   36  4  1  2  3
A85   37  4  3  2  1
A85   38  4  3  1  2
A85   39  3 99  2  1
A85   40  1  4  3  2
A85   41  3  4  1  2
A85   42  1  4  3  2
A85   43  2  4  3  1
A85   44  3  4  1  2
A85   45  3  4  1  2
A85   46  2  4  3  1
A85   47  2  4  3  1
A85   48  3  4  2  1
A85   49  3  4  2  1
A85   50  2  4  3  1
A85   51  3  4  2  1
A85   52  2  4  1  3
A85   53  2  4  3  1
A85   54  1  4  3  2
A85   55  2  4  3  1
A85   56  3  4  2  1
A85   57  3  4  2  1
A85   58  3  4  1  2
A85   59  3  4  1  2
A85   60  3  4  2  1
A85   61  1  4  3  2
A85   62  1  4  2  3
A85   63  1  4  3  2
A85   64  1  4  3  2
A85   65  1  4  3  2
A85   66  1  4  3  2
A85   67  2  4  3  1
A85   68  2  4  3  1
A85   69  1  4  2  3
A85   70  3  4  1  2
A85   71  2  4  3  1
A85   72  3  4  2  1
A85   73  1  4  2  3
A85   74  2  3 99  1
A85   75  2  1 99  3
A85   76  3  1  4  2
A85   77  1  2  4  3
A85   78  1  3  4  2
A85   79  3  2  4  1
A85   80  1  3  4  2
A85   81  3  2  4  1
A85   82  3  1  4  2
A85   83  2  1  4  3
A85   84  2  1  4  3
A85   85  3  1  4  2
A85   86  2  3  4  1
A85   87  2  3  4  1
A85   88  3  1  4  2
A85   89  2  1  4  3
A85   90  2  1  4  3
A85   91  3  2  4  1
A85   92  2  3  4  1
A85   93  1  3  4  2
A85   94  3  1  4  2
A85   95  2  1  4  3
A85   96  3  1  4  2
A85   97  2  1  4  3
A85   98  2  1  4  3
A85   99  1  3  4  2
A85  100  2  3  4  1
A85  101  1  3  4  2
A85  102  1  3  4  2
A85  103  1  2  4  3
A85  104  2  1  4  3
A85  105  2  3  4  1
A85  106  2  3  4  1
A85  107  1  3  4  2
A85  108  1  2  3 99
A85  109  3  1  2  4
A85  110  2  1  3  4
A85  111  1  2  3  4
A85  112  3  2  1  4
A85  113  1  2  3  4
A85  114  1  2  3  4
A85  115  2  1  3  4
A85  116  1  2  3  4
A85  117  3  2  1  4
A85  118  1  3  2  4
A85  119  1  2  3  4
A85  120  2  1  3  4
A85  121  2  1  3  4
A85  122  1  2  3  4
A85  123  1  2  3  4
A85  124  1  2  3  4
A85  125  2  1  3  4
A85  126  1  2  3  4
A85  127  1  3  2  4
A85  128  1  2  3  4
A85  129  1  2  3  4
A85  130  1  2  3  4
A85  131  2  1  3  4
A85  132  2  1  3  4
A85  133  3  2  1  4
A85  134  2  1  3  4
A85  135  1  3  2  4
A85  136  1  3  2  4
A85  137  1  2  3  4
A85  138  1  3  2  4
A85  139  1  3  2  4
A85  140  3  2  1  4
A85  141  3  1  2  4
A85  142  2  1  3  4
A85  143  3  2  1  4
A85  144 99 99 99  1
A85  145 99 99 99  1
A85  146 99 99 99  1
A85  147 99 99 99  1
A85  148 99 99 99  1
A85  149 99 99 99  1
A85  150 99 99 99  1
A85  151 99  1 99 99
A85  152 99  1 99 99
A85  153 99  1 99 99
A85  154  1 99 99  2
A85  155  1 99 99  2
A85  156  1 99 99 99
A85  157  1  2 99 99
A85  158 99  1 99 99
