A86  157 UNION  VOTERS ELECT 3+1 FROM  5  BY MVP
A86    1  4  1  2  3  5
A86    2  2 99 99 99  1
A86    3  1  3  4  2  5
A86    4  5  4  1  2  3
A86    5  4  3  2  5  1
A86    6  4  5  2  3  1
A86    7 99  3  2  1 99
A86    8  4  2  3  1  5
A86    9 99 99  2  1  3
A86   10 99 99  2  1  3
A86   11  4  3  5  1  2
A86   12  5  4  2  1  3
A86   13  2  3  4  1  5
A86   14  4  5  3  1  2
A86   15  3  2 99  1 99
A86   16  3  2  4  1  5
A86   17  2  3  4  1  5
A86   18  2  3  4  1  5
A86   19  3  2  4  1  5
A86   20  4  5  2  1  3
A86   21  5  4  2  1  3
A86   22  4  3  2  1  5
A86   23  4  5  2  1  3
A86   24  5  3  4  1  2
A86   25  5  4  2  1  3
A86   26  2  3  5  1  4
A86   27  2  3  5  1  4
A86   28  5  4  2  1  3
A86   29  3  5  4  1  2
A86   30  5  4  2  1  3
A86   31 99 99 99  1 99
A86   32  3  4  5  1  2
A86   33 99 99  2  1  3
A86   34 99 99  3  1  2
A86   35  4  3  5  2  1
A86   36  3  5  4  2  1
A86   37  3  5  4  2  1
A86   38  5  4  2  3  1
A86   39  2  4  3  5  1
A86   40  4  3  5  2  1
A86   41  2  4  3  5  1
A86   42  4  5  2  3  1
A86   43  2  5  3  4  1
A86   44  5  4  2  3  1
A86   45  4  5  2  3  1
A86   46  2  4  5  3  1
A86   47  4  5  2  3  1
A86   48  2  5  4  3  1
A86   49  4  5  2  3  1
A86   50  4  3  2  5  1
A86   51  2  3  4  5  1
A86   52  3  5  2  4  1
A86   53  2  5  3  4  1
A86   54  3  5  2  4  1
A86   55  2  5  4  3  1
A86   56  2  5  3  4  1
A86   57  2  1  5  3  4
A86   58  2  1  4  3  5
A86   59  2 99  1 99 99
A86   60  3  5  1  4  2
A86   61  5  4  1  2  3
A86   62  3  4  1  2  5
A86   63  3  5  1  4  2
A86   64  2  5  1  4  3
A86   65  3  5  1  4  2
A86   66  4  5  1  3  2
A86   67  3  5  1  4  2
A86   68  4  5  1  2  3
A86   69  5  4  1  2  3
A86   70  2  5  1  3  4
A86   71  4  2  1  5  3
A86   72  3  5  1  4  2
A86   73  4  5  1  3  2
A86   74  3  5  1  4  2
A86   75  3  4  1  5  2
A86   76  3  4  1  5  2
A86   77 99 99  1 99 99
A86   78  2  4  1  3  5
A86   79  4  5  1  2  3
A86   80  4  3  1  5  2
A86   81  5  3  1  2  4
A86   82  5  4  1  3  2
A86   83  2  5  1  4  3
A86   84 99 99  1 99  2
A86   85  5  3  1  4  2
A86   86  2  5  1  4  3
A86   87  3  5  1  4  2
A86   88  5  3  1  2  4
A86   89  3  5  1  4  2
A86   90 99  4  1  2  3
A86   91  3  5  1  4  2
A86   92  4  5  1  2  3
A86   93  4  3  1  2  5
A86   94  4  3  1  2  5
A86   95  4  5  1  2  3
A86   96  2 99  1 99  3
A86   97  4  5  1  3  2
A86   98  4  5  1  3  2
A86   99  2  5  1  3  4
A86  100  4  3  1  5  2
A86  101  2  4  1  5  3
A86  102 99 99  1 99 99
A86  103  3  5  1  4  2
A86  104  4  5  1  3  2
A86  105  5  4  2  1  3
A86  106  5  2  4  1  3
A86  107  2  4  1  5  3
A86  108  4  5  1  3  2
A86  109  1  2 99 99  3
A86  110  1 99  3  2 99
A86  111  2  1  4  3  5
A86  112  3  4  2  5  1
A86  113  4  3  5  2  1
A86  114  2  4  3  5  1
A86  115  1  4  3  5  2
A86  116  1  2  3  4  5
A86  117  1  5  4  3  2
A86  118  1  4  5  2  3
A86  119  1  5  3  4  2
A86  120  1  2  4  5  3
A86  121  1  3  5  4  2
A86  122  1  5  2  3  4
A86  123  1  5  4  2  3
A86  124  1  5  3  4  2
A86  125  1  3  4  5  2
A86  126  1  2  4  5  3
A86  127  1  2  3  4  5
A86  128  1  5  2  4  3
A86  129  1  5  3  4  2
A86  130  1  2  4  5  3
A86  131  1  5  4  2  3
A86  132  1  3  2  4  5
A86  133  1  3  4  2  5
A86  134  1  5  2  3  4
A86  135  1  2  3  4  5
A86  136  1  5  2  3  4
A86  137  1  4  3  5  2
A86  138  1  4  5  2  3
A86  139  1  5  3  2  4
A86  140  1  2  4  3  5
A86  141  1 99 99 99  2
A86  142  1  4  3  2  5
A86  143  2  1 99 99 99
A86  144  2  1  4  3  5
A86  145  5  1  2  3  4
A86  146  2  1  4  5  3
A86  147  3  1  4  2  5
A86  148  3  1  5  2  4
A86  149  5  1  3  2  4
A86  150  3  1  2  5  4
A86  151  3  1  4  2  5
A86  152  2  1  5  3  4
A86  153  3  1  2  5  4
A86  154  4  1  2  5  3
A86  155  5  1  4  3  2
A86  156 99  1  2 99 99
A86  157  2  1  5  3  4
