A87  120 UNION  VOTERS ELECT  3  FROM  4  BY MVP
A87    1 99  1  3  2
A87    2 99  2  3  1
A87    3 99  2  3  1
A87    4 99  2  3  1
A87    5 99  2  3  1
A87    6  4  2  3  1
A87    7  4  1  3  2
A87    8  4  2  3  1
A87    9  4  3  2  1
A87   10  4  2  3  1
A87   11  4  1  3  2
A87   12  4  2  3  1
A87   13  4  1  2  3
A87   14  4  2  3  1
A87   15  4  1  2  3
A87   16  4  3  1  2
A87   17  4  3  2  1
A87   18  4  1  3  2
A87   19  4  2  3  1
A87   20  4  2  3  1
A87   21  4  2  3  1
A87   22  4  2  3  1
A87   23  4  2  3  1
A87   24  4  2  3  1
A87   25  4  1  3  2
A87   26  4  2  3  1
A87   27  4  1  3  2
A87   28  4  2  3  1
A87   29  4  1  3  2
A87   30  4  1  3  2
A87   31  4  1  3  2
A87   32  4  1  3  2
A87   33  4  2  3  1
A87   34  4  1  3  2
A87   35  4  3  2  1
A87   36  4  3  2  1
A87   37  4  2  3  1
A87   38  4  3  2  1
A87   39  4  2  3  1
A87   40  4  2  3  1
A87   41  4  1  3  2
A87   42  4  1  2  3
A87   43  4  2  3  1
A87   44  1  4  3  2
A87   45  2  4  3  1
A87   46  1  4  3  2
A87   47  2  4  3  1
A87   48  1  4  3  2
A87   49  3  1 99  2
A87   50  1  2  4  3
A87   51  3  1  4  2
A87   52  1  3  4  2
A87   53  2  3  4  1
A87   54  2  1  4  3
A87   55  3  2  4  1
A87   56  2  3  4  1
A87   57  2  3  4  1
A87   58  3  2  4  1
A87   59  1  3  4  2
A87   60  2  1  4  3
A87   61  2  1  4  3
A87   62  3  2  4  1
A87   63  1  3  4  2
A87   64  3  2  4  1
A87   65  3  2  4  1
A87   66  3  2  4  1
A87   67  3  1  4  2
A87   68  1  3  4  2
A87   69  1  2  4  3
A87   70  2  1  4  3
A87   71  3  1  4  2
A87   72  3  1  4  2
A87   73  4  2  3  1
A87   74  4  2  3  1
A87   75  2  3  4  1
A87   76  1  2  4  3
A87   77  3  1  4  2
A87   78  3  2  4  1
A87   79  1  2  4  3
A87   80  3  2  4  1
A87   81  3  2  4  1
A87   82  2  1  4  3
A87   83  1  3  4  2
A87   84  1  2  4  3
A87   85  2  1  4  3
A87   86  3  1  4  2
A87   87  1  2  4  3
A87   88  3  2  4  1
A87   89  2  3  4  1
A87   90  1  3  4  2
A87   91  3  2  4  1
A87   92  1  2  4  3
A87   93  1  2  4  3
A87   94  1  3  4  2
A87   95  1  2  4  3
A87   96  2  1  4  3
A87   97  2  1  4  3
A87   98  2  3  4  1
A87   99  3  1  4  2
A87  100  1  2  4  3
A87  101  1  3  4  2
A87  102  3  2  4  1
A87  103  3  1  4  2
A87  104  2  3  4  1
A87  105  3  2  4  1
A87  106  3  2  4  1
A87  107  1  2  4  3
A87  108  3  2  4  1
A87  109  1  3  4  2
A87  110  3  1  4  2
A87  111  1  3  4  2
A87  112  3  1  4  2
A87  113  1  2  3  4
A87  114  1  2  3  4
A87  115  1  3  2  4
A87  116  1  3  2  4
A87  117  1 99 99 99
A87  118 99  1 99  2
A87  119 99 99 99  1
A87  120  1 99 99 99
