A88  135 UNION  VOTERS ELECT 3+3 FROM  9  BY MVP
A88    1  8  9  5  4  2  7  3  1  6
A88    2 99 99  6  5  3  4  2  1 99
A88    3 99 99  5 99  2  4  3  1  6
A88    4 99  4 99  6  2 99  3  1  5
A88    5 99 99  2  3  1  3 99  2  1
A88    6  6 99  5 99  2  4  3  1 99
A88    7  5 99 99 99  2  6  3  1  4
A88    8  7  8  4  9  3  5  2  1  6
A88    9  7  9  6  8  3  4  2  1  5
A88   10  6 99 99  5  3  4  2  1 99
A88   11  7  9  6  5  2  4  3  1  8
A88   12  5 99 99 99  2  3  4  1  6
A88   13  9  7  4  6  3  2  5  1  8
A88   14  6 99  5 99  4 99  3  1  2
A88   15  6 99 99 99  2  4  3  1  5
A88   16 99 99  3 99  2  4  6  1  5
A88   17 99  6 99  4  3  5  2  1 99
A88   18  6 99  5  7  4  2  8  1  3
A88   19  6 99  5 99  2  3  4  1 99
A88   20 99 99  5  6  2  3  4  1 99
A88   21 99 99  4  5  3  6  2  1 99
A88   22  6 99  5 99  3  4  2  1 99
A88   23  5  9  3  2  4  6  8  1  7
A88   24  5 99  6 99  3 99  4  1  2
A88   25  5  8  6  7  4  2  3  1  9
A88   26 99  6 99  4  3  5  2  1 99
A88   27  5 99  4  6  2 99  3  1 99
A88   28  6 99  4 99  3  5  2  1 99
A88   29  2 99 99  6  3  4  5  1 99
A88   30 99 99  6 99  2  5  3  1  4
A88   31  7  9  4  8  2  3  6  1  5
A88   32  9  8  6  7  2  4  3  1  5
A88   33 99 99  5 99  2  4  3  1  6
A88   34  4 99  3  6  2  5 99  1 99
A88   35 99  5  2  6  3 99  4  1 99
A88   36  8  7  6  5  4  1  3  2  9
A88   37  6 99  4 99  2  5  1  3 99
A88   38  6 99  2  5  4 99  1  3 99
A88   39  7  8  6  9  3  4  1  5  2
A88   40 99  6  4 99  3  5  1  2 99
A88   41 99  6 99 99  4  2  1  3  5
A88   42 99 99 99 99  3  4  1  2 99
A88   43 99 99 99 99  2 99  1 99 99
A88   44 99 99  4  6  3  5  1  2 99
A88   45 99 99 99  4  3  5  1  2  6
A88   46 99 99 99 99  3  4  1  2 99
A88   47  5  9  4  6  2  8  1  3  7
A88   48 99  6  5 99  2  4  3  1 99
A88   49  4  9  3  8  2  7  5  1  6
A88   50  6 99  5 99  4  3  2  1 99
A88   51 99 99 99 99  4  2 99  1  3
A88   52  4  5  3  6  2 99 99  1 99
A88   53 99 99  5  6  2  3  4  1 99
A88   54 99 99  4  5  2  6  3  1 99
A88   55  5 99 99 99  4  2  6  1  3
A88   56  3 99  5 99  2  4  6  1 99
A88   57  5  9  6  7  2  3  4  1  8
A88   58 99 99  6 99  3  2  4  1  5
A88   59 99 99  2  4  3  6  5  1 99
A88   60  6 99  5 99  2  3 99  1  4
A88   61  6 99  5 99  2  4  3  1 99
A88   62 99 99  2 99  6  3  4  1  5
A88   63  6 99 99  5  4  3  2  1 99
A88   64  6  8  4  7  3  5  2  1  9
A88   65  4 99  6  5  3 99  2  1 99
A88   66  4 99  6  5  2 99  3  1 99
A88   67  8  7  9  3  2  4  5  1  6
A88   68  6 99 99 99  3  4  5  1  2
A88   69  5  9  8  6  2  4  3  1  7
A88   70 99 99  3  6  4 99  2  1  5
A88   71  9  8  5  7  2  4  3  1  6
A88   72 99 99  5 99  2  4  3  1  6
A88   73  6 99  4 99  2  3 99  1  5
A88   74 99 99  6  4  3  2  5  1 99
A88   75  8  9  5  6  4  2  3  1  7
A88   76 99 99 99  6  2  3  4  1  5
A88   77  6  9  5  8  2  4  3  1  7
A88   78 99 99  6  5  2  4  3  1 99
A88   79  6  8  7  9  2  5  4  1  3
A88   80 99 99 99 99 99  2 99  1 99
A88   81  5 99 99  6  2  4  3  1 99
A88   82 99  6 99  5  2  4  3  1 99
A88   83  6  8  5  4  3  7  2  1  9
A88   84  6 99  3 99  2  4  5  1 99
A88   85 99 99  4  5  2  6  3  1 99
A88   86 99 99 99  6  2  4  3  1  5
A88   87  6 99 99 99  1  4  3  2  5
A88   88  4 99  1  5  2 99  3 99  6
A88   89 99 99  5  6  1  2  4  3 99
A88   90  9  8  1  2  3  4  6  5  7
A88   91  4  9  8  5  2  3  7  1  6
A88   92 99 99  4 99  1  5  2  3  6
A88   93  7  9  3  8  2  4  5  1  6
A88   94  9  6  4  8  2  1  5  7  3
A88   95 99 99  1 99  3  4  2  6  5
A88   96 99 99  4 99  1  6  2  3  5
A88   97  1  9  5  8  3  7  4  2  6
A88   98  4  5  8  9  3  6  2  1  7
A88   99  6  4 99  3 99  5  2  1 99
A88  100 99 99  1 99 99 99  2 99 99
A88  101 99 99  5  6  3  1  4  2 99
A88  102  8  9  7  6  2  5  3  1  4
A88  103  1 99  5  6 99  2  3  4 99
A88  104  6  1 99  5  3 99  4  2 99
A88  105  3  1  2  8  6  5  7  4  9
A88  106  6 99  1 99  3  2  4  5 99
A88  107  6 99  1  5  4 99  3  2 99
A88  108 99 99  1 99  2 99 99 99 99
A88  109 99  6  1 99  3  5  4  2 99
A88  110  4 99  1  5  2 99  3 99 99
A88  111 99 99  5  1  2  6  3  4 99
A88  112 99  6  3  1 99  5  2  4 99
A88  113  6 99  2  5  1 99  3  4 99
A88  114 99 99  5  4  1  3  6  2 99
A88  115 99 99  4 99  1  3  2  5  6
A88  116  6 99  5 99  1  4  3  2 99
A88  117  8  9  2  7  1  4  3  5  6
A88  118  6 99  3 99  1  4  5  2 99
A88  119  6 99  5 99  1  4  3  2 99
A88  120  7  8  4  9  1  5  3  2  6
A88  121 99 99  4  5  1 99  2  3  6
A88  122  6 99  3 99  1  4  5  2 99
A88  123  5 99  4 99  1  3  6  2 99
A88  124  6  9  2  7  1  5  4  3  8
A88  125 99  4  6  3  1 99  2  5 99
A88  126  6  4  8  9  1  7  2  5  3
A88  127 99  6  4  5  1 99  3  2 99
A88  128 99 99  5  6  1  3  2  4 99
A88  129  3  2  6 99  1  4 99  5 99
A88  130  5 99 99 99  1  3 99  2  4
A88  131 99 99  6  5  1  4  2  3 99
A88  132  5 99  2 99  1  3  4 99  6
A88  133  5  9  7  8  1  4  3  2  6
A88  134  6 99 99  5  3  1  4  2 99
A88  135 99 99 99  5  3  1  4  2  6
