A89  256 UNION  VOTERS ELECT  3  FROM  5  BY MVP
A89    1  4  3  2  1  5
A89    2 99 99 99 99  1
A89    3 99  1 99 99 99
A89    4 99  2 99  1  3
A89    5 99  3  2  1 99
A89    6 99  1 99  2  3
A89    7  5  3  4  2  1
A89    8  2  3  4 99  1
A89    9  4  1  5  2  3
A89   10  1  2 99  3 99
A89   11 99  1 99  2 99
A89   12  3 99  2 99  1
A89   13 99 99 99 99  1
A89   14  5  4  3  1  2
A89   15  3  5  4  2  1
A89   16  2  4  5  3  1
A89   17  2  4  5  3  1
A89   18  2  5  4  3  1
A89   19  2  4  5  3  1
A89   20  2 99 99  3  1
A89   21  3 99 99  1  2
A89   22  2 99 99  3  1
A89   23  1  3  5  4  2
A89   24  2 99 99  3  1
A89   25  4  2 99  3  1
A89   26 99 99  2  1 99
A89   27  3  5  4  2  1
A89   28  3  5  4  2  1
A89   29  4  5  1  2  3
A89   30  4  1  5  2  3
A89   31  3  1 99 99  2
A89   32  3 99 99  1  2
A89   33  3 99  1  2 99
A89   34  2  5  1  4  3
A89   35  3  1  4  2  5
A89   36  3  5  4  2  1
A89   37 99 99 99 99  1
A89   38 99 99  3  2  1
A89   39  5  3  4  2  1
A89   40 99  2 99  1  3
A89   41  3 99 99  2  1
A89   42  5  3  4  2  1
A89   43 99  2 99  3  1
A89   44 99 99  1  2  3
A89   45  3  2 99  1 99
A89   46  3  2 99 99  1
A89   47  4  3  2  1  5
A89   48  3  4  1  2  5
A89   49  1 99 99  2  3
A89   50  2 99 99  3  1
A89   51  2  1  3 99 99
A89   52  3  1  4  5  2
A89   53 99  3 99  2  1
A89   54  4  1  2  3  5
A89   55  2 99 99  3  1
A89   56 99 99 99  1  2
A89   57  1  5  3  4  2
A89   58 99  3 99  2  1
A89   59  3  1  5  4  2
A89   60  1 99 99  2  3
A89   61  3 99  1 99  2
A89   62  5  3  4  1  2
A89   63  3  1 99 99  2
A89   64  3  2  1  4  5
A89   65  4  3  5  2  1
A89   66  2 99 99  3  1
A89   67  2 99 99 99  1
A89   68  3  4  1  2  5
A89   69  1 99 99  3  2
A89   70  1 99 99  2  3
A89   71  3  1  5  4  2
A89   72  2 99 99  3  1
A89   73  4  1  5  3  2
A89   74  2  4  5  3  1
A89   75  1 99 99  2  3
A89   76 99  2  1  3 99
A89   77  4  3  1  2  5
A89   78  2  3 99 99  1
A89   79 99 99 99  1 99
A89   80  2  5  4  3  1
A89   81  3  4  5  1  2
A89   82  1 99  2  3 99
A89   83  3  1  4  5  2
A89   84  3 99 99  2  1
A89   85  3 99  1  4  2
A89   86 99  3  1  2 99
A89   87 99  3 99  1  2
A89   88 99  2 99  1  3
A89   89  2 99 99  3  1
A89   90  3  4  5  2  1
A89   91  1  4  5  3  2
A89   92  3  2 99  1 99
A89   93  3  4  5  1  2
A89   94  1  4  5  2  3
A89   95  1 99  2  3 99
A89   96 99 99 99 99  1
A89   97  2  1 99  3 99
A89   98  1 99 99  3  2
A89   99 99 99  3  1  2
A89  100  2  3  4  1  5
A89  101  2 99 99  3  1
A89  102  2  4  5  3  1
A89  103  3 99  2  1 99
A89  104  1 99  1 99  1
A89  105  3 99 99  2  1
A89  106 99 99 99 99  1
A89  107  3  2 99  1 99
A89  108  3 99 99  2  1
A89  109  3  5  4  2  1
A89  110  1  3  5  4  2
A89  111  3  1  4  2  5
A89  112  3  5  1  2  4
A89  113  4  2  1  5  3
A89  114  3  5  4  2  1
A89  115  3  1  2 99 99
A89  116  1 99  2  3 99
A89  117 99 99 99  2  1
A89  118 99 99 99  1 99
A89  119  1  2  4  3  5
A89  120  1  2  3 99 99
A89  121  3 99 99  1  2
A89  122  2 99 99 99  1
A89  123  2  5  4  3  1
A89  124  3  5  1  2  4
A89  125 99  1 99  3  2
A89  126  1 99 99  2  3
A89  127  2  5  3  1  4
A89  128  1  2 99  3 99
A89  129 99 99 99 99  1
A89  130  1 99  2 99  3
A89  131  3  2 99  1 99
A89  132  2 99  1  3 99
A89  133 99 99 99 99  1
A89  134 99 99  2  1  3
A89  135  3  1 99  2 99
A89  136  3  4  5  2  1
A89  137  2 99 99  3  1
A89  138  5  4  2  1  3
A89  139 99  3 99  2  1
A89  140  2  3 99 99  1
A89  141  3  5  4  2  1
A89  142  2 99 99  1  3
A89  143 99  3 99  2  1
A89  144  4  5  3  2  1
A89  145 99  3  2  1 99
A89  146  5  3  4  2  1
A89  147 99 99  3  2  1
A89  148  5  4  2  1  3
A89  149  3  4  1  2  5
A89  150  2 99  1  3 99
A89  151  3  5  4  2  1
A89  152  1 99 99  2  3
A89  153 99 99 99 99  1
A89  154  2  4  5  3  1
A89  155  1  2 99 99  3
A89  156  3  1 99  2 99
A89  157  3 99 99  2  1
A89  158  2 99 99  3  1
A89  159  3  4  5  1  2
A89  160  2  4  1  3  5
A89  161  2 99 99  3  1
A89  162  3  5  4  1  2
A89  163  2  5  4  3  1
A89  164  2  5  4  3  1
A89  165 99 99  3  1  2
A89  166  3  1  5  2  4
A89  167  5  2  4  1  3
A89  168  5  2  1  3  4
A89  169  2 99 99  3  1
A89  170  3 99 99  2  1
A89  171  2 99 99  3  1
A89  172  3  1  2  4  5
A89  173  3  4  5  2  1
A89  174  4  1  2  3  5
A89  175 99  3 99  1  2
A89  176  3 99  2 99  1
A89  177  1  2  3 99 99
A89  178 99  3 99  2  1
A89  179  3  4  2  5  1
A89  180 99  1  2  3 99
A89  181  1  5  4  2  3
A89  182  5  4  2  1  3
A89  183  5  4  2  1  3
A89  184  2 99 99  3  1
A89  185  1  5  3  4  2
A89  186  2  3 99  1 99
A89  187 99 99 99  2  1
A89  188 99 99 99 99  1
A89  189  2  4  5  3  1
A89  190 99 99 99  2  1
A89  191  4  5  3  2  1
A89  192  2 99 99  1  3
A89  193  5  3  1  2  4
A89  194  1  2  5  3  4
A89  195  3 99 99  2  1
A89  196  2  4  5  1  3
A89  197  1 99 99 99  2
A89  198 99  2  1  3 99
A89  199  2 99 99  3  1
A89  200  2 99  3 99  1
A89  201  5  4  3  2  1
A89  202  2 99 99  3  1
A89  203  3  4  5  2  1
A89  204  1  3  4  5  2
A89  205  2  4  5  3  1
A89  206  2 99  3  1 99
A89  207  2  3 99 99  1
A89  208  3  4  2  5  1
A89  209  4  1  2  3  5
A89  210  1 99 99  3  2
A89  211  2  3  5  4  1
A89  212 99  3  2  1 99
A89  213  3  4  5  2  1
A89  214  2  3  5  4  1
A89  215 99 99  1 99 99
A89  216  2  3 99 99  1
A89  217  1  3  2  4  5
A89  218  4  3  5  2  1
A89  219  3  4  5  2  1
A89  220  3  1 99  2 99
A89  221  1  5  3  2  4
A89  222  3  1  4  2  5
A89  223  1 99  3 99  2
A89  224  1  2 99 99 99
A89  225 99  3 99  2  1
A89  226 99 99  3  2  1
A89  227 99  3 99  2  1
A89  228  3 99 99  1  2
A89  229  2  1  4  5  3
A89  230  3 99 99  2  1
A89  231  2  3  5  4  1
A89  232  3  1 99  2 99
A89  233  3 99 99  2  1
A89  234  3 99 99  2  1
A89  235  4  3  5  2  1
A89  236 99 99 99  1  2
A89  237  1 99 99  3  2
A89  238  2  3  4  1  5
A89  239  3 99 99  1  2
A89  240  2 99  3  1 99
A89  241  3  2  1 99 99
A89  242 99 99  1  2  3
A89  243 99 99  3  2  1
A89  244  4  2  5  3  1
A89  245  2 99  3  1 99
A89  246  1 99 99 99 99
A89  247 99 99 99  1 99
A89  248  3  2  4  1  5
A89  249  3  1  4  2  5
A89  250  1 99 99  2  3
A89  251  2 99 99  3  1
A89  252  5  1  2  3  4
A89  253  3  5  4  2  1
A89  254  2 99 99  3  1
A89  255  5  4  3  2  1
A89  256  5  2  3  1  4
