A90  366 NON-PR VOTERS ELECT 12  FROM 20  BY STV
A90    1  6 99 99 99  7  2  1 99 99 99 99 99  3 99 99  4 99  5  8  9
A90    2  7  8 99 99  3  5  4 99 99 99 99 99  1 99 99  2 99  6  9 10
A90    3  8  7 99 99  4  3  9 99 99 99 99 99  2 99 99  1 99 10  5  6
A90    4  5  6 99 99 99 99 99 99  4 99 99  3 99 99 99 99  2 99  1 99
A90    5  4 99 10  9 99 11 99  8  6  5  3  7 99 99 12 99 99 99  1  2
A90    6 10  8 11 13 14 99 99  4  3 12  2  5 99  6 15 99  9 99  1  7
A90    7  4  3 99 14 99  2  5  9 99 99 13 15  7 99  6 11 10  8  1 12
A90    8  2  6 99 99 99 99 99  8 99  7 99 99 10  9 99  5  4 99  1  3
A90    9 99  6 99  5  2 99 99 99 99  3 99 99 99 99 99 99 99 99  1  4
A90   10  2 99 99 99  4  3  8 99 99 99 99 99  6 99 99  5 99  7  1 99
A90   11  2 14 17  4 16 12 11  3  5  6 13 12  7 15 10  8 18  9  1 13
A90   12 13  8 99  7  2 99 99 99  9  3  4  5 99 15 12  6 11 14  1 10
A90   13  3  4 99 99 99 99 99 99 99 99 99 99 99 99 99 99 99 99  1  2
A90   14  2 99  9 10 11 99 13 99  3 99  8  4 99 99  5 99  6 12  1  7
A90   15  5  9 16  4 15 18 17 10  2 13  3  6 19  8 11 12  7 20  1 14
A90   16 99 99  5 99 99 99 99  2 99  7  6 99 99  3  4 99 99 99  1 99
A90   17  2  3  4 99  7  8 99 11 15 14 13 12 99  5  6 16  9 17  1 10
A90   18  6  5 99  4 99 99 99 99  1 99 99  3 99 99 99 99 99 99  2 99
A90   19  1  9  5 10 99  7 12  6  8 99 99  3 11 99 99  4 99 99  2 99
A90   20  1 99 99 99 99 99 99 99 99 99 99 99 99 99  3 99 99 99  2 99
A90   21  1  9 15 16  7  6 12 17 14 99 13  3  4 99  8  4 10  5  2 11
A90   22  1  4 12  9 19 15 16 18  8 11  5  7 17 10  6 14  3 13  2 20
A90   23  2 99  6  7 11 99 99 99  4 12  8  9 99 99 99 99  1 10  3  5
A90   24 99 99 99 99  4 99  5 99 99 99  6 99  7 99 99  1 99  3  2 99
A90   25 10 12  8  9 99 99 11  1 99  5  6 99 99  4 99 99  3 99  2  7
A90   26  1 99 99 99 99 99 99  3  5 10 99  2 99  9  8 99  6 99  4  8
A90   27 99 99 99 99 99 99  1 99  5  7 99  2 99 99 99  3 99 99  4  6
A90   28  8 99 99 99  2 99  1 99 99 99  7  4 99  6  5 99 99 99  5  3
A90   29  6  7 13 14 15 17 18 19 20  8  9 12 11 10  1 16  4  2  3  5
A90   30  6  5 99 99 99 99 99 99 99 99 99 99 99  4  1 99  7 99  3  2
A90   31 99 99 99 99 99 99 99 99 99 99 99 99 99 99  1 99 99  2  3  4
A90   32  3 99 99  2 99 99 99  4  5  7 99 99 99 99  1 99 99 99  6 99
A90   33  1  5 99 99 99 99 99 99  3 99 99 99 99 99  2 99 99 99  4 99
A90   34  2 99 99 99 99 99 99  6  1  7 99 99 99  5  3 99 99 99  4 99
A90   35  2  3 99 99 99 99 99 99 99 99 99 99 99 99  1 99  6 99  4  5
A90   36  2 11 99 99  6  7  8 99 99 99 12 99  3 99  5  1 99 10  4  9
A90   37  7 99 99 99  2  6  5  8 99 99 99 99  1 99 99 10 99  4  3  9
A90   38 99  7 99 99  4  5  6 99 99 99 99 99  3 99 99  2 99  1 99 99
A90   39  8 99 99  9  5  6  3 99 99 99 99 99  2 99 10  1 99  4 99  7
A90   40 99 99 99 99  6  2  5 99 99 99 99 99  1 99 99  4 99  3 99 99
A90   41 99 99 99 99  4  5 99 99 99 99 99 99  1 99 99  2 99  3 99 99
A90   42  1 99 99  3 99 99 99 99 99 99 99 99  2 99 99 99 99 99 99 99
A90   43  7 99 99 99  6  5  3 99 99 99 99 99  4 99 99  1 99  8 99  2
A90   44 99 99 99 99 99 99 99 99 99 99 99 99  1 99 99 99 99 99 99  2
A90   45 10  9 99  8  7 99 99  5  6 99 99  3  1 99  2 99 99 99 99  4
A90   46 99 99 99 99 99 99 99 99 99 99 99 99  1 99 99  2 99 99 99  3
A90   47 99 99 99 99 99 99 99  1 99 99 99 99  3 99 99 99 99  2 99 99
A90   48 99 99 99  3  5  1 99 99  2 99 99  4 99 99 99 99  6 99  7 99
A90   49 99 99 99 99 99  1 99 99 99 99 99 99 99 99 99 99 99 99 99 99
A90   50 99 99  3 99 99  1 99 99 99 99 99 99 99  2 99 99 99 99 99  4
A90   51 99 99 99 99 99  1 99 99 99 99 99 99 99 99 99 99 99 99 99 99
A90   52  2 99 99 99 99  1 99 99 99 99 99 99 99 99 99  3 99 99 99 99
A90   53  2  6  9  8 99  1 99 10 99  3 99 11 99 99  7 99  4 99  5 99
A90   54  2 11 99 99 99  1  7 99 99  6  3 99  4 99 99  8 99  9 10  5
A90   55 99 99 99 99 99  1  2 99 99 99 99 99  3 99 99  4 99 99  5  6
A90   56  2  8 12 10 20  1  3 13 16 18  4  6  9  7  5 15 17 11 14 19
A90   57  7  8 99 99  9  1  2 99 99 99 99 99  3 99 99  4 99  5 99  6
A90   58  5 99 99  3 99  1 99 99  2 99 99  4 99 99 99 99 99 99 99 99
A90   59 99  2 99 99 99  1 99 99 99 99 99 99 99 99 99 99 99 99 99 99
A90   60 99 99 99 99 99  1 99 99 99 99  4 99  3 99 99 99 99 99 99  2
A90   61 99 99 99 99 99  1 99 99 99 99 99 99 99 99 99 99 99 99 99 99
A90   62  6 99 99  3 99  1 99 99  2  5 99  4 99 99 99 99  7 99 99 99
A90   63  7  2 99 99  6  1 99 99  5 99 99  8 99 99 99 99  3 99 99  4
A90   64  5  4 12 11 99  1 99 99 99  9  3  7  6 99 99  8 10 99 99  2
A90   65 99 99  2 99 99  1 99  3 99  4 99 99 99  5 99 99 99 99 99 99
A90   66  2 99 99  5 99  1 99 99 99 99 99  4  3 99 99 99 99 99 99 99
A90   67  4 11 15 12 16  1 13 17  2 18  3  5 14 19 10  6  9 20  7  8
A90   68  4  9 99 99  5  1  2 99 99 99 99 99  8 99 99  6 99  7 99  3
A90   69  2 99  9  5 99  3 99 10  1  6 11  4 99 99 99 12  8 99  7 99
A90   70  1 99 99  7 99  2 99  4 99 99 99 99  5 99  3 99 99 99 99  6
A90   71  1 99 99  4 99  3 99 99  2 99 99  6 99 99 99 99 99 99 99  5
A90   72 10  7 99 99  3  2  4 99 99 99 99 99  5 99 99  1 99  6  9  8
A90   73  6 99 99 99  4  3  7 99  5 99  9 99 99 99 10  8 99  1 99  2
A90   74  4 11 10 12  6  2 99 99 99  7  3 14  5  9 13  8 99  1 99 15
A90   75  5 99  4 99  8  2  3 99 99 99 99  9  7 99 10 11 99  1 99  6
A90   76  2 99 99 99 99  4  3 99 99 99 99 99  5 99 99 99 99  1 99 99
A90   77 99  7  8  2 99 99 99  6  4 99 99  3 99 99  1 99 99 99 99  5
A90   78  5  6 99 99 99 99 99 99  1 99 99 99 99 99  2 99 99  3 99  4
A90   79  7  8  1 99 99 99 99  2 99  3 99 99 99  4 99 99  9 99  5  6
A90   80 13  2  1 15 10 99 11 99 99  3 12  4 99  5  9  8 14  7  6 99
A90   81  4  5  1  8  6  9 10 11  2  7 12 13 14  6 15  7 16 17 18  3
A90   82 99  3  1 99 99 99 99 99 99 99 99 99 99  2 99 99 99 99 99 99
A90   83 99 99  1 99 99 99 99  3 99  7 99  4 99  2  6 99  5 99 99 99
A90   84  9  5  1  8  7 11 99 99  4 99 99  6 12 99 99  2 99 99 10  3
A90   85  6  7  1  4 99 99 99 99  5 99  3 99 99  2  8 99 99 99  9 10
A90   86 99 99  1 99 99 99 99  3  6  4  5 99 99  2  7 99 99 99  8 99
A90   87  3 99  1 99 99 99 99 99  2  6 99 99 99 99 99  4 99 99  5 99
A90   88  4  9  1  5 16  8 13 12  2 17 20  7 11 18  3 15 10 19 14  6
A90   89 99  6  1  8  9 99 14  2 10  3 11 13 99  4 99 15  5 12  7  8
A90   90 99 99  1  7 99 99 99  2  6  3 99 10 99  4  9 99  5 99  8 99
A90   91 99 99  1 99 99 99 99  3 99  4 99 99 99  2 99 99 99 99 99 99
A90   92 99 99  1 99 99 99 99  2 99 99 99 99 99  3 99 99  4 99 99 99
A90   93  4  2  1  3  5  6 99  7 99 99 99  8 99 99  9 10 99 13 12 11
A90   94 99 99  1 99  4 99 99  2 99 99 99  3 99 99 99 99 99 99  5  6
A90   95 99  2  1 99 99  3 99 99 99 99 99  5 99  4 99 99 99 99 99 99
A90   96  5 99  1 99  2  4 99  6  7  3 99 99 99 99 99 99 99 99 99 99
A90   97  8  3  1  4 18  5 19 13  6 14  7  2 17  9 15 10 16 20 12 11
A90   98  4  3  1  2 99 99 99  5  6  7  8  9 99 10 99 99 11 99 12 13
A90   99  2 99  1 99 99 99 99 99 99 99  3  6 99  5 99 99  4 99 99 99
A90  100 99  6  1  2 99 99 99  5  4 99 99 99 99 99 99  3 99 99 99 99
A90  101  4 99  1 99 99  5 99 99  2  6  7  8 99 10 99  9  3 11 12 99
A90  102  3 99  2 99 99 99 99  5  1 10  7  8 99  4  6 99  9 99 99 99
A90  103 99 99  2 99 99 99 99 99  1 99 99 99 99  3 99 99  4  5 99 99
A90  104 10 99  2 99 11 99 99  6  1  8 99  5  7  4  3 99  9 99 12 99
A90  105  1  7  2 99  8  3  4 99  6 99 99 99 99 99 99  5 99 99 99 99
A90  106  1 99  2 99 99 99 99 99 99 99  5 99  3 99  6 99  4 99 99 99
A90  107  1  3  2 10 19 18  7 15  6 12  9  8 99 13 17 16 11 14  5  4
A90  108  3  4  2  6  5  8  9 99 10 99 99  7 99 99 99  1 99 99 12 11
A90  109 99 99  2 99 99 99 99  1 99 99 99 99 99 99 99 99 99 99  3 99
A90  110 99  1  3  9 99 99  4 99  5 99 99  7 99 99 99  6 99  8 99  2
A90  111  2  1 99 99  4  5  8 99 99 99 99 99  3 99 99 99 99  6 99  7
A90  112  8  1  9  2 99 99 99 10  3 11  4  5 99 99 99 99 99  7 99  6
A90  113  3  1 99 99  4  7 99  2 99 99 99 99  6 99 99 99 99 99 99  5
A90  114 99  1  2 99  4 99 99  5 99 99 99 99 99 99  7 99 99 99  6  3
A90  115 99  1 99 99 99  7 99 99 99 99  4  5  6 99 99 99 99  3 99  2
A90  116  8  1  7  6 99  5 99 99  2 99 99 99 99 99  4 99 99 99 99  3
A90  117  5  1  6  3 99 99 99 99 99 99 99  4 99 99 99 99 99 99 99  2
A90  118  3  1 99 99 99 99  2  7  6 99  8 99  5 99 99 99 99  9 10  4
A90  119 13  1 19  2  5 12 15 11  7  3 20  6 16 10  4 18 17  9  8 14
A90  120 99  1 99 99 99 99 99 99 99 99 99  3 99 99 99  4 99 99 99  2
A90  121  3  1 99 14 10  4  5 99  9 99 13 11  6 99 99  7 99  8 12  2
A90  122  3  1 13 14  9 15 16  7 17 18  8 10 11  6 19 20  5 12  2  4
A90  123 99  1  6 99 99 99 99 99  5 99 99  4  8 99  3 99  7 99 99  2
A90  124  2  1 99 10 99  9 99 99  3 99  4  5  7 99 99 99  8 99  6 99
A90  125  3  1 99 99 99 99  4 99  5 99 99  7 99 99 99  8 99  6 99  2
A90  126 99  1 99  3  6  4 99 99  5 99 99  7  8 99 99  9 99 99 99  2
A90  127 99  2 99 99  9 99 99 99  1 99  8 11  4  3 99 10  5 99  7  6
A90  128 99  2 99 99 99  3 99  4  1  6  5 99 99 99 99 99 99  8  7  9
A90  129  3  2  4 99 99 99 99 99  1 99 99 99 99  5 99 99  6 99 99  7
A90  130 11  2  4  7 15 14 16 17  1 18  3  6 20 10  5 19  9 13  8 12
A90  131  6  2 99  5 99 99  7 99  1  8  9  3 99 99 99 99 99 99 99  4
A90  132  2  3 99 99 99 99  4 99  1 99 99 99 99 99 99 99 99 99 99  5
A90  133  1  2 99 99 99 99 99 99 99 99 99  4  5 99 99 99 99 99 99  3
A90  134  1  2  3  4 99 99  5 99 99 99 99 99 99 99 99 99 99 99  6  7
A90  135  1  2 99 99 99 99 99 99  3 99  4  5 99 99  6 99 99  9  8  7
A90  136  1  2 99 99 99 99 99 99 99 99 99 99 99 99 99 99  5 99  3  4
A90  137  1  2  6 99  5  7 99 99  8  9 99 10 13 12 99 14  3 99 11  4
A90  138  1  2  3 99  7  9  8 99 99 99 12 99 10 99 11 99  4 99  6  5
A90  139  1  2 99 99 99 99 99 99 99 99 99 99 99 99 99 99 99 99 99  3
A90  140  1  2 99 99  3 99 99 99  4 99 99 99 99 99 99 99  6 99  5 99
A90  141  2  4 99 99 99 99 99 99  1 99 99  3 99 99 99 99 99  6 99  5
A90  142  6  7 99 99  9  8  1 99 99 99 10  5 11 99 99  2 99  3 99  4
A90  143 99 99 99 99 99 99  1 99 99 99 99 99 99 99 99 99 99 99 99 99
A90  144 99 99 99 99 99 99  1 99 99 99 99 99 99 99 99 99 99 99 99 99
A90  145 99 99 99 99 99 99  1 99 99 99 99  2 99 99 99 99 99 99 99 99
A90  146 99 99 99 99 99 99  1 99 99 99 99 99 99 99 99  3 99  2 99 99
A90  147  2 99 99 99  1 99 99  3  4 99 99  5 99 99 99 99 99 99 99  6
A90  148  6  5 99 99  1  4 99 99 99 99  7 99 99 99 99  2 99  3 99 99
A90  149  2 99 99 99  1 99 99 99 99 99  3 99 99 99 99 99 99 99  5  4
A90  150 10 11 99 99  1  4  6 99 99 99  8 99  2 99 99  3 99  5  9  7
A90  151 99  7 99  9  1 10 13 99  2  3 99  6 11  4 12 99  5 99 99  8
A90  152  2 99 99 99  1  3 99 99 99 99 99 99 99 99 99 99 99 99 99 99
A90  153 99 99 99 99  1  2  3 99 99 99 99 99  4 99 99  5 99  6 99 99
A90  154 99 99 99 99  1 99 99 99  4  5 99 99 99  6 99  2 99 99  3  7
A90  155 99 99 99 99  1  3  5  2 99 99 99 99  4 99 99 99 99  6 99 99
A90  156  5  8 99 99  1 99  6 99  7 99 99  2 99 99 99  9  3 99 99  4
A90  157 99 99 99 99  1  6  7 99 99 99 99 99  5 99 99  3 99  4 99  2
A90  158  5  6 99 99  1 10  9 99 99 99 11  4  3 99 99  2 99  1  7  8
A90  159  2 99 99  4  1 99 99  3 99  8 99 99 99 99 99 99  6 99 99  7
A90  160 99 99 99 99  1  8 11  9  5 99 99  2 99  7  4 99 99 10  3  6
A90  161 99 99 99 99  1  2  6 99 99 99 99 99  4 99 99  3 99  5 99 99
A90  162 99 99 99  5  1 99 99 99  2  3 99  4 99 99  6 99 99  8  7 99
A90  163  3 10  7 99  1 99 99 99  2 99 11 99  6  8  4  9  5 99 12 99
A90  164 99 99 99  5  1 99 99  6 99 99 99 99 99  3  2 99 99  4  7 99
A90  165  4 99 99  7  1 99  6 99  2  5 99 99  9 99 99  3  8 11 10 12
A90  166 99 99 99 99  1 99 99 99  3 99 99  2 99 99  6 99  4 99 99  5
A90  167  4  5 99 99  1  2  8 99 99 99 99 99  3 99 99  7 99  6 99 99
A90  168  4  3  6  7  1 99 99 99  5 11 99  9 99 99 99 99 10 99  8  2
A90  169  6  7 99 99  2 99  8 99  1  4  3  5 99 99 99 99  6 99 99 99
A90  170  5  6 99  8  2  7 99 99  1 99 99 99 99  3 99 99 99 99 99  4
A90  171  9 10 11  7  2 18 12  5  1  3 17 13 20 14 16 19  4 15  8  6
A90  172  1 18 17 12  2  8  7 19 13  6 14  9  5 16  3 20  4 15 11 10
A90  173  1 99 99 99  2 99  3 99 99 99 99 99 99 99 99 99 99 99 99 99
A90  174  1 99 99 99  2  3 99 99 99 99 99 99 99 99 99  4  5 99 99 99
A90  175  1 99 99 99  4 99  5 99  2 99 99  3 99 99 99 99 99  7  6 99
A90  176  1 99 99  8  2 99  3  6 99  7 99 99  4 99 99  5 99 99  9 99
A90  177  1 99 99 99  2 99 99  8  9 99  3  4 99 99  7  6 99  5 99 99
A90  178  1 10 99 99  2  7  6 99 99 99 99  9  8 99 99  5 99  4 99  3
A90  179  1 99 99 99  4 99  5 99 99 99 99 99 99 99 99  6 99  2 99  3
A90  180 99  3 99 99  2 99 99 99 99  6  4 99 99 99  5 99 99  1 99 99
A90  181  7 99 99  1 99 99 99 99  4 99 11  8 99  6  5  9 99  3 10  2
A90  182  3 99 99  1 99 99 99 99  6 99  5  7 99 99 99 99  2 99 99  4
A90  183  4 99 99  1 99 99 99 99  3 99  5  2 99 99 99 99 99 99  6 99
A90  184 10  4 99  1 99 99  5 99  2 99  6  7 99 99 99 99  8 99  9  3
A90  185 99 99 99  1 99 99 99 99  2 99  4 99 99 99 99 99  3 99 99 99
A90  186 99 99 99  1  2 99  3 99  8 99  7  4 99 99 99 99 99  6  5 99
A90  187 11  7 99  1  2 99 99 99  3  4  6  5 99  9 99 12  8 99 99 10
A90  188  5  4  8  1  9 10 11  6  3  7  2 13 18 17 12 19 14 20 16 15
A90  189  9  8  7  1 99 99 99 10  2 99  3  4 99 11  5 99  6 99 99 99
A90  190 17 16 12  1  2  6 15  3  4 14  5 18 13  7  8  9 19 20 10 11
A90  191  8  7 99  1  6  9 11 99 10 99  4  2 12 99  3 99 13 14 15  5
A90  192  6  5 99  1 99 99 99 99  2 99  7  3 99 99 99 99 99 99  4 99
A90  193 99  4 99  1  6 99 99 99  3 99 99  2 99 99  8 99  5 99  7 99
A90  194  3  5  8  1  9  7  6  2 99 99 99  4 10 99 11 99 12 99 13 14
A90  195 99 99  3  1 99 99 99 99  2  9 99  4  5 99 99 99  6  7  8 99
A90  196 99 99 99  1 99 99 99 99  3 99  4  2 99 99 99 99  5 99 99 99
A90  197 99 99 99  1  2 99 99  3 99 99 99 99 99 99 99 99 99 99 99 99
A90  198  5  6 99  1 99 99 99  7  3 99  4  2 99 99 99 99  8 99  9 10
A90  199  7 99  8  2 99 99  9 11  3 99 10  4 99 99 99 99  1 99  5  6
A90  200 99  6 99  2 99 99 99  7  1 99  5  4 99 99  9 99  8 10 99  3
A90  201 99  3 99  2 99 99 99 99  1 99 99 99 99 99  4 99  5  7  6 99
A90  202  6  7 99  2 99 99 99 99  1  9 10  3  5 99 99 99  8 99  4 99
A90  203 99  3 99  2 99 99  7 99  1 99  5  6 99 99 99 99 99 99 99  4
A90  204  4  5  6  2 99 99 99 99  1 99 99 99 99 99 99 99 99 99  3 99
A90  205 99 99 99  2 99 99 99 99  1 99  5  3 99 99 99 99  4 99 99 99
A90  206  5  3 99  2 99 99 99 99  1 99  4  6 99 99 99 99 99 99  8  7
A90  207 99 10 12  2  6  7  5 99  1 99  9  4  3 99 12 10 11 99 99  8
A90  208  3 99 99  4 99  5 99 99  1 99  6  2 99 99 99 99 99 99 99 99
A90  209 99 99 99  3 99 99 99 99  1 99  4  2 99 99 99 99 99 99 99 99
A90  210 99 99 99  3 99 99 99 99  1 99 99  2 99 99 99 99  4 99 99 99
A90  211  4  5 99  3  6 99 99 99  1 99 99  2 99 99  7 99 99 99 99 99
A90  212 99 99 99  3 99 99 99 99  1 99  5  2 99 99 99 99  4 99 99 99
A90  213  7  8 99  3 99 99 99 99  1 99  4  2 99 99 99 99  9 99  5  6
A90  214  6 16 99  2 11  9  7 14  4  8 11 15 10 99 12  5  9  1 13  3
A90  215  3  6  5  4 17 12  7  1 19 20 11  2 10 15  9 18  8 14 16 13
A90  216  8  5 99  2 99 99 99  1  6  7 10  9 99 99 99 99 99 99  3  4
A90  217  1 99 99 99 99 99 99  4 99 99 99 99 99 99 99  2 99  3 99 99
A90  218  3 12 99 11 99  5 10 99 14 99 13  9  4 99  8  2 15  7  6  1
A90  219 99 99 99 99 99 99 99 99 99 99 99  3 99 99 99  2 99 99 99  1
A90  220  2  4  3 20  5 17 13 14 18 12 19 15  9 21 10  6  8 11 16  1
A90  221  9 12 13 18  8  7 10  2  3 11 14 19  5 17 20 16  6 15  4  1
A90  222  5  2  6  3 99 99 99 99 99 99 99  4 99 99 99 99 99 99 99  1
A90  223  3  2  7  4  8  9 99 99 99 99 99 10  6  5 99 99 99 99 99  1
A90  224 99 99 99 99 99 99 99 99  2 99  5  6 99 99 99 99  3 99  4  1
A90  225  3  5 99  6 99  7  8 99  2 10 99  9 99 99 99  4 99 99 99  1
A90  226  8  3  9 99  5 12 99 99 99 10 99  4  2 11 99 99  7 99  6  1
A90  227  8  2 99 99  7  5 99 99 99 99 99  4  6 99 99  3 99 99 99  1
A90  228  9 99 99 99  3 99 99  8  5  4 99  6 99 99  2 99 99 99  7  1
A90  229  8  3  6 99 99 99 99 99  2 99  5  4 99 99 99 99 99 99  7  1
A90  230 99  7 99  6  9 99 99 99 99  8 99  2 99  4 99 99  5 99  3  1
A90  231  2 99 99 99  6 99  5 99 99 99 99 99  3 99  4 99 99  7 99  1
A90  232  5 99  8 99 99 10 99  9  6 99 11  7  4 99  3 99 99  2 99  1
A90  233 99  2 99 99 99 99 99 99 99 99 99  3 99 99 99  4 99 99 99  1
A90  234  3  2 99 99  5  4 99 99 99  6  7 99  8 99 99 99 99  9 99  1
A90  235  5 99 99  3 99  2  4  6 99 10 99  7  8 99  9 99 99 99 99  1
A90  236  3  5  4 99 99 99 99 99 99 99 99  2  6 99 99 99 99 99  7  1
A90  237  2  3  9  5 10 11 17 14 13 12  6  4 19 16  7 18  4 15  8  1
A90  238  5  2  6  8 99 99 99 99  7 99  3  4 99 99 99 99 99 99 99  1
A90  239  2  6  9  4 10 99 99 11  1 99  5  7 99 99 99 12 13 99  8  3
A90  240  3  5 99 99 99 10  9 99  1 99  8  4 11 99 99  6 99  7 99  2
A90  241  2  6  4 10 99 99 99 13  1 14  7  5 99  9  8 99 12 99 11  3
A90  242  1 99 99 99 99  6 99 99 99 99 99 99  5 99 99 99  4 99  3  2
A90  243  1  5 99 99 99  8  7  6 12 99  4  9 11 99 99 99 10  3 99  2
A90  244  1 11  4  5 10 99 99 99  7 99 12  3 99 99  8 99  6 99  9  2
A90  245  1  3 20  4 10 12 13 15 18  5  6  7  8 11 14 16 17 19  9  2
A90  246  1  5 17 15 16 11  9 20  8 19 10  3 12 18 13  7  6 14  4  2
A90  247  1  6 11  5 10 12  9 14 13 99  7  2 15 99 99 99  8 99  4  3
A90  248  1 11 99 99 10 99  4  3  8 99 99  6  9 99 99  7 99  5 99  2
A90  249  1  5  4 99 99 11 99 99  3 99  6  9 99 99 99 12  8 10  7  2
A90  250  1  7  6 99 99  8 99 10  9 99 99 11 99 99 99  4 99  5  3  2
A90  251  4 99  5  3 99 99  6 99  9 99 99  7 99 99 99 99  1 99  8  2
A90  252  9  4  5 99 99  8 99 99 99  6 99  2 99 99 99 99  1 99  7  3
A90  253  2 99 99 99 99 99 99 99  3 99 99 99 99 99 99  1 99 99 99 99
A90  254 99 99 99 99 99 99 99 99  1 99 99 99 99 99 99 99 99 99 99 99
A90  255  3 99 99  7  8 99 99 99 99  5 99  1 99  9  6 99  4 99 99  2
A90  256  7  8 99  3 99 99 99  6  2  5  4  1 99 99 99 99 99 99 99 99
A90  257  5 99 99 99 99 99  7 99  4 99 99  1  2 99 99  3 99 99 99  6
A90  258 11  3 13  9 16 12 99 99 15  5 99  1  7  2 10 14  8 99  6  4
A90  259  2 99 99  3  4 99 99  6  5 99 99  1 99 99 99 99 99 99 99 99
A90  260  2 99  6  9 99 99 99 99  5 10 99  1 99  8 99 99  3 99  7  4
A90  261  3 99 99 99 99 99 99 99 99 99 99  1 99 99  2 99  4 99  5  6
A90  262  2  8 99 99  7  6 99  5 99 99 99  1 99  4 99 99  9 99 99  3
A90  263 11  3 13  9 16 12 17 99 15  5 99  1  7  2 10 14  8 99  6  4
A90  264 99 99 99  6 99 99 99  4  5 99 99  1 99  7 99 99 99 99  2  3
A90  265 99 99 99 99  2 99  5 99 99 99 99  1 99 99  4 99 99 99  3 99
A90  266 10 99 99 99  9 99 99  2  8 11  3  1 99  4  5 99  6 99 99  7
A90  267 99 99 99 99 99 99 99 99  4  3 99  1 99  2 99 99  6 99 99  5
A90  268 99 99  2 99 99 99 99  3  6  4  7  1 99  5  8 99  9 99 99 99
A90  269  4 99 99 99 99 99  7  8  6  2 99  1 99  5 99 99 10 99  9  3
A90  270  3 11 99 99 99 99 10  9  2 99  4  1 99  6 99 99  7 99  8  5
A90  271  2 99 99 99 99 99 99 99 99 99 99  1 99 99 99 99 99 99 99 99
A90  272 99 99 99  6  4 99 10 99 11  5  7  1  2 99  9  3 12  8 99 99
A90  273 99  8 99  7 99  9 99 99 10  3 99  1 12  2 11 99  4 99  6  5
A90  274  5 99 99  4 99 99 99 99  2 99  3  1 99 99 99 99  6 99 99 99
A90  275  2 12  7 11 13  3 20 10  4 14 15  1  8 19 18 17  6  9 16  5
A90  276 99 99  2 99 99 99 99  3 99  4 99  1 99  6 99 99  5 99 99 99
A90  277 99 99 99 99 99 99 99 99 99 99 99  1 99 99 99 99 99 99 99 99
A90  278  3 99 99 99 99  2 99 99  4 99 99  1 99 99  6 99 99 99  5 99
A90  279 99 99 99 99 99 99 99 99  3 99 99  1 99 99  2 99 99 99 99 99
A90  280  3 99 99 99 99 99 99  4  2 99 99  1 99 99 99 99 99 99 99 99
A90  281  8 10 99 99  3  4  5 99 99 99 11 99  1 99 12  2 99  6  7  9
A90  282  2 99 99 99  3  5  8 99 99 99  9 99  1 99 99  6 99  7 99  4
A90  283  6 99 99  3 99 99 99 99  2 99  1  4 99 99 99 99  5 99  7  8
A90  284  2  3 19 20 13 14 15  4  5  6  1  7 18 17 16  9  8 12 10 11
A90  285  2 13 99 12 99 11 10  8  7 99  1  9 14 99  6  5  3 99 99  4
A90  286  5 99 99  7 99 99 99  3 99 99  1  2 99 99 99 99 99  6 99  4
A90  287  9 14 15 99  4 13  6 99  7 12  1  3 99 99  8 10 11 99  5  2
A90  288  4  6 99 99  7 99 99 12  2 99  1  8  5 99 13  3 14 10 11  9
A90  289 10  9 99 99  3 99  2 99 99 99  1 99  4 99 99  5 99  6  7  8
A90  290  7 13 14  5 15 16 17  8  6  9  1  4 10 12  2 11  3 99 99 99
A90  291 99 99 99 99  4  3  6 99 99  5  1 99  8 99 99  7 99  9  2 99
A90  292  3 99 99 99 99  4 11 10  5 99  1  2  7 99 99 99  6 99  8  9
A90  293 99 99 99 99 99 99 99 99  1 99  2  3 99 99 99 99 99 99 99 99
A90  294  6 99 99  4 99 99 99 99  1 99  2  3 10  9  5 99  8 99 99  7
A90  295 99  9 99  4  6 10 99  7  1 11  2  3 99  8 12 99 99 99 99  5
A90  296 99  8 99  4 99  3 99 99  1 99  2  7 99 99  9 99 99 99  6  5
A90  297  8  7 99  9 99 99 10 99  1 99  2  4 99 99 99 99 99  3  5  6
A90  298  1 99 99  6 99 99 99 99  2 99  3  5 99 10  4 99  9 99  8  7
A90  299  1  3 99 99 99  4 99 99 99 99  2 99 99 99 99 99 99 99  5 99
A90  300  1 99  8  9 99 10 99 99 99  4  2 11 99 12  3  6  7 99  5 99
A90  301  1 12 14 11 17 19 18  3  4  5  2 13 99  8  7 15  6 16  9 10
A90  302 99  5  7  6 99 99 99 99  1  8  3  2 99 99 99 99  4 99  9 10
A90  303 99 99 99  5 99 99 99  6  1  7  3  2 99 99  4 99 99 99  8 99
A90  304  7  6 10  4 99 99 99  9  1 12  3  2 99 11 99 99  8 99 99  5
A90  305 99 99 99 99 99 99 99 99  1 99  3  4 99 99 99 99  2 99 99 99
A90  306 99 99 99 99 99  6  4 99 99 99  2 99 99 99 99  1 99  3  5 99
A90  307  2 11 99 10 99 99 99  1 99 99  6  5  9 99 99  7  3  8 12  4
A90  308  9  8  7 12 17 13 16  1  3 14  4 10 19 15  6 11 18 20  5  2
A90  309  1  5 99 99 99  6  2 99  7 99  3  4  8 99 99 99 99 99 99  9
A90  310  2 10 11 13 12 15  8 20  1 19  7 16 18 14  3  4  9  6 17  5
A90  311  6  5  3  4  7 12  8  8  1 20  9 13 16 19  2 15 17 14 11 10
A90  312  4  3 99 99  2 99 99 99 99 99  5  6 99 99  1 99 99 99 99  7
A90  313  3 99  4  5 99 99  6 14 13 11 12  2 99 99  1  8  7 99 10  9
A90  314  9  3 14 11 19  5  4 20 13  6 12  8  1 16 17 18 10  7 15  2
A90  315  5 12 11  6  4 10 99 99 99  1  3  9 99 99 99  2  8 99 99  7
A90  316  9 99 99  2 99 99 99  8 99  1 10 99 99  6 99  7  3 99  4  5
A90  317 99 99  5 99 99 99 99  3 99  1 99 99 99  2 99 99 99 99  4 99
A90  318  2  3 99 99  4  5 99 99  6  1  8  7 99  9 99 10 11 13 12 14
A90  319  5  6  2 99 99 99 99  4 99  1 99 99 99  3 99 99  9 99  8  7
A90  320  6  5 99 99  2 99 99 99 99  1 99 99 99 99  4 99 99 99 99  3
A90  321  8  4  2  7 99 99 99 99  3  1 99 99 99 99 99 99  5 99 99  6
A90  322  5 99 12  6  7 11 99  2 99  1 99 10  9  8 99 99  3 99 99  4
A90  323 99 99  4 99 99 99 99  5 99  1 99 99 99  3 99 99  6 99  2 99
A90  324 99 99 99 99 99 99 99 99  5  1 99 99 99 99  2 99  3  6  4 99
A90  325  8  7 99  6 99 99 99  9 99  1 10 99 99  3  4 99  5 99 99  2
A90  326 99  6  3  5  2 99 99 99  7  1  8 10 99 12 11 99 99 99  4  9
A90  327 99 99 99 99 99 99 99  2 99  1 99 99 99  3 99 99 99 99 99 99
A90  328 99 99 10  9 99 99 99  7  4  1  5  8 99  2 99 99  3 99  6 99
A90  329 14  8 10  9 11 99 13 99  1  2  6  7 99 99 99 99  3  4  5 12
A90  330  9 10 99 99 99 99 12 99  1  2 99 11 99  3  4 99  5  6  7  8
A90  331  3 99 99 99  4 99 99 99  1  2 99 99 99 99 99 99 99 99 99 99
A90  332 99 99 99  7  6 99 99  5  1  2  8  9 99 99 99  4 99 99  3 99
A90  333  5 99 99 99 99 99 99 99  1  2 99 99  3 99 99 99  4 99 99 99
A90  334  8 13  3 99 11 99  2 99  4  3 12 99  7 99 99 10  9  1  6  5
A90  335 99  6 99  2  3 99  1 99  5  4 99 99 99 99 99 99 99 99 99 99
A90  336  4 11 99 99 12  8 13 99 99  5 99 99  9  6  1 10  2  3 99  7
A90  337 99 99 99 99  3 99 99 99 99  4 99  2 99 99  1 99 99 99 99  5
A90  338  4  5 99 99 99 99 10  7  3  6 99 12 99 99  1 11 99  8  9  2
A90  339  2  9 12  4 16 18  6  5  1  3 17 10 13 20 14  8 15 19 11  7
A90  340 11 12 10  9  8 99 99 14  7 13  6  3 99  1  2 15 16 99  5  4
A90  341  5  6  9 99 99 99 99 99  7 99  8 99 99  1  2 99 10  4 99  3
A90  342 99  3 99  2 99 99 99 99  4 99  5  7 99  1 99 99  6 99 99 99
A90  343  4 99 99 99 99 99 99  3 99 99 99  5 99  1  2  6 99 99  7 99
A90  344 15  5  4 99 14  7 10  6 99 99 99  8  2  1 12 13  9 99  3 11
A90  345  8  9 99  7 12 99 99  2  3  5  6  4 99  1 99 99 10 99 99 11
A90  346  5 99  4 99 99 99 99 99  2  3  6 99 99  1  7 99 99 99  8  9
A90  347 99  5 99  8 99 99 99 99 99  4 99  2  3  1  9 99  6 99 99  7
A90  348 99  4 99 99 99 99 99 99 99  2 99 99 99  1 99 99 99 99  3 99
A90  349  8 14  4 11 15 19 18  3  7  2 12 10 17  1 13 99  5 16  6  9
A90  350  2  8  4 12 99 99 99  3 13  6  7  9 99  1 10 15 14 99 11  5
A90  351  5 99  4 99 99 99 99  3 99  2 99 99 99  1 99 99 99 99 99 99
A90  352 11  6  5 99 99  8 12 13 99  9 10  7 99  1 99  4 99 99  3  2
A90  353  5  8 99 99 99 99  9 99  2  7  9 99 99  1 10 99 11 12  4  3
A90  354 99  4 99 99 99 99 99  2 99 99 99  3 99  1 99 99 99 99 99 99
A90  355  4  7  9 99 99 99 99  5 99  8 99 99 99  2 99 99  1 99  3  6
A90  356  3  6 99 99 99 99 99  7  4  5 99 99 99  2 99 99  1 99 99 99
A90  357  6 99 99 10 11 99  9 99  1  4 99  2 99  3  7 99  8 99 99  5
A90  358 10  9  8 15 16 17 18 19  1  7 20  2  4  3 11 14  5  6 13 12
A90  359  1 99 99 99 99 99 99  2  8 99  4 99 99  3  6 99  5 99  7 99
A90  360  6  5  9 13 16 20 15  1 18  3  8  7 17  2  4 10 11 19 12 14
A90  361  6  8  7  3 99  9 99 99 12 99 11  2 99  4  1 10  5 99 99 99
A90  362 99  9 99  6 99 99 99 99  9  7 99 99  8  2  1 99  3 10  4  5
A90  363  2 99  4 99 99 99 99 99 99  6 99 99 99  3  1 99  5 99  7  8
A90  364  1  7 18  8 17 12 16  6 19  4  9 10 11  5  2 15  3 14 13  4
A90  365 99  3 14  9 99 15 11 10 99 12 99  4 13  5  1  7  6 99  8  2
A90  366  4 99 99 99 99  8 99  5 99  6 99  7  1  3 99 99  2 99 99 99
