A91  665 CORP   VOTERS ELECT  1  FROM 14  BY STV   1/5  SAMPLE
A91    1 99 99 99 99 99 99 99 99 99 99  3  1 99  2
A91    2  3 99 99 99 99 99 99 99 99 99  2  1 99 99
A91    3 99 99 99 99 99  4  2 99 99 99  6  1  5  3
A91    4 99 99 99 99 99  4 99 99 99 99 99  1  2  3
A91    5 99 99  3 99 99 99 99 99 99 99 99  1  2 99
A91    6  2 99  4 99  5 99 99 99 99 99 99  1 99  3
A91    7  6 14 10 12  8  9  5 13 11  7  2  1  4  3
A91    8 99 99  6 99 99  5  2 99 99 99  3  1 99  4
A91    9 99 99 99 99 99  2  4 99 99 99 99  1  3 99
A91   10 99  3 99  5  4 99 99 99  2 99  6  1 99 99
A91   11 99 99 99 99 99 99  2 99 99 99 99  1 99 99
A91   12 99 99 99 99 99  4  3 99 99 99  5  1 99  2
A91   13  2 99 99  6 99  4  3 99 99  5 99  1 99 99
A91   14  3 99 99 99 99  2  4 99 99 99 99  1 99 99
A91   15 99 99 99 99 99 99 99 99 99 99  3  1  2 99
A91   16 99 99 99 99 99  2 99 99 99 99 99  1 99 99
A91   17 99 99 99 99 99  2 99 99 99 99 99  1 99 99
A91   18 99 99 99 99 99 99 99 99 99 99 99  1 99 99
A91   19 99 99 99 99 99 99  2 99 99 99 99  1 99  3
A91   20 99 99 99 99 99  2 99 99 99 99 99  1 99 99
A91   21 99 99 99 99 99 99 99 99 99 99 99  1 99 99
A91   22 99 99 99 99 99 99  5 99 99 99  4  1  3  2
A91   23  3 99 99 99 99  2 99 99 99 99 99  1 99 99
A91   24 99 99 99 99 99  3 99  4 99 99  5  1  2  6
A91   25  2 99 99 99 99  3 99 99 99 99 99  1 99 99
A91   26 99 99 99 99 99  3  2 99 99  5 99  1 99  4
A91   27 99 99 99 99 99  3 99 99 99 99 99  1 99  2
A91   28 99 99 99 99 99 99  3 99 99  2 99  1 99 99
A91   29 99 99 99 99 99 99  2 99 99  3 99  1 99 99
A91   30  3 13 11  9 10  4  6 14  8 12  5  1  7  2
A91   31  2  6 99  3 99  4 99 99 99 99  5  1 99 99
A91   32 99 99  6 99  7  3  5  4 99 99  2  1 99 99
A91   33 99 99 99 99 99  3  5  4 99 99  2  1 99 99
A91   34 99 99 99 99 99 99  2 99 99 99  4  1  3 99
A91   35 99  2 99 99 99 99  3 99 99 99 99  1 99 99
A91   36 99 99 99 99 99  2  4 99 99 99  5  1 99  3
A91   37 99 99 99 99 99 99 99 99 99 99 99  1 99 99
A91   38  4 99 99 99 99  2  3 99 99 99 99  1  5 99
A91   39 99 99 99 99 99 99 99 99 99 99 99  1 99 99
A91   40 13  2  8  3 14  7  9 10  6  5 11  1  4 12
A91   41 13  2  8  7 14  3  9 10  6  5 11  1  4 12
A91   42 13  2  8  7 14  3  9 10  6  5 11  1  4 12
A91   43 99 99 99  2 99  3 99  4 99 99 99  1 99 99
A91   44  4 99 99  6  5 99 99  3 99 99  2  1 99 99
A91   45 99 99 99 99 99 99  2 99 99 99 99  1  3 99
A91   46 99 99 99 99 99 99  4 99 99 99 99  1  2  3
A91   47 99  4 99 99  3 99 99 99 99 99 99  1 99  2
A91   48 99 99 99 99 99  3  2 99 99 99 99  1 99  4
A91   49  2 99 99 99 99 99 99 99 99 99 99  1  3 99
A91   50  4 99 99 99 99 99 99 99 99 99  3  1 99  2
A91   51 99 99 99 99 99 99 99 99  3 99 99  1  2 99
A91   52 99 99 99 99 99 99  2 99 99 99  3  1 99 99
A91   53 99 99 99 99 99 99 99 99 99 99 99  1 99 99
A91   54 99 99 99 99 99 99  2  3 99 99 99  1 99 99
A91   55  3 99 99 99 99  2  4 99 99 99 99  1 99 99
A91   56 99 99 99 99 99 99 99 99 99 99 99  1 99  2
A91   57 99 99 99 99 99 99 99 99 99 99 99  1 99 99
A91   58 99 99 99 99 99 99 99 99 99 99  3  1  2 99
A91   59  2 99 99 99 99  3 99 99 99 99 99  1 99 99
A91   60 99 99 99 99 99 99  3 99 99 99 99  1  2  4
A91   61 99 99 99 99 99 99 99 99 99 99 99  1 99 99
A91   62 99 99 99 99 99 99 99 99 99 99 99  1  3  2
A91   63 99 99 99 99 99  5  4 99 99 99 99  1  3  2
A91   64 99 99  3 99  5 99  4 99  6 99  2  1 99 99
A91   65  8 10  9  7 13  6  5 12 11 14  3  1  2  4
A91   66 99 99 99 99 99 99  4 99 99 99 99  1  3  2
A91   67 99 99 99 99 99  3  4 99 99 99 99  1 99  2
A91   68  5 99  4 99 99 99  3 99 99 99 99  1 99  2
A91   69  6 99 99 99 99  5  4 99 99 99 99  1  2  3
A91   70  3 99 99 99 99  4  7  6 99 99  2  1 99  5
A91   71 99 99  3 99 99 99 99 99 99 99 99  1 99  2
A91   72 99 99 99 99 99  4  2 99 99 99  3  1  5 99
A91   73  2 99 99  5 99  4 99 99  3 99 99  1 99 99
A91   74 99  6 99  7 99 99  5 99 99  4 99  1  2  3
A91   75 99 99 99 99  3 99 99 99 99 99  2  1 99 99
A91   76 99 99  2  5  7  6  4 99 10  9 99  1  3  8
A91   77 99  2 99 99  3  4 99 99  6 99  5  1 99 99
A91   78 99 99  4 99 99 99 99 99 99 99  2  1  3 99
A91   79 99 99 99 99 99  2  3 99 99 99  4  1 99 99
A91   80 99 99 99 99 99  3 99 99 99 99 99  1 99  2
A91   81 99 99 99  2 99 99 99 99 99  3 99  1 99  4
A91   82 99 99 99 99 99 99  3 99 99 99  2  1 99 99
A91   83 99  3 99  2 99 99 99 99 99 99 99  1 99 99
A91   84 99 99 99 99 99 99  2 99 99 99 99  1 99 99
A91   85 99 99 99 99 99 99 99 99 99 99 99  1 99 99
A91   86 99 99 99 99 99 99 99 99 99 99 99  1  2 99
A91   87  2  6 14  7 11  5 13  8  4  9 12  1 10  3
A91   88 99 99 99 99 99 99 99 99 99 99 99  1 99 99
A91   89 99 99 99 99 99 99 99 99 99  3 99  1 99  2
A91   90 99 99 99 99 99 99 99  2 99 99 99  1 99  3
A91   91 99 99 99 99 99 99 99 99 99 99 99  1 99 99
A91   92  5  7  8  6 14  3  2 12 13 11  9  1 10  4
A91   93  3 99 99 99 99  2 99 99 99 99 99  1 99 99
A91   94 99 99 99 99 99  2 99 99 99 99 99  1  3  4
A91   95 99 99  5 99 99 99  4 99 99 99  3  1 99  2
A91   96 99 99 99 99 99  2  3 99 99 99  5  1 99  4
A91   97 99 99 99 99 99 99 99 99 99 99  3  1  2 99
A91   98 99 99 99 99 99  4  5 99 99 99  3  1  2 99
A91   99 99 99 99 99 99  3 99 99 99 99 99  1 99  2
A91  100 99 99 99 99 99 99 99 99 99 99  2  1 99  3
A91  101  2 99 99 99 99 99  3 99 99 99 99  1 99 99
A91  102 99 99 99 99 99 99  2 99 99 99  4  1  3 99
A91  103 99 99 99 99 99 99  2  3 99 99 99 99  1  4
A91  104  6 99 99 99 99  3  2 99 99 99  7  1  5  4
A91  105 99  3 99 99 99  4 99 99 99 99 99  1 99  2
A91  106  6 99 99 99 99  3  2 99 99 99  7  1  5  4
A91  107  4 99 99 99 99 99 99 99 99 99 99  1  3  2
A91  108 99 99 99 99 99 99  3 99 99 99  2  1  4 99
A91  109 99 99 99 99 99 99  2  5 99 99  4  1  3 99
A91  110 99 99 99 99 99 99  3 99 99 99  2  1  4 99
A91  111 99 99 99 99 99 99 99 99 99 99 99  1 99 99
A91  112 99 99 99 99 99 99 99 99 99 99  3  1  2 99
A91  113 99 99 99 99 99 99 99 99 99 99  3  1  2 99
A91  114 99 99 99 99 99 99  2 99 99 99  4  1  3 99
A91  115  6 99 99 99 99  2  5 99  3 99 99  1 99  4
A91  116 99 99 99 99 99 99 99 99 99 99 99  1 99 99
A91  117  4 99  2 99 99 99 99  3 99 99 99  1 99 99
A91  118 99 99 99  3 99 99 99 99  4 99 99  1  2 99
A91  119 12 13  8 14 11  3  2  5 10  9  6  1  7  4
A91  120  2 99 99 99 99 99 99 99 99 99 99  1 99 99
A91  121 99 99 99 99 99 99 99 99 99 99  3  1 99  2
A91  122 99 99  5  4 99  2 99 99 99 99 99  1 99  3
A91  123 99 99  7 99 99 99  6  5 99  3  4  1  2 99
A91  124 99 99 99 99 99  3  5 99 99 99 99  1  4  2
A91  125 12 13 14 10 11  9  2  8  6  7  5  1  4  3
A91  126 99 99 99 99 99  2  3 99 99 99 99  1 99 99
A91  127 99 99 99 99 99 99  2 99 99 99  3  1 99  4
A91  128  6 10 14  8  3  2 13  5  9 12  4  1  7 11
A91  129 10  9  7  8 11 12  5 99  6 13  2  1  3  4
A91  130 99 99  5 99 99  2  6 99 99 99  4  1 99  3
A91  131 99 99 99 99 99 99  2  4 99 99 99  1  3 99
A91  132  4 99 99 99 99  3  5 99 99 99 99  1 99  2
A91  133 99 99 99 99 99 99  3 99 99 99 99  1 99  2
A91  134 99 99 99 99 99 99  4 99 99 99  2  1 99  3
A91  135  2 99 99 99 99 99  3 99 99 99 99  1 99 99
A91  136  6  5 11 10  9 13  7 12  8 14  4  1  3  2
A91  137 99 99 99 99 99 99  3 99 99 99 99  1  2 99
A91  138 99 99  5  6 99  2  4  8 99 99  3  1  7 99
A91  139 99 99 99 99 99 99  2 99 99 99  4  1 99  3
A91  140 99 99  3  5 99  2  6 99 99 99  4  1 99 99
A91  141  3 99 99 99 99  4 99  2  6 99 99  1 99  5
A91  142  7 99 10  6 99  2  4  5 99 99  3  1  8  9
A91  143 99 99 99 99 99 99  2 99 99 99 99  1 99  3
A91  144  4  8  5 12 14  6  9  3  7 13 10  1 11  2
A91  145  3  2  4 99 99 99 99 99 99  5 99  1  6 99
A91  146 99 99 99 99  2 99 99 99 99 99  3  1 99 99
A91  147 99 99 99 99 99 99 99 99 99  1 99  2 99 99
A91  148 99  1 99 99 99  3 99 99 99 99 99  2 99 99
A91  149  4 99 99  3 99 99 99 99 99 99 99  2  1 99
A91  150 99 99 99 99 99 99 99 99 99 99 99  2  1  3
A91  151 99 99 99 99 99 99 99 99 99 99 99  2  1 99
A91  152 99 99 99 99 99 99 99 99 99 99 99  2  1 99
A91  153 99 99 99 99 99 99  3  6 99 99  4  2  1  5
A91  154  5  7  6 10  1 11  8 12  9 13  4  2  3 14
A91  155  3 99  4 99  6 99 99  1 99  5 99  2 99 99
A91  156  7  6  8  9 10 11 12  2  1 13 14  3  4  5
A91  157 99 99 99 99 99 99 99  1  2  3 99  4 99 99
A91  158 99 99 99 99 99 99 99  1 99 99 99  2 99  3
A91  159 10 99  1  4  3  9  8 99 99  7  6  2 99  5
A91  160  5 99  1 99 99  4 99  7 99  2  6  3 99 99
A91  161 99 99  1 99  5 99 99 99 99  4 99  2 99  3
A91  162 99 99  1 99 99 99 99 99 99 99 99  2  3  4
A91  163  9 10  1 99  4 99 99  2  7  3  8  5  6 99
A91  164 99 99 99  1  3 99 99 99 99 99 99  2 99 99
A91  165 99 99 99  1 99 99 99 99 99 99 99  2 99 99
A91  166 99 99 99  1 99 99 99  3  2 99 99  4 99 99
A91  167  5  7  2  1  8  9  6 11  3 10 12  4 14 13
A91  168 99 99 99 99 99 99 99 99 99 99  1  2 99  3
A91  169  7  6  8 13  5 14  4  9 10 11  1  2 12  3
A91  170 99 99 99 99 99 99 99 99 99 99  1  2 99  3
A91  171 99 99 99 99 99  3 99 99 99 99  1  2 99 99
A91  172 99 99 99 99 99 99 99 99  3 99  1  2 99 99
A91  173  5  6 99  3  4 99  7 99 99 99  1  2  8 99
A91  174 99 99 99 99 99 99 99 99 99 99  1  2 99  3
A91  175 99 99 99 99 99 99 99 99 99 99  1  2 99  3
A91  176 99 99 99 99 99  3 99 99 99 99  1  2 99 99
A91  177 99 99 99 99 99 99 99 99 99 99  1  2 99 99
A91  178 99 99 99 99 99 99 99 99 99 99  1  2 99  3
A91  179 13  2  1 14 10  9  8  7 12  3  4  5 11  6
A91  180 14 13 10 11 12  9  7  1  8  2  3  5  4  6
A91  181 99 99 99  3 99 99 99 99 99 99  1  2 99 99
A91  182 99 99 99 99 99 99 99 99  1 99  2  3  4 99
A91  183 11  9  8 10 14  7 13 12  1  2  3  4  5  6
A91  184 13 12 10  9 11  5  4  8  7 14  2  3  1  6
A91  185  1 99 99  2 99  6 99 99 99 99 99  5  3  4
A91  186  2 99 99  1 99 99 99 99 99 99 99 99 99  3
A91  187  3  7  8  1 10 11 13  2 12  5 14  9  4  6
A91  188  1 99 99 99 99  5 99 99  4  3 99 99 99  2
A91  189 99 99 99 99 99  1 99 99 99 99 99 99 99 99
A91  190 99 99 99 99 99  1  2 99 99 99 99 99 99 99
A91  191 99  2 99  4 99  1  3 99 99 99 99 99 99 99
A91  192 99 99 99 99 99  1 99 99 99 99 99 99 99 99
A91  193 11 14 13  9 12  1  2 10  7  8  6  3  4  5
A91  194  3 11 10  5 13  1  2  9  7 12  8  6 14  4
A91  195 99 99 99 99 99  1  2 99 99 99 99 99 99 99
A91  196 99 99  3 99 99  1 99  2 99 99 99 99 99 99
A91  197  2 14 10  9 11  1  3 12  4 13  7  8  6  5
A91  198 99 99 99 99  3  1 99  2 99 99 99 99 99 99
A91  199  6 10 14  7 11  1  2  8 12  3  9  4 13  5
A91  200 99 99 99 99 99  1 99 99 99 99 99  2 99 99
A91  201 99 99 99 99 99  1  3 99 99 99 99  2 99 99
A91  202 99 99 99 99 99  1 99 99 99 99 99 99 99 99
A91  203  2  3  4 99 99  1 99 99 99 99 99 99 99 99
A91  204 99 99 99 99 99  1 99 99 99 99  2  3 99 99
A91  205 99 99 99 99 99  1  2 99 99 99 99  3 99 99
A91  206 99 99 99 99 99  1 99 99 99 99 99 99 99 99
A91  207  2 99 99 99 99  1 99 99 99 99 99  3 99 99
A91  208 99 99 99 99 99  1  3 99 99 99  4  2 99 99
A91  209 99 99 99 99 99  1 99 99 99 99 99 99 99 99
A91  210 99 99  3 99 99  1 99  2  4 99 99 99 99 99
A91  211 99 99 99 99 99  1 99 99 99 99 99  3 99  2
A91  212  2 99 99 99 99  1 99 99  5 99  6  3 99  4
A91  213  2 99 99 99 99  1 99 99 99 99 99  3 99 99
A91  214 99 99 99 99 99  1  2 99 99 99  3 99 99 99
A91  215 99 99 99 99 99  1  3 99 99 99  4  2  5 99
A91  216 99 99 99 99 99  1 99 99 99 99 99 99 99  2
A91  217 99 99 99  3 99  1  2 99 99 99 99 99 99  4
A91  218 99 99 99  5 99  1  2 99 99  4  6 99 99  3
A91  219  2 99  5 99 99  1 99  3 99 99 99  4 99  6
A91  220  4 99 99  3  2  1  5 99  6 99 99 99 99 99
A91  221 99 99 99 99 99  1 99 99 99 99 99 99  3  2
A91  222 99 99 99 99 99  1 99  2 99 99 99 99 99  3
A91  223 99 99 99 99 99  1  3 99 99 99  2 99 99 99
A91  224 99  2 99 99 99  1 99 99 99 99 99 99  3 99
A91  225  9  2 10 13  8  1  3 12 11 14  6  7  4  5
A91  226  2 99 99 99 99  1 99 99 99 99 99  3 99 99
A91  227 99 99 99 99 99  1  3 99  2 99 99 99 99 99
A91  228 99 99 99 99 99  1  2 99 99 99  4  3 99 99
A91  229  2 99 99 99 99  1  3 99 99 99 99 99 99  4
A91  230  6 99 99 99 99  1  5  2  3 99 99  4 99 99
A91  231 99 99 99 99 99  1  3 99 99 99 99  2 99 99
A91  232  6  7  5 12  8  1 13  4 11  9 14  2 10  3
A91  233 99 99 99 99 99  1 99 99 99 99 99  2 99  3
A91  234  5 10  6  3  4  1  2 13  7  9 11  8 14 12
A91  235 99 99 99  3 99  1  2 99 99 99  4 99 99 99
A91  236 99 99 99  3 99  1  4 99  5 99 99  2  6 99
A91  237 99 99 99 99 99  1 99 99  2  3  4  5 99  6
A91  238  3 99 99 99 99  1  4 99 99 99 99  5 99  2
A91  239 99  4 99  3  5  1 99  6 99 99 99  2 99 99
A91  240 99 99  4 99 99  1 99 99  2 99 99 99 99  3
A91  241  4 99 99 99 99  1 99 99 99 99 99  3 99  2
A91  242 99 99 99  3 99  1  2 99 99 99 99  5 99  4
A91  243 99 99 99 99 99  1 99 99 99 99 99 99 99 99
A91  244 99 99 99 99 99  1  2 99 99  3 99 99 99 99
A91  245 99 99 99 99 99  1 99 99 99 99 99 99 99  2
A91  246 99 99 99 99 99  1 99 99 99 99 99 99 99 99
A91  247 99 99 99 99 99  1 99  4  3  2 99 99 99 99
A91  248  8 14 13  4  9  1 11 10 12  5  6  7  3  2
A91  249 99  2 99  4 99  1  3 99 99 99 99 99 99 99
A91  250 99  5 99 99 99  1  3 99  4 99 99  2 99  6
A91  251 99 99 99  4 99  1 99 99  3 99 99 99 99  2
A91  252 99 99 99  2 99  1 99 99 99 99 99 99 99 99
A91  253  4 99  2 99 99  1  3 99 99 99 99 99 99 99
A91  254  2  4 11  3 10  1  8 13  7 14  5  6  9 12
A91  255  4 99 99  5 99  1  3 99 99 99 99  2 99 99
A91  256  7  8 10  6 12  1  5  9 11  3 13  2 14  4
A91  257 99 99 99 99 99  1  2 99 99 99 99  3 99 99
A91  258  4 99 99  5 99  1  2 99 99 99 99 99 99  3
A91  259 99 99 99 99 99  1  4 99  2 99 99 99  3 99
A91  260 99 99 99  2 99  1 99 99 99 99 99 99 99  3
A91  261 99 99 99 99 99  1 99 99 99 99 99 99 99 99
A91  262  5 99 99  3 99  1 99  4 99 99 99 99 99  2
A91  263  7  6 10  2  9  1 13  8 12 11 14  4  3  5
A91  264 99 99 99  2 99  1 99  3 99 99 99  5 99  4
A91  265 99 99  3 99 99  1 99 99 99 99 99 99 99  2
A91  266 99 99 99  2 99 99  1  5  3  4 99 99  6 99
A91  267 99 99  3 99 99  1 99 99  4 99 99 99 99  2
A91  268 99 99 99 99 99  1 99 99 99 99 99 99 99 99
A91  269 99 99 99 99 99  1 99 99 99 99 99 99 99 99
A91  270 99 99 99 99 99  1 99 99 99 99  3  2 99 99
A91  271 99 99 99  6 99  1  2 99 99 99 99  4  5  3
A91  272 99 99  6  7 99  1  2 99 99 99 99  3  4  5
A91  273 99 99 99 99 99  1  4 99 99 99 99  3 99  2
A91  274 99 99 99 99 99  1  3 99 99 99 99  2 99 99
A91  275 99 99 99 99 99  1  2 99 99 99 99 99 99 99
A91  276 99 99  3 99 99  1 99 99 99 99 99  2 99 99
A91  277 99 99  2 99 99  1  4  5  3 99 99 99 99 99
A91  278 99  5  4  3  2  1  6  7  8  9 10 11 12 13
A91  279 99 99 99 99 99  1  2 99 99 99 99  3 99 99
A91  280 99 99 99 99 99  1  2 99 99 99  5  4  6  3
A91  281 99 99  9 99 10  1  2 99  5  4  3  6  8  7
A91  282 99  4 99 99 99  1 99 99 99 99 99 99  2  3
A91  283 99 99 99 99 99  1  2 99  3  4  5  6 99 99
A91  284 99 99 99 99 99  1 99 99 99 99 99  2 99 99
A91  285 99 99 99 99 99  1 99 99 99 99 99  2  3 99
A91  286 99 99 99 99 99  1 99 99 99 99 99  2  3 99
A91  287 99 99  2 99 99  1 99  3 99 99 99 99 99 99
A91  288  3 99 99 99 99  1 99 99 99 99 99  2 99 99
A91  289 99 99 99  2 99  1 99 99  3 99 99 99 99 99
A91  290  2 99 99 99 99  1 99 99 99 99 99  3 99 99
A91  291 99  2 99 99 99  1 99 99 99 99 99  3 99 99
A91  292 99 99 99  3 99  1 99 99  2 99 99 99 99 99
A91  293 99 99 99 99 99  1  2 99 99 99  3  4  5  6
A91  294  5 99 99 99 99  1  2 99 99 99 99  3  4 99
A91  295  7 10  8  9 14  1  3  5  4 11 12  2 13  6
A91  296 99 99 99 99 99  1  2 99 99  3 99 99 99 99
A91  297 99 99  2 99 99  1 99 99 99 99 99 99 99  3
A91  298 99 99 99 99 99  1  3 99 99 99 99  2  4 99
A91  299 99 99 99 99 99  1  2  4 99 99 99 99 99  3
A91  300  2 99 99 99 99  1 99 99 99 99 99  3 99 99
A91  301 99 99 99 99 99  1 99 99 99 99 99  2 99 99
A91  302  3 99 99 99 99  1  2 99 99 99 99 99 99  4
A91  303 99 99 99 99 99  1 99 99 99 99 99 99 99  2
A91  304  5 13 12  6 10  1  2  9  8 11  4  3  7 14
A91  305 11  2  7  3  6  1 10 12  5  9  4 14 13  8
A91  306 99 99 99 99 99  1 99 99 99 99 99 99 99 99
A91  307  9 12  8 10  7  1  2  3 11  6 13  5 14  4
A91  308  4 99  2 99 10  1  3 99  9 99  6  5  8  7
A91  309  4 99  5 99 99  1 99  3 99 99 99 99 99  2
A91  310  5 99 99  2 99  1 99 99 99 99  3 99 99  4
A91  311  5 13  3 12 11  1 10  4  2 14  8  9  7  6
A91  312 99 99 99 99 99  1  2 99 99 99 99  3 99 99
A91  313 99 99 99 99 99  1  3 99 99 99 99  2 99 99
A91  314 99 99 99  5 99  1  2 99  4 99 99 99 99  3
A91  315 99 99 99  3 99  1 99 99 99 99  4  5 99  2
A91  316 99 99 99 99 99  1  3 99 99 99 99 99 99  2
A91  317 99 99 99  2  3  1 99  4 99  6 99 99  5 99
A91  318  5 99  7 99 99  1  6 99 99 99  2  3  4 99
A91  319  2  3 99 99  4  1 99 99 99 99 99 99 99 99
A91  320 10  7  9 14  8  1  2  6 13  4 12  5 11  3
A91  321 99 99 99 99 99  1 99 99 99 99 99  3 99  2
A91  322 99 99 99 99 99  1 99 99 99 99  2  3 99 99
A91  323  3 12  9  5 11  1  4 10  2  7 13  8  6 14
A91  324  6 99 99 99 99  1  2 99 99  3 99  5 99  4
A91  325 99 99 99 99 99  1 99 99 99 99 99  2 99 99
A91  326  6  5  7  8 14  1  9  2 10 12  3 11 13  4
A91  327  6 99  5 99 99  1  2 99 99 99 99  3 99  4
A91  328 99 99  5 99 99  1  4 99  6 99 99  3 99  2
A91  329 11  3  4 13  9  1  2 12 14 10  7  5  8  6
A91  330 99 99 99 99 99  1  2 99 99  3 99 99  5  4
A91  331  2 99 99  3  4  1 99 99 99 99 99  5  6 99
A91  332 99 99 99 99  2  1 99 99  3  4 99 99 99 99
A91  333 99 99 99 99 99  1  4 99 99 99 99  3 99  2
A91  334 99 99 99 99 99  1 99 99 99 99 99 99 99 99
A91  335 99 99 99  3 99  1  2 99 99 99 99 99 99 99
A91  336 99 99 99 99 99  2  3 99 99 99  4 99 99  1
A91  337 99 99 99 99 99  2 99 99 99 99 99  3 99  1
A91  338  4 12  9  8 10  3  2 13 11 14  5  7  6  1
A91  339 14 10 12  4 11  5  3  9  8  7  2  6 13  1
A91  340  4 99 99  5 99  3  2 99 99 99 99 99 99  1
A91  341 99  5  8 10  4  2  6  9 99  3  7 99 99  1
A91  342  3 99 99 99 99  2 99 99 99 99 99 99 99  1
A91  343 12  6  5  4 13  2  7  8  3 14  9 10 11  1
A91  344  5  6  7  2  8  4 99 99  1 99  9 99 99  3
A91  345 99  5 99 99  3  4 99  1 99 99 99 99 99  2
A91  346 99  3  9  8  4 11  5  7  1  6 10 12 13  2
A91  347  5 14 13  4  6  3  2  8 11 12 10  9  7  1
A91  348  5 99 99  4  7  2  6 99 99 99 99 99  3  1
A91  349  4 99 99  3  5  2 99 99  6 99  7 99 99  1
A91  350 99 99 99  3 99  2 99  5 99 99 99  4 99  1
A91  351 99 99 99 99 99  2 99 99 99 99 99 99 99  1
A91  352 99 99 99 99 99  2 99 99 99 99 99 99 99  1
A91  353 99  5 99 99 99  4  2 99 99 99  3 99 99  1
A91  354 99 99 99 99 99  2 99 99 99 99 99  3 99  1
A91  355 14  4  5 13 12  2  3 11  7  8 10  6  9  1
A91  356 99 99 99 99 99  2  1  4 99 99  3 99 99 99
A91  357  7 11  8  4  9 12 10  2  3  6 13 14  5  1
A91  358 99 99 99  5 99  2  3  6 99 99 99  4 99  1
A91  359  2 99 99 99 99  3  4 99 99 99  5  6 99  1
A91  360 99 99 99 99 99  2  1 99 99 99 99  3 99 99
A91  361 14  5  6  9  7  2  1  8  3 10  4 11 12 13
A91  362 99 99 99 99 99  2  1 99 99 99 99 99 99 99
A91  363 10  9  8  4  3  2  1  5  6  7 11 12 13 14
A91  364  4 99 99  5 99  2  1 99 99 99  3  6 99 99
A91  365 99 99  3  2 99  4  1 99 99 99 99 99 99 99
A91  366  2 99  4 99 99 99 99 99 99 99 99 99  1  3
A91  367  1 99 99 99 99 99 99  2 99 99 99 99 99  3
A91  368  1 14 13 12 11  9 10  4  8  5  7  6  3  2
A91  369  2  9 11 12  7 14  5  6  1  8  3 10 13  4
A91  370  1 99 99  2 99 99 99  4 99 99 99 99 99  3
A91  371 99 99 99 99 99  3  1 99 99 99  2  4 99 99
A91  372  7  6 14 13 12  2  1 11 10  9  3  4  8  5
A91  373 99 99  4 99  2  3  1  5 99  6 99 99 99 99
A91  374  5 99 99  4 99  3  1 99 99 99  6 99  7  2
A91  375 99 99 99 99 99  2  1 99 99 99 99  3 99 99
A91  376 99 99 99 99 99  2  1 99 99 99 99 99 99 99
A91  377  4 99 99 99 99  5  1 99  2 99  6 99 99  3
A91  378 99 99 99 99 99  3  1  2 99 99 99 99 99 99
A91  379 99 99 99 99 99  2  1 99 99 99 99 99 99 99
A91  380 99 99 99 99 99  2  1 99 99  3 99 99 99  4
A91  381 99  1 99 99 99  3  2 99 99 99 99  4  5 99
A91  382 99 99 99 99 99  2  1 99  3 99  4 99 99 99
A91  383 99 99  2 99 99  3  1 99 99 99  4  5 99 99
A91  384  2  5 99  3 99  4  1  6 99  7 99  8 99 99
A91  385  2 99 99 99 99  3 99  1 99 99 99  4 99  5
A91  386 99 99 99  6  4  5 99  3 99 99  1 99 99  2
A91  387  1 99 99  3 99  4  2 99 99 99  6  5  7 99
A91  388 99 99 99 99 99  2  1 99 99 99 99  3 99  4
A91  389 99 99 99 99 99  3  2 99 99 99  1 99 99 99
A91  390 99 99 99  5  3  4  2 99 99 99  1 99 99 99
A91  391  4 10 12  1 11  5  2  6  3  7  9 13 14  8
A91  392  8  5  9  1  4 10  7  3  2  6 12 14 13 11
A91  393  7 11 12  9 10  8  3  1  6 14  5 13  2  4
A91  394 99  3 99 99 99  4  2  1 99  5 99 99 99 99
A91  395 99 99 99 99  1 99 99  3  2 99 99 99 99 99
A91  396 99 99 99 99  2 99 99 99  1 99 99 99 99 99
A91  397 99 99  2 99 99  1 99 99 99  3 99 99 99 99
A91  398 99 99 99 99 99 99 99  1 99  2 99 99 99 99
A91  399 99 99 99 99 99 99 99  1 99  2 99 99  3 99
A91  400 99 99 99 99 99 99 99  1  3  2 99 99 99 99
A91  401 99 99 99 99 99 99 99  1 99 99 99 99 99 99
A91  402 99 99 99 99 99 99 99  2 99  1 99 99 99 99
A91  403 99 99 99 99 99 99 99  2  1  3 99 99 99 99
A91  404 99 99 99 99  2 99 99  1 99 99 99 99 99 99
A91  405 99 99 99 99  1 99 99  2 99  3 99 99 99 99
A91  406 99 99  1 99  3 99 99 99 99 99 99 99  2 99
A91  407 99 99  3 99 99 99 99 99 99  1 99 99  2 99
A91  408 99 99  1 99 99 99 99 99 99  2 99 99 99 99
A91  409 99 99  1 99 99 99 99 99  3 99 99 99  2 99
A91  410 99  5  1 99  3 99 99  2  4 99 99 99 99 99
A91  411 99 99  2 99  1 99 99 99  3 99 99 99 99 99
A91  412 99 99  2 99  1 99 99 99 99  3 99 99 99 99
A91  413 99 99  2  3  1 99 99 99 99 99 99 99 99 99
A91  414 99 99 99  1 99 99 99 99 99 99 99 99 99 99
A91  415 99 99 99  1 99 99 99 99 99 99 99 99 99 99
A91  416 99 99 99  1 99 99 99 99 99 99 99 99 99 99
A91  417 99 99  1  2  3 99 99 99  4 99 99 99 99 99
A91  418 99 99 99  1 99 99 99  2 99 99 99 99 99 99
A91  419 99  1 99  2 99 99 99  4 99  3 99 99 99 99
A91  420 99 99  1  3 99 99 99 99  2 99 99 99 99 99
A91  421 99  2 99  4 99 99 99  1 99  3 99 99 99 99
A91  422 99 99  1  3  2 99 99 99 99 99 99 99 99 99
A91  423 99 99 99 99 99 99 99  2 99  3  1 99 99 99
A91  424 99 99 99 99  2 99 99 99 99 99  1 99  3 99
A91  425 99 99 99 99 99 99 99 99 99  2  1 99 99 99
A91  426 99 99 99  2 99 99 99  3 99 99  1 99  4 99
A91  427 99 99 99  3 99 99 99 99  2 99  1 99 99 99
A91  428 99 99 99 99 99 99 99 99 99 99  1 99 99 99
A91  429 99 99 99 99  2 99 99 99  3 99  1 99 99 99
A91  430 99 99 99 99  3 99 99  4  1 99  2 99 99 99
A91  431 99 99 99 99 99 99 99 99  1 99  2 99 99 99
A91  432 99 99 99 99 99 99 99 99 99 99  1 99 99 99
A91  433 99 99 99 99 99 99 99  2 99  3  1 99 99 99
A91  434 99  1 99 99 99 99 99  2 99 99  3 99 99 99
A91  435 99 99 99 99  1 99 99 99  3 99  2 99 99 99
A91  436 99 99  1 99  2 99 99 99 99 99  3 99  4 99
A91  437 99 99 99 99 99 99 99 99 99 99  1 99 99 99
A91  438 99 99  6  5  4 99 99  3  2 99  1 99 99 99
A91  439  4  3 99 99 99  2 99  5 99  1 99 99 99 99
A91  440 99  1 99 99 99  2  3 99 99 99  4  5 99  6
A91  441 99  1 99 99 99  2 99  3  4 99 99 99 99 99
A91  442  4 99 99 99 99  2 99 99 99 99 99 99  1  3
A91  443 99 99 99 99 99  3 99 99 99  2 99 99  1 99
A91  444 99 99 99 99 99  2 99 99  1 99 99 99 99 99
A91  445 99 99 99 99 99  3 99 99  1 99 99 99  2 99
A91  446 99  9 10  3  1  2 14  8 11 12  4  6  5  7
A91  447 99 99 99 99  1  2 99 99 99 99 99 99 99  3
A91  448 99 99 99 99  1  2 99 99  3 99 99 99 99 99
A91  449  5  8 10 12  1  2 13  6  3  7 11  9 14  4
A91  450  5  6  7  8  1  4 99  3 99  2 99 99 99 99
A91  451 11  8 14  5 13  4  9  3  2  1  7  6 12 10
A91  452  1  2  1  2  3  2  1  2  1  3  2  3  1  2
A91  453 99 99 99 99 99  2  5  1  3  4  6 99 99 99
A91  454  4  5  7 10  2  3  6  1 11 12  9 99  8 13
A91  455 99 99 99 99 99  3 99  1 99  2 99 99 99 99
A91  456 99 99 99 99 99  2 99  1 99 99 99 99 99 99
A91  457 99 99  1 99  2  3 99  4 99  5  6 99 99  7
A91  458 99 99  1  5 99  4 99  3  2  6 99 99 99 99
A91  459  7  8  1 99  4  3 99  5 99 99  6 99  2 99
A91  460  4  9  2  5  6  3  7  8  1 12 10 11 14 13
A91  461 99 99  1 99 99  2  3 99 99 99 99  4 99 99
A91  462 99 99  1 99 99  2 99 99 99  3 99 99  4 99
A91  463 99 99  1  3 99  2 99 99 99 99 99 99 99 99
A91  464 99 99 99  1 99  2 99  3 99 99 99 99 99 99
A91  465 99 99 99  1 99  2  4 99  3 99 99  6 99  5
A91  466 99 99 99  1 99  2 99 99 99 99  3 99 99 99
A91  467 99 99 99  1 99  2 99 99 99  3 99  4 99 99
A91  468 99 99 99  1 99  2  4 99 99 99  3 99 99 99
A91  469 99 99 99  1 99  2 99 99 99 99 99  3 99  4
A91  470 99 99 99  1 99  3 99 99  2 99 99 99 99  4
A91  471 99 99  1  2 99  3 99 99 99 99  4 99 99  5
A91  472 99  2 99  3 99  4 99  1 99 99 99  5 99 99
A91  473 14  1  3  2 12  4  6 10  5 11  7  9  8 13
A91  474 10 12  2  1 14  3  9  8 11 13  7  6  5  4
A91  475 99 99  2  1  4  3  5  6  8  7 10 11 13 12
A91  476 99 99 99  1 99  2 99  3  5  4  6 99  8  7
A91  477  9 14 10  1 11  2 12  3 13  4  7  5  6  8
A91  478 99 99 99  1 99  2  4 99 99 99 99  5  3  5
A91  479 99 99 99  1 99  2  3 99 99 99 99  5  4 99
A91  480 99 99 99  1 99  4 99  2 99 99  3 99 99 99
A91  481 99 99 99  6  4  5 99  2 99  1  3 99 99 99
A91  482 99 99 99 99 99  2 99 99 99 99  1 99 99 99
A91  483 99 99  5 99 99  2 99  4 99 99  1  3 99 99
A91  484 99 99 99 99 99  2  4 99 99  3  1 99 99 99
A91  485 99 99 99 99  2  3 99 99 99 99  1 99 99 99
A91  486 99 99 99 99 99  2 99 99 99 99  1 99 99  3
A91  487  3 13  9  1  5  4 12  6  2 14 10  8 11  7
A91  488  1 99 99 99 99  2 99  4 99 99 99  3 99  5
A91  489  2  5 99 99  3  4 99 99 99 99  1 99 99 99
A91  490  1 99 99 99 99  2  3 99 99 99 99 99 99 99
A91  491  2 99 99 99 99  3 99  1 99 99 99  4 99 99
A91  492  1 99 99  2 99  3  4 99  5 99 99 99 99  6
A91  493  1 99 99 99 99  2 99  3 99 99 99 99  5  4
A91  494  1  2 99 99 99  3  4 99 99 99  6 99  5 99
A91  495  1 10 12  2  3  4 11  7  5  6  8 13 14  9
A91  496  2  1  9 10 12  3 99  8  5  4 11  6 99  7
A91  497  3  6  2  1  4  5  7 11  8  9 11 10 12 13
A91  498  3  4  6  2  1  5  8  7 99  9 10 99 99 99
A91  499  1 99 99  2 99  3 99  2 99  3  2  1  1  3
A91  500  3  7  1  2  6  4  5 13  9 14 10 12 11  8
A91  501  1 99  2  3  6  4 99 99 99 99  5 99 99 99
A91  502  1 99 99 99 99  2  3 99 99 99  4  5 99  6
A91  503  1 99 99 99 99  2 99  3 99 99 99 99  4 99
A91  504  1 99 99  2 99  3 99 99 99  4 99 99 99 99
A91  505  1 99 99 99 99  2 99 99 99 99  3 99 99 99
A91  506  1 99 99 99 99  2  3 99 99 99 99 99 99 99
A91  507  4  2  5  6  1  7  9  8  3 99 99 99 99 99
A91  508  1  5 99  3 99  2 99 99 99  4  6 99 99 99
A91  509  1 99 99 99 99  2  3 99 99 99  4 99 99 99
A91  510  1 99  2 99  4  3 99 99 99 99 99  5 99 99
A91  511  1 10 11 12  2  3  5 13 14  4  6  7  8  9
A91  512 99 99 99 99 99 99 99 99 99 99 99  2  1 99
A91  513  2 99  3 99 99 99 99 99  1 99 99 99 99 99
A91  514  2 99 99  4 99 99 99 99  1 99 99 99  3 99
A91  515  1 99 99  2 99 99 99  3 99 99 99 99 99 99
A91  516  1 99 99 99 99 99 99 99 99 99  3 99  2 99
A91  517  2 99 99 99 99 99 99 99 99  3 99 99  1 99
A91  518  1 99 99 99 99 99 99 99 99 99 99 99 99 99
A91  519  1 99 99 99 99 99 99 99 99 99 99 99 99 99
A91  520  1  3 99 99 99 99 99 99 99  2 99 99 99 99
A91  521  1  3 99  2 99 99 99 99 99 99 99 99 99 99
A91  522  1 99 99  2 99 99 99 99  4 99 99 99  3 99
A91  523  4 99  3  1  2 99 99 99 99 99 99 99 99 99
A91  524  3 99  2 99 99 99 99 99 99 99  1 99 99 99
A91  525  3  2  1 99 99 99 99 99 99 99 99 99 99 99
A91  526  3 99 99 99 99 99 99  1 99  2 99 99 99 99
A91  527  6 14  5 13 12  7 11  8 10  4  3  2  9  1
A91  528  4  5 99 99  6 99  3 99 99 99 99  2 99  1
A91  529 99 99 99  1 99  5 99 99 99 99  4  3  6  2
A91  530  5 99  1 99  6 99 99 99  8 99  4  7  3  2
A91  531  9  2 10 99 99 99  6  7  1  8  4  5 99  3
A91  532 99  4 99  6 99 99 99  5 99  1 99  3 99  2
A91  533 99 99 99 99 99 99 99 99 99 99 99  2 99  1
A91  534  3 99 99 99 99 99 99 99 99 99  2  4 99  1
A91  535 99 99 99 99 99 99 99 99 99 99  2  3 99  1
A91  536 99 99  5  7  6 99  4 99 99 99  3  2 99  1
A91  537 99 99 99 99 99 99  1 99 99 99 99  2 99 99
A91  538 99 99 99 99 99 99  1  3 99 99 99  2 99 99
A91  539 99 99  5 99 99  4  1 99 99 99 99  3  2  6
A91  540  3  4  8  2 10  9  1 99 12 13  6  5  7 14
A91  541  4 99 99 99 99 99  1 99 99 99  3  2 99 99
A91  542 10 13  8  6 11  4  1  5  7 12  2  3  9 14
A91  543 99 99 99 99 99 99  1 99 99 99 99  2 99 99
A91  544 99 99 99 99 99 99  1 99 99 99 99  2 99 99
A91  545 99 99 99 99 99  4  1 99 99 99 99  3 99  2
A91  546 99 99  3 99 99 99  5 99  4 99 99  2 99  1
A91  547 99 99 99 99 99 99  3 99 99 99 99  2 99  1
A91  548 99 99 99 99 99 99 99 99 99 99 99  2 99  1
A91  549 99 99 99 99 99 99 99 99 99 99  3  2 99  1
A91  550  6 10 13  4  9  5 12  3 14  7 11  2  8  1
A91  551 99 99 99 99 99 99  1 99 99  3 99  2 99 99
A91  552 11 12 14  5  6  7  1  8  4 13  2  3  9 10
A91  553 99 99 99 99 99 99  1 99 99 99 99  2 99 99
A91  554  5  6 99 99 99  4  1 99 99 99 99  2 99  3
A91  555 99 99 99  4 99 99  1 99 99  3 99  2 99 99
A91  556 99 99 99 99 99 99  1 99 99 99 99  2  4  3
A91  557  5 99  1 99 99 99  2 99 99 99  4  3 99 99
A91  558  6  5  3  4  1 99  2 99 99 99 99  7 99 99
A91  559 99 99 99 99 99 99  2 99  1 99  3  4  5  6
A91  560  5  3  6 10  4 14  2 12 11 13  7  8  1  9
A91  561 99 99 99 99 99 99  2 99 99  1 99  3 99 99
A91  562  7  6 11 10  3  4 12  8  5 13  9  2 14  1
A91  563 99 99 99  3 99 99 99 99 99 99 99  2 99  1
A91  564  6 10  5  3  9  4  7 99 11 99  8  2 12  1
A91  565  9  8  7  6 10 11  5 12 13 14  3  2  4  1
A91  566 99  5 99  6  3 99 99  7  4 99  8  2 99  1
A91  567 99 99 99 99 99 99  4 99 99 99  1  3 99  2
A91  568 99 99 99 99 99 99 99 99 99 99  1  3 99  2
A91  569 99 99 99 99 99 99 99 99 99 99  1  2 99  3
A91  570  3  2 99 99  1 99 99 99  6 99  4  5 99 99
A91  571  4 99 99  3  1  6 99  2 99 99 99  5 99  7
A91  572  2  4  5  1 12  9 14  3 13  8  6  7 11 10
A91  573  1  5 13 14  4  6  7 12  2  8  9  3 10 11
A91  574  2 99 99 99  1 99 99 99 99 99 99  3 99 99
A91  575  6  7  2 11  3 12 13  1  4  5  8 10  9 14
A91  576  6 14  1 13  3 12 10  2 11  5  9  7  4  8
A91  577  3  7  6 13 12  5  1  8 14  9 11  2  4 10
A91  578  8  3  5 13 12  4  1 11  9 10  7  2 14  6
A91  579 99 99  4 99 99 99  1 99 99 99 99  2  3 99
A91  580 99 99 99 99 99 99  1 99 99 99 99  2 99 99
A91  581 10  9  2 11  3  8  1 13  7 14  4  5  6 12
A91  582  3 99 99 99  2 99  1 99 99 99 99  4 99 99
A91  583  5 99 99 99 99 99  1  6 99 99  4  3  2 99
A91  584 99 99 99 99 99 99  1 99 99 99 99  2 99 99
A91  585 99 99 99 99 99  3  1 99 99  5 99  2 99  4
A91  586 99 99 99 99 99  3  1 99 99 99 99  2 99 99
A91  587 99 99 99 99 99 99  1 99 99 99 99  2 99 99
A91  588 99 99 99 99 99 99  1 99 99 99 99  2 99 99
A91  589 99 99 99 99 99  3  1 99 99 99 99  2 99 99
A91  590  5  4 11  3 13 12  1  2  9  6 14  7  8 10
A91  591 99 99 99  4 99  7  1  8 99 99  5  2  6  3
A91  592  2 99  3 99 99 99  1 99 99 99 99  4 99 99
A91  593 99 99 99 99 99  3  1 99 99 99 99  2 99 99
A91  594 12 13  4  3  5  6  1  7 14  8  9  2 10 11
A91  595 99 99 99 99 99  6  1 99  2  3 99  4 99  5
A91  596 99 99 99 99 99 99  1 99 99 99 99  2 99  3
A91  597 99 99  5 99  4 99 99  3 99 99 99  2 99  1
A91  598 99 99 99 99 99 99 99 99 99 99  3  2 99  1
A91  599 99 99 99 99 99 99  4 99  3 99  2 99  1 99
A91  600  4 99 99 99 99 99 99 99 99 99  2  3 99  1
A91  601 99 99 99 99 99  5  4 99 99 99  3  2 99  1
A91  602 99 99  6  5 99 99  3 99 99 99  2  4  1 99
A91  603 99 99  2  1 99 99  3 99 99  4 99  5 99 99
A91  604 99 99  1 99 99 99  2 99 99 99 99  3 99 99
A91  605 99 99 99 99 99 99 99 99 99 99  1 99 99  2
A91  606 99 99  2 99 99 99 99 99 99 99  1 99 99  3
A91  607 99 99 99 99 99 99 99 99 99 99  1 99 99  2
A91  608 99 99 99 99 99 99 99 99 99 99  1 99 99  2
A91  609 99 99 99 99  1 99 99 99 99 99  2 99 99  3
A91  610 99 99 99 99  1 99 99 99 99  3  2 99 99  4
A91  611 99 99 99 99 99 99 99  3 99 99 99 99  2  1
A91  612 99 99 99 99 99 99 99 99 99 99 99 99 99  1
A91  613 99  3 99 99 99 99  4 99 99 99  2 99 99  1
A91  614 99 99 99 99 99 99 99  2 99  3 99 99 99  1
A91  615 99 99  1 99 99 99 99  4  3  5  2 99 99  6
A91  616 99 99 99 99 99 99 99  3 99 99  2 99 99  1
A91  617  3 99 99 99 99 99  4 99 99 99 99 99  2  1
A91  618 99  1 99 99  5 99 99  3 99  4 99 99 99  2
A91  619 99 99 99 99 99 99 99 99  1 99 99 99 99  2
A91  620 99 99 99 99  1 99 99 99 99 99 99 99 99  2
A91  621 99 99 99 99 99 99 99  1 99 99 99 99 99  2
A91  622 99 99  2 99 99 99 99 99 99 99 99 99  1  3
A91  623 99 99 99  4 99 99 99  3  2  5 99 99  1  6
A91  624 99  4 99  1 99 99 99 99  3 99  5 99 99  2
A91  625 99 99 99 99 99 99  1 99  2 99 99 99 99 99
A91  626 99 99 99 99 99 99  1 99 99 99 99 99 99 99
A91  627 99 99 99 99 99 99  1  3  2 99 99 99 99 99
A91  628 99 99 99 99 99 99  1 99 99 99 99 99  2 99
A91  629 99 99 99 99 99 99  1 99 99 99 99 99 99 99
A91  630 99 99 99 99 99 99  1 99 99 99 99 99 99  2
A91  631  1  2  3  4 99 99  5 99  6 99 99 99 99  7
A91  632  1  5 99 99  4 99  3 99  2 99 99 99 99 99
A91  633  1 99 99 99  2 99  3 99 99 99 99 99 99 99
A91  634 99 99 99  4 99 99  2 99 99  1  3 99 99 99
A91  635 99 99  1 99 99 99  2 99 99  3 99 99 99 99
A91  636  5 99 99  2  1 99  4 99  6 99 99 99 99 99
A91  637 99  1  2 99 99 99  3 99 99 99 99 99 99 99
A91  638 99 99  1 99 99 99  3 99 99 99  2 99 99 99
A91  639 99 99 99  2 99 99  3 99 99 99  1 99 99 99
A91  640 99 99 99 99 99 99  3 99  2 99  1 99  4 99
A91  641  2 99  1 99  3 99  4 99  5 99  6 99  7 99
A91  642  4  2  5 99  6 99  8  1 99  7  3 99 99 99
A91  643 99 99  3 99  2 99 99 99 99 99 99 99 99  1
A91  644 99 99 99  5 99 99  4 99 99  3  2 99 99  1
A91  645 99 99  2 99  3 99 99 99 99 99 99 99 99  1
A91  646 99 99 99 99 99 99 99 99 99 99  2 99  3  1
A91  647 99 99 99 99 99 99  1 99 99 99 99 99 99  2
A91  648 99 99 99 99 99 99  1 99 99 99 99 99 99 99
A91  649 99 99 99 99 99 99  1 99 99 99 99 99 99 99
A91  650 99 99 99 99 99 99  1 99 99 99 99 99 99 99
A91  651 99 99 99 99 99 99  1 99 99 99 99 99  3  2
A91  652 99 99 99 99 99 99  1 99  2  3 99 99 99 99
A91  653  4 99 99  3 99 99  1 99 99 99 99 99 99  2
A91  654 99 99 99 99 99 99  1 99 99 99 99 99 99 99
A91  655 99 99 99 99 99 99  1 99 99 99 99 99 99 99
A91  656 99 99 99 99 99 99  2  3  1 99 99 99 99 99
A91  657 99 99 99 99 99 99  2  1 99 99  3 99 99 99
A91  658 99 99  2 99  1 99  3 99 99 99 99 99 99 99
A91  659 99 99 99 99 99 99 99 99 99  1 99 99 99 99
A91  660 99  1 99 99 99 99 99 99 99 99 99 99 99 99
A91  661 99 99 99 99 99 99 99 99 99 99 99 99  1 99
A91  662 99 99 99 99 99 99 99 99  1  2 99 99  3 99
A91  663 99 99 99 99 99 99 99 99  1 99 99  1  1  1
A91  664 99 99  1 99 99 99 99 99 99 99 99  1 99 99
A91  665 12 13 14 10  8  2  3  7 11  9  4  1  6  5
