A92  540 NON-PR VOTERS ELECT  3  FROM 13  BY STV
A92    1 99  3  2  1 99 99 99 99 99 99 99 99 99
A92    2 99  2  3  1 99 99 99 99 99 99 99 99 99
A92    3 99  3 99  1 99 99  2 99 99 99 99 99 99
A92    4 99  3 99  1 99 99  2 99 99 99 99 99 99
A92    5 99  4 99  1 99 99  3 99 99 99 99 99  2
A92    6 99  1 99 99 99 99  2 99 99 99 99 99 99
A92    7 99  1 99  2 99 99 99 99 99 99 99 99 99
A92    8 99  1 99  3 99 99  2 99 99 99 99 99 99
A92    9 99  1  3 99 99 99  2 99 99 99 99 99 99
A92   10 99  1 99 99 99 99  2 99 99 99 99 99  3
A92   11 99  1 99 99 99 99 99 99 99 99 99 99 99
A92   12 99  1 99  3 99 99  2 99 99 99 99 99 99
A92   13 99  1 99 99 99 99 99 99 99 99 99 99 99
A92   14 99  1 99 99 99 99 99 99 99 99 99 99 99
A92   15 99  1 99 99 99 99 99 99 99 99 99 99 99
A92   16 99  1 99 99 99 99 99 99 99 99 99 99 99
A92   17 99  1 99 99 99 99 99 99 99 99 99 99 99
A92   18 99  1 99 99 99 99 99 99 99 99 99 99 99
A92   19 99  1 99 99 99 99 99 99 99 99 99 99 99
A92   20 99  1 99 99 99 99 99 99 99 99 99 99 99
A92   21 99  1  4  3 99 99  2 99 99 99 99 99 99
A92   22 99  1 99 99 99 99 99 99 99 99 99 99 99
A92   23 99  1 99  2 99 99  3 99 99 99 99 99 99
A92   24 99  1  3  2 99 99  4 99 99 99 99 99 99
A92   25 99  1 99 99 99 99  2 99 99 99 99  3 99
A92   26 99  1 99 99 99 99 99 99 99 99 99 99 99
A92   27 99  1 99 99 99 99 99 99 99 99 99 99 99
A92   28 99  1 99 99 99 99 99 99 99 99 99 99 99
A92   29 99  1 99  2 99 99  3 99 99 99 99 99 99
A92   30  2  1 99 99 99 99 99 99 99  3 99 99 99
A92   31 99  4  2 99 99 99 99 99 99  1 99 99  3
A92   32 99  3  2  5 99 99  1 99 99  4 99 99 99
A92   33 99  2 99  3 99 99  1 99 99 99 99 99 99
A92   34 99  2 99  3 99 99  1 99 99 99 99 99  4
A92   35 99 99 99  1 99 99 99  2 99 99 99  3 99
A92   36 99 99 99  1 99 99 99  2 99 99 99  3 99
A92   37 99 99 99  1 99 99 99  2 99 99 99  3 99
A92   38 99 99 99  1 99 99 99  3 99  2 99 99 99
A92   39 99 99 99  1 99 99 99  4 99  2  5  3 99
A92   40 99 99 99  3 99 99 99  1 99 99 99  2 99
A92   41 99 99 99 99 99 99 99  1 99 99 99  2  3
A92   42 99 99 99 99 99 99 99  1 99 99  3  2 99
A92   43 99 99 99 99 99 99 99  1 99 99 99  2 99
A92   44 99 99 99 99 99 99 99  1 99 99 99 99 99
A92   45 99 99 99  2 99 99 99  1 99  3 99 99 99
A92   46 99 99 99 99 99 99 99  1 99  2 99 99  3
A92   47  4 99  3 99 99 99 99  1  2  5 99 99 99
A92   48 99 99 99 99 99 99 99  1 99 99  3  2 99
A92   49 99 99 99 99 99 99 99  1 99  2  3 99 99
A92   50  1 99 99 99 99 99 99  2 99 99  3 99 99
A92   51  1 99 99 99 99 99 99  2 99 99  3 99 99
A92   52 99 99 99 99 99 99 99  4 99  1 99  3  2
A92   53 99 99  1 99 99 99 99  2 99 99  3 99 99
A92   54 99 99  1 99 99 99  2  4 99  3 99 99 99
A92   55 99 99 99 99 99 99 99  3 99 99  2  1 99
A92   56 99 99 99 99 99 99 99  3 99  1  2 99 99
A92   57  1 99 99 99 99 99 99 99 99  2 99  3  4
A92   58  1 99 99 99 99 99 99 99 99  2 99  3  4
A92   59  1 99 99 99 99 99 99 99 99  2 99  3  4
A92   60  1 99 99 99 99 99 99 99 99 99 99 99 99
A92   61  1 99 99 99 99 99 99 99 99 99 99 99 99
A92   62  4 99 99  3 99 99 99 99 99 99  1 99  2
A92   63  2 99 99 99 99 99 99 99 99  3  1 99 99
A92   64  3 99 99 99 99 99 99 99 99  1  2 99 99
A92   65  3 99 99 99 99 99 99 99 99  1  2 99 99
A92   66  3 99 99 99 99 99 99 99 99  1  2 99 99
A92   67 99 99 99  1 99 99 99 99 99 99 99 99  2
A92   68 99 99 99  1 99 99 99 99 99 99 99 99  2
A92   69 99 99 99 99 99 99 99 99 99 99 99 99  1
A92   70 99 99 99 99 99 99 99 99 99 99 99 99  1
A92   71 99 99 99 99 99 99 99 99 99 99 99 99  1
A92   72 99 99 99 99 99 99 99 99 99 99 99 99  1
A92   73 99 99 99 99 99 99 99 99 99 99 99 99  1
A92   74 99 99 99 99 99 99 99 99 99 99 99 99  1
A92   75 99 99  1  4 99 99  2 99 99  3 99 99  5
A92   76 99 99  3  1 99 99 99 99 99  2 99 99 99
A92   77 99 99  1 99 99 99  2 99 99  3 99 99 99
A92   78 99 99  1 99 99 99  2 99 99  3 99 99 99
A92   79 99 99  1 99 99 99 99 99 99 99 99 99 99
A92   80 99 99  3 99 99 99  1 99 99  2 99 99 99
A92   81 99 99 99  1 99 99 99 99 99  2 99 99 99
A92   82 99 99 99  2 99 99 99 99 99  1 99 99 99
A92   83 99 99 99  2 99 99 99 99 99  1 99 99 99
A92   84 99 99 99  3 99 99 99 99 99  4  2  1 99
A92   85 99 99 99  3 99 99 99 99 99  4  2  1 99
A92   86 99 99 99  3 99 99 99 99 99  4  2  1 99
A92   87 99 99 99  1 99 99 99 99 99 99 99 99 99
A92   88 99 99 99  1 99 99 99 99 99 99 99 99 99
A92   89 99 99 99  1 99 99 99 99 99 99 99 99 99
A92   90 99 99 99  1 99 99 99 99 99 99 99 99 99
A92   91  3 99  6  2  1 99 99 99 99 99 99  4  5
A92   92 99 99 99 99  1  2 99 99 99 99 99  3 99
A92   93 99 99 99 99  1 99 99 99 99 99 99 99 99
A92   94  2 99 99 99  1 99 99 99 99 99 99 99 99
A92   95 99 99 99 99  1  3 99 99  2 99 99 99 99
A92   96  8  5  6  7  1  9  2  3  4 12 13 10 11
A92   97 99  2 99  3  1 99 99 99 99 99 99 99 99
A92   98 99 99  3 99  1 99 99  4  2 99 99 99 99
A92   99  2  5 99  3  1 99 99 99  4 99 99 99  6
A92  100  2 99 99 99  1 99 99 99  3 99 99 99 99
A92  101 99 99 99 99  1  3  2 99  6 99  4 99  5
A92  102 99  4 99  5  1 99 99 99 99 99 99  3  2
A92  103 99 99 99 99  1 99 99 99 99 99 99  2 99
A92  104 99 99 99  3  1  2 99 99 99 99 99 99 99
A92  105  2 99 99 99  1 99 99  6  5  4  3 99 99
A92  106 99 99  4 99  1 99  3 99  2 99 99 99 99
A92  107 99 99 99  2  1 99 99 99  3 99 99 99 99
A92  108  4 99  2 99  1 99 99 99 99 99 99 99  3
A92  109 99 99 99 99  1 99 99 99  2 99 99  3 99
A92  110 99 99 99 99  1 99 99 99 99 99 99 99 99
A92  111 99 99  2 99  1 99 99 99 99 99 99 99  3
A92  112 99  5 99  4  1  2 99 99  3 99 99 99 99
A92  113 99  5 99  4  1  2 99 99  3 99 99 99 99
A92  114 99  5 99  4  1  2 99 99  3 99 99 99 99
A92  115  5 99 99  6  1  2 99  3 99  4 99  7  8
A92  116  2 99  4 99  1 99  3 99 99 99 99 99 99
A92  117 99 99  4 99  1 99  3 99  2 99 99 99 99
A92  118  4 99  2 99  1 99 99 99 99 99 99 99  3
A92  119  7  8  9  3  1  4  5  6  2 10 11 13 12
A92  120 99  2  4 99  1 99 99 99 99  3 99 99  5
A92  121  3 99 99  2  1 99 99 99 99 99 99 99 99
A92  122 99 99 99 99  1 99 99 99  2 99 99 99 99
A92  123 99 99 99  2  1  3 99 99  4 99 99 99 99
A92  124 99 99  2  3  1 99 99 99 99 99 99 99 99
A92  125 99 99  2  3  1 99 99 99 99 99 99 99 99
A92  126 99 99 99 99  1 99 99 99 99 99 99 99 99
A92  127 99 99 99 99  1 99 99 99 99 99 99 99 99
A92  128 99 99 99 99  1 99 99 99 99 99 99 99 99
A92  129 99 99 99 99  1 99 99 99 99 99 99 99 99
A92  130 99 99 99 99  1 99 99 99 99 99 99 99 99
A92  131 99 99 99 99  1 99 99 99 99 99 99 99 99
A92  132 99 99 99 99  1 99 99 99 99 99 99 99 99
A92  133 99 99 99 99  1 99 99 99 99 99 99 99 99
A92  134 99 99 99 99  1 99 99 99 99 99 99 99 99
A92  135 99 99 99 99  1 99 99 99 99 99 99 99 99
A92  136 99 99 99 99  1 99 99 99 99 99 99 99 99
A92  137 99 99 99 99  1 99 99 99 99 99 99 99 99
A92  138 99 99 99 99  1 99 99 99 99 99 99 99 99
A92  139  2 13  3 11  1  6 12  7  5 10  9  8  4
A92  140  2 99 99 99  3 99 99  1 99 99 99 99 99
A92  141  5 99  1 99  4 99 99  3 99 99 99 99  2
A92  142 99 99  1 99  4 99 99  2 99 99 99  3 99
A92  143  4 99 99 99  3 99 99  2 99  1 99 99 99
A92  144  4 13  5 11  3 10  9  7  6 12  2 99  1
A92  145  1 99 99 99  2 99 99 99 99 99  3 99 99
A92  146  1 99 99 99  2 99 99 99 99 99  3 99 99
A92  147  1 13 12  7  2  9 11  8  6 10  3  4  5
A92  148  1 99 99 99  2 99 99 99  3 99 99 99 99
A92  149  1 99 99 99  2 99 99 99 99 99  3 99 99
A92  150  1 99  2 99  3 99 99 99 99 99 99 99 99
A92  151  1 99  2 99  3 99 99 99 99 99 99 99 99
A92  152  2 99  3 99  4 99 99 99 99 99 99 99  1
A92  153  2  8 10  3  4 11 12 13  9  6  5  7  1
A92  154  2 99 99 99  3  4 99 99 99  5 99 99  1
A92  155  6 99 99 99  3 99 99  5  4 99  2 99  1
A92  156 99 99 99 99  2 99  3 99 99  4 99 99  1
A92  157 99 99 99  3  2 99 99 99 99  4 99 99  1
A92  158 99 99 99  3  2 99 99 99 99  4 99 99  1
A92  159  5 99  6 99  2  3  7 99  4 99 99 99  1
A92  160 99 99  4 99  3 99 99 99 99  5  1  6  2
A92  161 99 99  1  3  2 99 99 99  5 99 99 99  4
A92  162 99 99  1 99  2 99  3 99 99  4 99  5 99
A92  163 99 99  1 99  2  3 99 99 99 99 99 99 99
A92  164 99 99  1  4  3 99 99 99 99  2 99 99 99
A92  165 99 99  3 99  4 99 99  5 99  1  2 99 99
A92  166 99 99  2  5  4 99 99 99 99  3  1 99 99
A92  167 99 99 99  3  2 99 99 99 99  1 99 99 99
A92  168 99 99 99  3  2 99 99 99 99  1 99 99 99
A92  169 99 99 99 99  2 99 99 99  3 99  1 99 99
A92  170 99 99 99 99  2 99 99  3 99 99  1 99 99
A92  171  3  6  7  5  2 11  4 12 13 10  1  9  8
A92  172 99  4  5  1  3 99  6 99 99  7 99  2 99
A92  173 99 99 99  1  2  3 99 99  4 99 99 99  5
A92  174 99 99 99  1  2  3 99 99  4 99 99 99  5
A92  175  6 99  3  1  2  4 99 99 99  5 99 99 99
A92  176  3 99 99  1  2 99 99 99 99 99 99 99 99
A92  177 99 99 99  1  2 99 99 99 99 99 99 99  3
A92  178 99 99  3  1  2 99 99 99 99 99 99 99 99
A92  179  8  9  4  1  2  5  6  7 11 10 12 13  3
A92  180 99 99 99  1  2  3 99 99  4 99 99 99  5
A92  181 99 99 99  1  3 99  2 99  4 99 99 99 99
A92  182 99 99  2  1  3 99 99 99 99  4  5 99  6
A92  183  3 99  4  1  5 99 99 99  6  2 99 99 99
A92  184  3 99  4  1  5 99 99 99  6  2 99 99 99
A92  185  3 99  4  1  5 99 99 99  6  2 99 99 99
A92  186 99 99 99  1  3 99 99  2 99 99 99 99 99
A92  187 99 99 99  1  5 99 99  4 99  3 99 99  2
A92  188 99 99 99  1  5 99 99  4 99  3 99 99  2
A92  189 99 99 99  1  3 99 99  2 99 99 99 99 99
A92  190 99 99 99 99 99 99 99  2  1 99 99  3 99
A92  191 99 99  2  4  3  5 99 99  1 99 99 99 99
A92  192 99  3 99 99 99 99 99 99  1 99 99 99  2
A92  193 99 99  2 99 99 99 99 99  1 99  3 99 99
A92  194 99 99  3  4 99 99  2 99  1 99 99 99 99
A92  195 99 99 99 99 99 99  2 99  1 99 99 99 99
A92  196 99 99 99 99  3 99 99  2  1 99 99 99 99
A92  197 99  3 99  2 99 99 99 99  1 99 99 99 99
A92  198  3 99 99  2  4 99 99 99  1 99 99 99 99
A92  199 99  4 99  2  5  3 99 99  1 99 99 99 99
A92  200 99  4 99  2  5  3 99 99  1 99 99 99 99
A92  201 99 99 99 99 99 99 99 99  1 99 99 99 99
A92  202 99 99 99 99 99 99 99 99  1 99 99 99 99
A92  203 11 13 12  6  5  4  8  7  1 10  2  9  3
A92  204 99  2 99 99 99 99 99 99  1 99 99 99  3
A92  205 99 99 99 99  3 99 99  2  1 99 99 99 99
A92  206 99 99 99 99 99 99 99 99  1 99  2 99  3
A92  207  2 99 99 99 99 99 99  3  1 99 99 99 99
A92  208 99 99  3 99  2 99 99 99  1 99 99 99 99
A92  209 99 99 99  3  2 99 99 99  1 99 99 99 99
A92  210  3  4  6  2 99 99  5  7  1 99 99 99 99
A92  211  2 99 99 99 99 99 99  3  1 99 99 99 99
A92  212 99 99  3  2 99 99 99 99  1 99 99 99 99
A92  213 99 99 99 99  3  4 99 99  1 99  2 99 99
A92  214  2  5 99  6 99  4 99 99  1 99  7 99  3
A92  215  3  5 99  6 99  4 99 99  1 99  7 99  2
A92  216 99 99  2 99  3  4 99 99  1 99 99 99 99
A92  217 99 99 99  4  2  3 99 99  1  5 99 99  6
A92  218  5  7  6  3  8  9 10 11  1  4  2 12 13
A92  219 99 99  3  2 99 99 99 99  1 99 99 99 99
A92  220 99 99  5  2 99  6 99  4  1  8  7  3 99
A92  221  2 99 99 99 99 99 99  3  1 99 99 99 99
A92  222  4 13 10  9  7  8 11  3  1  6  2  5 12
A92  223 99 99  3 99  2 99 99 99  1 99 99 99 99
A92  224 99  5 99  3 99  4 99  2  1 99 99 99 99
A92  225  2 99 99 99  4 99 99  3  1 99 99 99  5
A92  226  3 99 99 99 99 99 99  2  1 99 99 99 99
A92  227 99  4 99 99 99  2 99 99  1 99 99 99  3
A92  228  9 13 12 10  7  8  6  5  1 11  3  2  4
A92  229 99 99 99 99 99 99  5  4  1 99  3 99  2
A92  230  3 99  2 99 99 99  4 99  1 99 99 99 99
A92  231  9 10 11  2  4  6  5 13  1  7  8 12  3
A92  232  3  4 99 99 99 99 99 99  1  2 99 99 99
A92  233  7  8  6  5  9 13 11 10  1 12  2  3  4
A92  234 99 99  3 99 99 99 99 99  1 99 99 99  2
A92  235 99 99 99 99 99  3 99 99  1 99  2 99 99
A92  236 99 99 99 99 99 99 99  1  2 99  3 99  4
A92  237 99 99 99 99 99 99 99  1  3 99  2 99 99
A92  238  1 99 99  4 99  5 99 99  2 99 99 99  3
A92  239  1  4 99 99 99 99 99 99  2  3 99 99 99
A92  240  1  5  2 99 99 99  4 99  3 99 99 99 99
A92  241  1 99 99 99 99 99 99 99  2  5  6  4  3
A92  242  1 99 99 99 99 99 99 99  2 99 99 99  3
A92  243  1 99 99 99 99 99 99 99  2 99 99 99  3
A92  244  1 99 99 99 99 99 99 99  2 99 99 99  3
A92  245  1 99 99 99 99 99 99 99  2 99 99 99  3
A92  246  1 99 99 99 99 99 99 99  2 99 99  3 99
A92  247  1 99 99 99 99 99 99 99  2 99  3 99 99
A92  248  1 99 99 99  5 99 99  3  2 99  4 99 99
A92  249  1 99 99 99 99 99 99 99  2 99 99 99 99
A92  250  1 99 99 99 99 99 99  5  4 99  2  3 99
A92  251  1  5  2 99 99 99  4 99  3 99 99 99 99
A92  252  1 99 99 99 99 99 99 99  2 99  3 99 99
A92  253  2 99  1 99  4 99  5  7  3  6 99 99 99
A92  254  5 99  3  2 99  6 99 99  4 99 99 99  1
A92  255 99 99 99 99  3 99 99 99  2 99 99 99  1
A92  256 99 99 99 99 99  3 99 99  2 99 99 99  1
A92  257  3 99 99 99 99 99 99 99  2 99 99 99  1
A92  258 99 99 99  3 99 99 99 99  2 99 99 99  1
A92  259  3 99 99 99 99 99 99 99  2 99 99 99  1
A92  260  6 99  1  7 99 99 99 99  5  8  3  4  2
A92  261  4 99 99  3 99 99 99  5  2  1  6 99 99
A92  262 99 99 99 99 99 99 99 99  2  1 99 99 99
A92  263 99  4 99  2 99 99  1 99  3 99 99 99 99
A92  264 99  4 99  2 99 99  1 99  3 99 99 99 99
A92  265 99  4 99  2 99 99  1 99  3 99 99 99 99
A92  266 99  4 99  2 99 99  1 99  3 99 99 99 99
A92  267 99  4 99  2 99 99  1 99  3 99 99 99 99
A92  268 99 99 99 99 99 99 99 99  2 99  1 99 99
A92  269 99 99 99 99 99 99 99 99  2 99  1 99 99
A92  270 99 99  3 99 99 99 99 99  2 99  1 99 99
A92  271  4 99  3 99 99 99 99 99  2 99 99  1 99
A92  272 99 99 99  1  4  5 99 99  2 99  6 99  3
A92  273 99  3 99  1 99  4  5 99  2 99 99 99 99
A92  274 99 99 99  1  3 99 99 99  2 99 99 99 99
A92  275 99 99 99  1 99 99 99 99  2  3 99 99 99
A92  276 99  3 99  1 99 99 99 99  2 99 99 99 99
A92  277 99 99 99  1  3  5 99 99  2 99 99 99  4
A92  278 99 99 99  1  3 99 99 99  2 99 99 99 99
A92  279 99  3 99  1 99 99 99 99  2 99 99 99 99
A92  280 99 99 99  1  3 99 99 99  2 99 99 99 99
A92  281 99  3 99  1 99 99 99 99  2 99 99 99 99
A92  282 99  3 99  1 99 99 99 99  2 99 99 99 99
A92  283 99 99 99  1 99  3 99 99  2 99 99 99 99
A92  284 99 99 99  1 99  3 99 99  2 99 99 99 99
A92  285  3 99 99  1 99 99 99 99  2 99 99  4 99
A92  286  3 99 99  1 99 99 99 99  2 99 99  4 99
A92  287  3 99 99  1 99 99 99 99  2 99 99  4 99
A92  288  3 99 99  1 99 99 99 99  2 99 99  4 99
A92  289  3 99 99  1 99 99 99 99  2 99 99  4 99
A92  290  3 99 99  1 99 99 99 99  2 99 99  4 99
A92  291 99 99 99  1 99  4 99 99  2 99 99 99  3
A92  292 99  3 99  1 99 99 99 99  2 99 99 99 99
A92  293 99 99 99  1  3 99 99 99  2 99 99 99 99
A92  294  3 99  1 99 99 99 99 99  2 99 99  4 99
A92  295 99 99 99  1 99 99 99 99  2 99 99 99 99
A92  296  3 99 99  1 99 99 99 99  2 99 99  4 99
A92  297  3 99 99  1 99 99 99 99  2 99 99  4 99
A92  298  3 99 99  1 99 99 99 99  2 99 99  4 99
A92  299  3 99 99  1 99 99 99 99  2 99 99  4 99
A92  300  3 99 99  1 99 99 99 99  2 99 99  4 99
A92  301  3 99 99  1 99 99 99 99  2 99 99  4 99
A92  302  3 99 99  1 99 99 99 99  2 99 99  4 99
A92  303  3 99 99  1 99 99 99 99  2 99 99  4 99
A92  304  3 99 99  1 99 99 99 99  2 99 99  4 99
A92  305  3 99 99  1 99 99 99 99  2 99 99  4 99
A92  306  3 99 99  1 99 99 99 99  2 99 99  4 99
A92  307  3 99 99  1 99 99 99 99  2 99 99  4 99
A92  308  3 99 99  1 99 99 99 99  2 99 99  4 99
A92  309  3 99 99  1 99 99 99 99  2 99 99  4 99
A92  310  3 99 99  1 99 99 99 99  2 99 99  4 99
A92  311  3 99 99  1 99 99 99 99  2 99 99  4 99
A92  312  3 99 99  1 99 99 99 99  2 99 99  4 99
A92  313  3 99 99  1 99 99 99 99  2 99 99  4 99
A92  314  3 99 99  1 99 99 99 99  2 99 99  4 99
A92  315  3 99 99  1 99 99 99 99  2 99 99  4 99
A92  316  3 99 99  1 99 99 99 99  2 99 99 99  4
A92  317  3 99 99  1 99 99 99 99  2 99 99  4 99
A92  318  3 99 99  1 99 99 99 99  2 99 99  4 99
A92  319  3 99 99  1 99 99 99 99  2 99 99  4 99
A92  320  3 99 99  1 99 99 99 99  2 99 99  4 99
A92  321  3 99 99  1 99 99 99 99  2 99 99  4 99
A92  322  3 99 99  1 99 99 99 99  2 99 99  4 99
A92  323  3 99 99  1 99 99 99 99  2 99 99  4 99
A92  324  3 99 99  1 99 99 99 99  2 99 99  4 99
A92  325  3 99 99  1 99 99 99 99  2 99 99  4 99
A92  326  3 99 99  1 99 99 99 99  2 99 99  4 99
A92  327  3 99 99  1 99 99 99 99  2 99 99  4 99
A92  328  3 99 99  1 99 99 99 99  2 99 99  4 99
A92  329  3 99 99  1 99 99 99 99  2 99 99  4 99
A92  330  3 99 99  1 99 99 99 99  2 99 99  4 99
A92  331  3 99 99  1 99 99 99 99  2 99 99  4 99
A92  332  3 99 99  1 99 99 99 99  2 99 99  4 99
A92  333  3 99 99  1 99 99 99 99  2 99 99  4 99
A92  334  3 99 99  1 99 99 99 99  2 99 99  4 99
A92  335  3 99 99  1 99 99 99 99  2 99 99  4 99
A92  336  3 99 99  1 99 99 99 99  2 99 99  4 99
A92  337  3 99 99  1 99 99 99 99  2 99 99  4 99
A92  338  3 99 99  1 99 99 99 99  2 99 99  4 99
A92  339  3 99 99  1 99 99 99 99  2 99 99  4 99
A92  340  3 99 99  1 99 99 99 99  2 99 99  4 99
A92  341  3 99 99  1 99 99 99 99  2 99 99  4 99
A92  342  3 99 99  1 99 99 99 99  2 99 99  4 99
A92  343  3 99 99  1 99 99 99 99  2 99 99  4 99
A92  344  3 99 99  1 99 99 99 99  2 99 99  4 99
A92  345  3 99 99  1 99 99 99 99  2 99 99  4 99
A92  346  3 99 99  1 99 99 99 99  2 99 99  4 99
A92  347  3 99 99  1 99 99 99 99  2 99 99  4 99
A92  348  3 99 99  1 99 99 99 99  2 99 99  4 99
A92  349  3 99 99  1 99 99 99 99  2 99 99  4 99
A92  350  3 99 99  1 99 99 99 99  2 99 99  4 99
A92  351 99 99 99  1 99 99 99 99  3  2 99 99 99
A92  352 99 99 99  1 99 99 99 99  3  2 99 99 99
A92  353 99 99 99  1 99 99 99 99  3  2 99 99 99
A92  354 99 99 99  1 99 99  3 99  4  2 99 99 99
A92  355 99 99 99  3 99  1 99  2 99 99 99 99 99
A92  356 99 99 99 99 99  1 99 99 99 99 99 99 99
A92  357 99  4 99  3 99  1 99 99 99 99 99  2 99
A92  358  4  9 10  8 11  1  2  7  3  6 12 13  5
A92  359  8 13  4  9  5  1 12  6  2  3 10 11  7
A92  360  2 99 99  3 99  1 99 99 99  4 99 99 99
A92  361 99 99 99 99 99  1 99 99 99 99 99  2 99
A92  362 99 99 99  2 99  1 99 99 99  3 99 99 99
A92  363 99 99 99  2 99  1 99 99 99  3 99 99 99
A92  364 99 99 99 99 99  1 99  2 99  3  4  5  6
A92  365 99 99 99 99  2  1 99  3 99 99 99 99 99
A92  366 99 99 99 99 99  1 99 99 99 99  2 99 99
A92  367 99 99 99 99 99  1 99 99 99 99 99 99 99
A92  368 99 99 99 99  2  1 99  3 99 99 99 99 99
A92  369 99 99 99  2  3  1 99 99 99 99 99 99 99
A92  370 99  2 99 99 99  1  3  4 99 99 99 99 99
A92  371 99 99 99 99 99  1 99 99 99 99 99 99 99
A92  372 99 99 99 99 99  1 99 99 99 99 99 99 99
A92  373 99 99 99  3 99  1 99 99 99 99 99 99  2
A92  374 99 99 99  2 99  1 99  3 99 99 99 99 99
A92  375 99 99 99 99 99  1  2 99 99  3 99 99 99
A92  376 99 99 99  2 99  1 99  3 99 99 99 99 99
A92  377 13  7  6  4  8  1  5  9 12  2 11 10  3
A92  378 99 99 99  2 99  1 99 99 99 99 99 99 99
A92  379 99 99 99 99 99  1 99 99 99 99 99 99 99
A92  380 99 99 99 99 99  1 99 99 99 99 99 99 99
A92  381 99 99 99  2 99  1 99 99 99 99  3 99 99
A92  382 99 99 99  2 99  1 99 99 99 99 99 99 99
A92  383 99 99 99 99  2  1 99  4 99  3 99 99 99
A92  384 99 99 99 99 99  1 99 99 99 99 99 99 99
A92  385 99 99 99  4 99  1 99 99  2 99 99 99  3
A92  386 99 99 99 99 99  1 99  2 99 99 99 99 99
A92  387 99 99 99  4 99  1 99 99  2 99 99 99  3
A92  388 99 99 99 99 99  1 99 99 99  2 99 99  3
A92  389 99 99 99  2  3  1 99 99 99 99 99 99 99
A92  390 99 99 99 99 99  1 99  2 99  3 99 99  4
A92  391 99 99 99 99 99  1 99 99 99 99 99 99 99
A92  392 99 99 99  2 99  1 99 99  3 99 99 99 99
A92  393 99 99 99 99 99  1 99 99 99 99 99 99 99
A92  394 99  3 99 99 99  1 99 99 99 99 99  2 99
A92  395 99 99 99 99 99  1 99 99 99 99 99 99 99
A92  396 99  2 99 99  4  1 99 99  3 99 99 99 99
A92  397 99 99 99  2 99  1 99 99  3 99 99 99 99
A92  398 99  3 99 99 99 99  1 99 99  2 99 99 99
A92  399 99 99 99 99 99  1 99 99 99 99 99 99 99
A92  400 99 99 99 99  3  1 99 99  4  2 99 99 99
A92  401 99 99 99 99 99  1 99 99 99 99 99 99 99
A92  402 99  3 99  2  5  1  4 99  6  7 99 99 99
A92  403 99 99 99  2 99  1 99 99 99 99 99 99  3
A92  404 99 99 99 99 99  1 99 99 99 99 99 99 99
A92  405 99 99 99 99 99  1 99 99 99 99 99 99 99
A92  406 99 99 99 99 99  1 99 99 99 99 99 99 99
A92  407 99 99 99 99 99  1 99 99 99 99 99 99 99
A92  408 99 99 99 99 99  1 99 99 99 99 99 99 99
A92  409 99 99 99 99 99  1 99 99 99  2 99  3 99
A92  410 99 99 99 99 99  1 99  2 99  3 99 99 99
A92  411  2 99 99 99 99  1 99 99 99 99 99 99 99
A92  412 99  3 99  2 99  1 99 99 99 99 99 99 99
A92  413 99 99 99 99 99  1 99 99 99 99 99  2 99
A92  414 99  2 99 99  4  1 99 99  3 99 99 99 99
A92  415 99 99 99  3 99  1  4 99 99 99 99 99  2
A92  416 99 99 99 99 99  1 99  2 99 99 99 99 99
A92  417 99 99 99  2 99  1 99 99 99 99 99 99  3
A92  418 99 99 99 99 99  1 99  2 99 99 99 99 99
A92  419 99 99 99 99 99  1 99 99 99 99 99 99 99
A92  420 99 99 99 99 99  1 99 99 99  2 99  3 99
A92  421 99  5 99  2  3  1 99 99 99 99 99 99  4
A92  422 99  5 99  3 99  1  4  2 99 99 99 99 99
A92  423 99 99 99 99 99  1 99 99 99 99 99 99 99
A92  424 99 99 99 99 99  1 99 99 99 99 99 99 99
A92  425 99 99 99 99 99  1 99 99 99 99 99 99 99
A92  426 99 99  4 99 99  1 99  3 99 99 99 99  2
A92  427 99 99  4 99 99  1 99  3 99 99 99 99  2
A92  428 99 99 99 99 99  1 99  2 99 99 99 99 99
A92  429 99 99 99 99 99  1 99 99 99 99 99 99 99
A92  430 99 99 99 99 99  1 99 99 99 99 99 99 99
A92  431 99 99  5 99 99  1 99 99 99 99  4  2  3
A92  432 99 99  5  2 99  1  3 99  4 99 99 99 99
A92  433  2 99 99  3 99  1 99 99 99  4 99 99 99
A92  434 99 99 99  2  3  1 99  4 99 99 99 99 99
A92  435 99  4 99 99  2  1 99 99 99 99 99  3 99
A92  436  2 99 99  3 99  1 99 99 99  4 99 99 99
A92  437 99 99 99 99 99  1 99  2 99 99 99 99 99
A92  438 99 99 99 99 99  2 99  1 99 99 99 99 99
A92  439 99 99 99 99 99  2 99  1 99 99 99 99 99
A92  440 99 99 99 99 99  2 99  1 99 99 99 99 99
A92  441 99 99 99 99 99  2 99  1 99 99 99 99 99
A92  442 99 99 99 99 99  2 99  1 99 99 99 99 99
A92  443 13 12 11  3  6  4  7  1  8  9  2  5 10
A92  444 99 99 99 99 99  2 99  1 99 99 99 99 99
A92  445 99 99 99 99 99  2 99  1 99 99 99 99 99
A92  446 99 99 99 99 99  2 99  1 99 99 99 99 99
A92  447 99 99 99 99 99  2 99  1 99 99 99 99 99
A92  448 99 99  3 99 99  2 99  1 99 99 99 99 99
A92  449 99 99 99 99 99  2 99  1 99 99 99 99 99
A92  450 99 99 99 99 99  2 99  1 99 99 99 99 99
A92  451 99 99 99 99 99  2 99  1 99 99 99 99 99
A92  452 99 99  3 99 99  2 99  1 99 99 99 99 99
A92  453 99 99 99 99 99  2 99  1 99 99 99 99 99
A92  454 99 99 99 99 99  2 99  1 99 99 99 99 99
A92  455 99 99 99 99 99  2 99  1 99 99 99 99 99
A92  456 11 12 13  3  5  4 10  1  9  6  2  7  8
A92  457  6 10  1  7 11  8 13  3 12  5  2  9  4
A92  458 99 99 99 99 99  3 99  2  4 99  5  1 99
A92  459  1 99 99 99 99  2 99 99  3 99 99 99 99
A92  460  3 99  5  4 99  2 99 99  6 99 99 99  1
A92  461 99 99 99 99 99  3  2 99 99 99 99 99  1
A92  462  9 13  3  2 11  4 12  8 10  5  6  7  1
A92  463 99 99 99  4 99  3 99 99 99  1 99 99  2
A92  464 99 99  1 99 99  2 99 99 99  3 99 99 99
A92  465  4 99  1  3 99  2 99 99 99 99  5 99 99
A92  466 99 99  1  3 99  4 99 99 99  2  6  5 99
A92  467  7 13  1 12  4  3 11 10  9  8  2  5  6
A92  468  7 13  1 12  4  3 11 10  9  8  2  5  6
A92  469  7 13  1 12  4  3 11 10  9  8  2  5  6
A92  470 99 99  2 99 99  3 99 99 99  1 99 99 99
A92  471 99  6  5 99 99  2  3  4 99  1 99 99  7
A92  472  4 13  5 10  7  2  3 11  6  1  8  9 12
A92  473 99 99 99 99 99  2 99 99 99 99 99  1 99
A92  474 99 99 99 99 99  2 99 99 99 99 99  1 99
A92  475 99 99 99 99 99  2 99 99 99 99 99  1 99
A92  476 99 99 99  1 99  2 99 99 99 99 99 99 99
A92  477  5 99  3  1  6  2 99 99 99 99 99 99  4
A92  478 99 99 99  1 99  2 99 99 99 99 99 99 99
A92  479  4 99 99  1 99  2 99 99  3 99 99 99 99
A92  480 99 99 99  1 99  2 99 99 99 99  3 99 99
A92  481 99 99 99  1 99  2 99 99 99 99  3 99 99
A92  482 99  3 99  1 99  2 99 99 99 99 99 99 99
A92  483 99 99 99  1 99  2 99 99 99 99  3 99 99
A92  484 99 99 99  1 99  2 99 99 99 99  3 99 99
A92  485 99 99 99  1 99  2 99 99 99 99  3 99 99
A92  486 99 99 99  1 99  2 99  3 99 99 99 99 99
A92  487 99 99 99  1 99  2 99 99 99 99  3 99 99
A92  488 99 99  5  1 99  4  2 99 99  3 99 99 99
A92  489  5 99  2  1  3 99 99  6 99  4 99 99 99
A92  490 99  6  2  1 99  3  5 99 99  4 99 99  7
A92  491 99 99 99  1 99  3 99  2 99 99 99 99 99
A92  492  7  9  4  1 11  8 13  5 10  6  2  3 12
A92  493 99  3 99  1  4 99  2 99 99 99 99  5 99
A92  494 99  1 99 99  2  4  3 99 99 99 99 99 99
A92  495 99  1 99  2  3 99  5 99 99 99 99 99  4
A92  496 12  1 13  2  4 11  3 10  9  8  6  7  5
A92  497  3  2 99  6  4 99  5 99 99  7 99 99  1
A92  498 10  4  3  1 12 13  2  5 11  6  9  8  7
A92  499 10  4  3  1 12 13  2  5 11  6  9  8  7
A92  500 99  1 99  4 99 99 99  3  2  5  6 99 99
A92  501 99  1 99  3 99 99 99 99  2 99 99 99 99
A92  502 99  1 99 99  3 99 99 99  2 99 99 99  5
A92  503 99  1 99  3 99 99 99 99  2 99 99 99 99
A92  504 99  1 99  3 99 99 99 99  2 99 99 99 99
A92  505 99  1 99  3 99 99 99 99  2 99 99 99 99
A92  506 99  1 99  2 99 99 99 99  3 99 99 99  4
A92  507 99  1 99  2 99 99 99 99  3 99 99 99  4
A92  508  4  1  2  5  6 99 99 99  3 99 99 99 99
A92  509 99  1  6  4  5 99  2 99  3 99 99 99 99
A92  510 99  1  6  4  5 99  2 99  3 99 99 99 99
A92  511  7  1  8  2  8 10  3  4  5  6  9 11 12
A92  512  1  2 99 99 99 99 99 99  3  4 99 99 99
A92  513  8  2  1  6 13  5  4 10  3  9 11 12  7
A92  514 99  2 99  3 99 99  1 99  4  5 99 99 99
A92  515 99  2 99 99 99 99  1 99  3 99 99 99 99
A92  516 99  2 99  3 99 99  1 99  4  5 99 99 99
A92  517 99  2 99  3 99 99  1 99  4  5 99 99 99
A92  518 99  2 99  3 99 99  1 99  4  5 99 99 99
A92  519  5  3  6  2  4 13  1 12  7  8  9 10 11
A92  520 99  2 99  1 99  4  5 99 99 99 99  3 99
A92  521  7  2  5  1  6  3  8 99  4  9 10 11 12
A92  522 99  2 99  1 99  3 99 99 99 99  4 99 99
A92  523 99  1 99 99 99  2 99 99 99 99 99 99 99
A92  524 99  1 99  4  6  3  2 99 99 99 99 99  5
A92  525 99  1 99 99 99  3  4 99 99 99 99 99  2
A92  526 99  1 99  2 99  4 99 99 99 99 99 99  3
A92  527 99  1 99  2 99  4 99 99 99 99  3 99 99
A92  528 99  1  2 99 99  3  4 99 99 99 99 99 99
A92  529 99  1 99  2 99  4 99 99 99 99 99 99  3
A92  530 99  1 99 99 99  2 99 99 99 99 99 99 99
A92  531 99  1 99  2 99  3 99 99 99 99 99 99 99
A92  532 99  1 99  2 99  4  3 99  5 99 99 99 99
A92  533  1  2  8 10 11  3  4  9  5 12 13  7  6
A92  534 99  3  7  5 99  4  8  6 99  2 99  9  1
A92  535 99 99 99  1  2 99 99 99 99 99 99 99  3
A92  536 99 99 99  1 99 99 99 99  2  3 99 99 99
A92  537 99  1 99  1 99  1 99 99 99 99 99 99 99
A92  538 99 99 99  1 99 99 99 99 99  1 99 99  1
A92  539 99 99 99 99 99 99  1 99 99  1 99 99  1
A92  540 99 99 99 99  1 99 99 99 99 99  2  3 99
